id,recorded,start,end,value
12042,1767225836,1767225836,1767225967,"{""inverter"": 1, ""source"": ""workstation1_log"", ""device"": ""workstation1"", ""task_type"": ""compilation, CPU load"", ""cpu_cores_active"": ""4"", ""library"": ""boost/xpressive"", ""task_files"": 70, ""llm_estimated_task_effort"": ""high"", ""textual_description"": ""The testsuite for boost/xpressive is being compiled and run."", ""command"": ""b2 --j 4 test"", ""directory"": "".../boost/libs/xpressive""}"
11885,1767225943,1767225943,1767226281,"{""inverter"": 1, ""source"": ""workstation2_log"", ""device"": ""workstation2"", ""task_type"": ""CNN fitting, GPU load"", ""model"": ""vgg11"", ""optim"": ""adam"", ""dataset"": ""CIFAR10"", ""batch_size"": 128, ""epochs"": 2, ""model_params"": 132863336, ""llm_estimated_task_effort"": ""low"", ""textual_description"": ""The model vgg11 is fitted on CIFAR10 using adam for 2 epochs with bs=128.""}"
12043,1767226171,1767226171,1767226243,"{""inverter"": 1, ""source"": ""workstation1_log"", ""device"": ""workstation1"", ""task_type"": ""compilation, CPU load"", ""cpu_cores_active"": ""8"", ""library"": ""boost/scope"", ""task_files"": 27, ""llm_estimated_task_effort"": ""low"", ""textual_description"": ""The testsuite for boost/scope is being compiled and run."", ""command"": ""b2 --j 8 test"", ""directory"": "".../boost/libs/scope""}"
11886,1767226486,1767226486,1767227735,"{""inverter"": 1, ""source"": ""workstation2_log"", ""device"": ""workstation2"", ""task_type"": ""CNN fitting, GPU load"", ""model"": ""swin_v2_s"", ""optim"": ""adam"", ""dataset"": ""CIFAR10"", ""batch_size"": 128, ""epochs"": 2, ""model_params"": 49737442, ""llm_estimated_task_effort"": ""high"", ""textual_description"": ""The model swin_v2_s is fitted on CIFAR10 using adam for 2 epochs with bs=128.""}"
12044,1767226553,1767226553,1767226640,"{""inverter"": 1, ""source"": ""workstation1_log"", ""device"": ""workstation1"", ""task_type"": ""compilation, CPU load"", ""cpu_cores_active"": ""3"", ""library"": ""boost/context"", ""task_files"": 7, ""llm_estimated_task_effort"": ""high"", ""textual_description"": ""The testsuite for boost/context is being compiled and run."", ""command"": ""b2 --j 3 test"", ""directory"": "".../boost/libs/context""}"
12045,1767226600,1767226600,1767226601,"{""inverter"": 1, ""source"": ""workstation2_log"", ""device"": ""workstation2"", ""task_type"": ""compilation, CPU load"", ""cpu_cores_active"": ""5"", ""library"": ""boost/math"", ""task_files"": 2611, ""llm_estimated_task_effort"": ""high"", ""textual_description"": ""The testsuite for boost/math is being compiled and run."", ""command"": ""b2 --j 5 test"", ""directory"": "".../boost/libs/math""}"
12046,1767226730,1767226730,1767226731,"{""inverter"": 1, ""source"": ""workstation2_log"", ""device"": ""workstation2"", ""task_type"": ""compilation, CPU load"", ""cpu_cores_active"": ""6"", ""library"": ""boost/spirit"", ""task_files"": 331, ""llm_estimated_task_effort"": ""high"", ""textual_description"": ""The testsuite for boost/spirit is being compiled and run."", ""command"": ""b2 --j 6 test"", ""directory"": "".../boost/libs/spirit""}"
12047,1767227001,1767227001,1767227081,"{""inverter"": 1, ""source"": ""workstation1_log"", ""device"": ""workstation1"", ""task_type"": ""compilation, CPU load"", ""cpu_cores_active"": ""1"", ""library"": ""boost/crc"", ""task_files"": 10, ""llm_estimated_task_effort"": ""low"", ""textual_description"": ""The testsuite for boost/crc is being compiled and run."", ""command"": ""b2 --j 1 test"", ""directory"": "".../boost/libs/crc""}"
12048,1767227251,1767227251,1767227251,"{""inverter"": 1, ""source"": ""workstation2_log"", ""device"": ""workstation2"", ""task_type"": ""compilation, CPU load"", ""cpu_cores_active"": ""5"", ""library"": ""boost/variant2"", ""task_files"": 76, ""llm_estimated_task_effort"": ""low"", ""textual_description"": ""The testsuite for boost/variant2 is being compiled and run."", ""command"": ""b2 --j 5 test"", ""directory"": "".../boost/libs/variant2""}"
12049,1767227669,1767227669,1767227732,"{""inverter"": 1, ""source"": ""workstation1_log"", ""device"": ""workstation1"", ""task_type"": ""compilation, CPU load"", ""cpu_cores_active"": ""5"", ""library"": ""boost/property_map_parallel"", ""task_files"": 0, ""llm_estimated_task_effort"": ""low"", ""textual_description"": ""The testsuite for boost/property_map_parallel is being compiled and run."", ""command"": ""b2 --j 5 test"", ""directory"": "".../boost/libs/property_map_parallel""}"
12050,1767228537,1767228537,1767228620,"{""inverter"": 1, ""source"": ""workstation1_log"", ""device"": ""workstation1"", ""task_type"": ""compilation, CPU load"", ""cpu_cores_active"": ""6"", ""library"": ""boost/coroutine2"", ""task_files"": 2, ""llm_estimated_task_effort"": ""high"", ""textual_description"": ""The testsuite for boost/coroutine2 is being compiled and run."", ""command"": ""b2 --j 6 test"", ""directory"": "".../boost/libs/coroutine2""}"
12051,1767228882,1767228882,1767229026,"{""inverter"": 1, ""source"": ""workstation1_log"", ""device"": ""workstation1"", ""task_type"": ""compilation, CPU load"", ""cpu_cores_active"": ""8"", ""library"": ""boost/serialization"", ""task_files"": 150, ""llm_estimated_task_effort"": ""high"", ""textual_description"": ""The testsuite for boost/serialization is being compiled and run."", ""command"": ""b2 --j 8 test"", ""directory"": "".../boost/libs/serialization""}"
11887,1767229006,1767229006,1767229343,"{""inverter"": 1, ""source"": ""workstation2_log"", ""device"": ""workstation2"", ""task_type"": ""CNN fitting, GPU load"", ""model"": ""vgg19"", ""optim"": ""sgd"", ""dataset"": ""CIFAR10"", ""batch_size"": 128, ""epochs"": 2, ""model_params"": 143667240, ""llm_estimated_task_effort"": ""medium"", ""textual_description"": ""The model vgg19 is fitted on CIFAR10 using sgd for 2 epochs with bs=128.""}"
12052,1767229015,1767229015,1767229016,"{""inverter"": 1, ""source"": ""workstation2_log"", ""device"": ""workstation2"", ""task_type"": ""compilation, CPU load"", ""cpu_cores_active"": ""1"", ""library"": ""boost/stacktrace"", ""task_files"": 18, ""llm_estimated_task_effort"": ""medium"", ""textual_description"": ""The testsuite for boost/stacktrace is being compiled and run."", ""command"": ""b2 --j 1 test"", ""directory"": "".../boost/libs/stacktrace""}"
12053,1767229507,1767229507,1767229576,"{""inverter"": 1, ""source"": ""workstation1_log"", ""device"": ""workstation1"", ""task_type"": ""compilation, CPU load"", ""cpu_cores_active"": ""10"", ""library"": ""boost/stl_interfaces"", ""task_files"": 18, ""llm_estimated_task_effort"": ""low"", ""textual_description"": ""The testsuite for boost/stl_interfaces is being compiled and run."", ""command"": ""b2 --j 10 test"", ""directory"": "".../boost/libs/stl_interfaces""}"
11888,1767229792,1767229792,1767231037,"{""inverter"": 1, ""source"": ""workstation2_log"", ""device"": ""workstation2"", ""task_type"": ""CNN fitting, GPU load"", ""model"": ""swin_v2_s"", ""optim"": ""adam"", ""dataset"": ""CIFAR10"", ""batch_size"": 128, ""epochs"": 2, ""model_params"": 49737442, ""llm_estimated_task_effort"": ""high"", ""textual_description"": ""The model swin_v2_s is fitted on CIFAR10 using adam for 2 epochs with bs=128.""}"
12054,1767229828,1767229828,1767229829,"{""inverter"": 1, ""source"": ""workstation2_log"", ""device"": ""workstation2"", ""task_type"": ""compilation, CPU load"", ""cpu_cores_active"": ""6"", ""library"": ""boost/cobalt"", ""task_files"": 44, ""llm_estimated_task_effort"": ""medium"", ""textual_description"": ""The testsuite for boost/cobalt is being compiled and run."", ""command"": ""b2 --j 6 test"", ""directory"": "".../boost/libs/cobalt""}"
12055,1767231076,1767231076,1767231170,"{""inverter"": 1, ""source"": ""workstation1_log"", ""device"": ""workstation1"", ""task_type"": ""compilation, CPU load"", ""cpu_cores_active"": ""10"", ""library"": ""boost/safe_numerics"", ""task_files"": 152, ""llm_estimated_task_effort"": ""low"", ""textual_description"": ""The testsuite for boost/safe_numerics is being compiled and run."", ""command"": ""b2 --j 10 test"", ""directory"": "".../boost/libs/safe_numerics""}"
12056,1767231278,1767231278,1767231278,"{""inverter"": 1, ""source"": ""workstation2_log"", ""device"": ""workstation2"", ""task_type"": ""compilation, CPU load"", ""cpu_cores_active"": ""6"", ""library"": ""boost/container_hash"", ""task_files"": 90, ""llm_estimated_task_effort"": ""low"", ""textual_description"": ""The testsuite for boost/container_hash is being compiled and run."", ""command"": ""b2 --j 6 test"", ""directory"": "".../boost/libs/container_hash""}"
12057,1767231525,1767231525,1767231651,"{""inverter"": 1, ""source"": ""workstation1_log"", ""device"": ""workstation1"", ""task_type"": ""compilation, CPU load"", ""cpu_cores_active"": ""4"", ""library"": ""boost/wave"", ""task_files"": 287, ""llm_estimated_task_effort"": ""high"", ""textual_description"": ""The testsuite for boost/wave is being compiled and run."", ""command"": ""b2 --j 4 test"", ""directory"": "".../boost/libs/wave""}"
11889,1767231604,1767231604,1767231941,"{""inverter"": 1, ""source"": ""workstation2_log"", ""device"": ""workstation2"", ""task_type"": ""CNN fitting, GPU load"", ""model"": ""vgg11"", ""optim"": ""adam"", ""dataset"": ""CIFAR10"", ""batch_size"": 128, ""epochs"": 2, ""model_params"": 132863336, ""llm_estimated_task_effort"": ""low"", ""textual_description"": ""The model vgg11 is fitted on CIFAR10 using adam for 2 epochs with bs=128.""}"
12058,1767232148,1767232148,1767232243,"{""inverter"": 1, ""source"": ""workstation1_log"", ""device"": ""workstation1"", ""task_type"": ""compilation, CPU load"", ""cpu_cores_active"": ""3"", ""library"": ""boost/describe"", ""task_files"": 53, ""llm_estimated_task_effort"": ""low"", ""textual_description"": ""The testsuite for boost/describe is being compiled and run."", ""command"": ""b2 --j 3 test"", ""directory"": "".../boost/libs/describe""}"
12059,1767232889,1767232889,1767233033,"{""inverter"": 1, ""source"": ""workstation1_log"", ""device"": ""workstation1"", ""task_type"": ""compilation, CPU load"", ""cpu_cores_active"": ""2"", ""library"": ""boost/type_erasure"", ""task_files"": 61, ""llm_estimated_task_effort"": ""low"", ""textual_description"": ""The testsuite for boost/type_erasure is being compiled and run."", ""command"": ""b2 --j 2 test"", ""directory"": "".../boost/libs/type_erasure""}"
12060,1767233454,1767233454,1767233543,"{""inverter"": 1, ""source"": ""workstation1_log"", ""device"": ""workstation1"", ""task_type"": ""compilation, CPU load"", ""cpu_cores_active"": ""5"", ""library"": ""boost/outcome"", ""task_files"": 55, ""llm_estimated_task_effort"": ""low"", ""textual_description"": ""The testsuite for boost/outcome is being compiled and run."", ""command"": ""b2 --j 5 test"", ""directory"": "".../boost/libs/outcome""}"
12061,1767233738,1767233738,1767233739,"{""inverter"": 1, ""source"": ""workstation2_log"", ""device"": ""workstation2"", ""task_type"": ""compilation, CPU load"", ""cpu_cores_active"": ""8"", ""library"": ""boost/charconv"", ""task_files"": 44, ""llm_estimated_task_effort"": ""low"", ""textual_description"": ""The testsuite for boost/charconv is being compiled and run."", ""command"": ""b2 --j 8 test"", ""directory"": "".../boost/libs/charconv""}"
12062,1767234512,1767234512,1767234615,"{""inverter"": 1, ""source"": ""workstation1_log"", ""device"": ""workstation1"", ""task_type"": ""compilation, CPU load"", ""cpu_cores_active"": ""3"", ""library"": ""boost/outcome"", ""task_files"": 55, ""llm_estimated_task_effort"": ""low"", ""textual_description"": ""The testsuite for boost/outcome is being compiled and run."", ""command"": ""b2 --j 3 test"", ""directory"": "".../boost/libs/outcome""}"
12063,1767234566,1767234566,1767234567,"{""inverter"": 1, ""source"": ""workstation2_log"", ""device"": ""workstation2"", ""task_type"": ""compilation, CPU load"", ""cpu_cores_active"": ""8"", ""library"": ""boost/utility"", ""task_files"": 30, ""llm_estimated_task_effort"": ""low"", ""textual_description"": ""The testsuite for boost/utility is being compiled and run."", ""command"": ""b2 --j 8 test"", ""directory"": "".../boost/libs/utility""}"
11890,1767234587,1767234587,1767234931,"{""inverter"": 1, ""source"": ""workstation2_log"", ""device"": ""workstation2"", ""task_type"": ""CNN fitting, GPU load"", ""model"": ""vgg11"", ""optim"": ""sgd"", ""dataset"": ""CIFAR10"", ""batch_size"": 128, ""epochs"": 2, ""model_params"": 132863336, ""llm_estimated_task_effort"": ""low"", ""textual_description"": ""The model vgg11 is fitted on CIFAR10 using sgd for 2 epochs with bs=128.""}"
12064,1767234989,1767234989,1767234989,"{""inverter"": 1, ""source"": ""workstation2_log"", ""device"": ""workstation2"", ""task_type"": ""compilation, CPU load"", ""cpu_cores_active"": ""7"", ""library"": ""boost/headers"", ""task_files"": 0, ""llm_estimated_task_effort"": ""low"", ""textual_description"": ""The testsuite for boost/headers is being compiled and run."", ""command"": ""b2 --j 7 test"", ""directory"": "".../boost/libs/headers""}"
12065,1767235041,1767235041,1767235041,"{""inverter"": 1, ""source"": ""workstation2_log"", ""device"": ""workstation2"", ""task_type"": ""compilation, CPU load"", ""cpu_cores_active"": ""7"", ""library"": ""boost/variant"", ""task_files"": 37, ""llm_estimated_task_effort"": ""low"", ""textual_description"": ""The testsuite for boost/variant is being compiled and run."", ""command"": ""b2 --j 7 test"", ""directory"": "".../boost/libs/variant""}"
12066,1767235221,1767235221,1767235222,"{""inverter"": 1, ""source"": ""workstation2_log"", ""device"": ""workstation2"", ""task_type"": ""compilation, CPU load"", ""cpu_cores_active"": ""1"", ""library"": ""boost/parameter_python"", ""task_files"": 3, ""llm_estimated_task_effort"": ""low"", ""textual_description"": ""The testsuite for boost/parameter_python is being compiled and run."", ""command"": ""b2 --j 1 test"", ""directory"": "".../boost/libs/parameter_python""}"
12067,1767235558,1767235558,1767235653,"{""inverter"": 1, ""source"": ""workstation1_log"", ""device"": ""workstation1"", ""task_type"": ""compilation, CPU load"", ""cpu_cores_active"": ""6"", ""library"": ""boost/type_erasure"", ""task_files"": 61, ""llm_estimated_task_effort"": ""low"", ""textual_description"": ""The testsuite for boost/type_erasure is being compiled and run."", ""command"": ""b2 --j 6 test"", ""directory"": "".../boost/libs/type_erasure""}"
11891,1767236013,1767236013,1767236455,"{""inverter"": 1, ""source"": ""workstation2_log"", ""device"": ""workstation2"", ""task_type"": ""CNN fitting, GPU load"", ""model"": ""wide_resnet50_2"", ""optim"": ""sgd"", ""dataset"": ""CIFAR10"", ""batch_size"": 128, ""epochs"": 2, ""model_params"": 68883240, ""llm_estimated_task_effort"": ""high"", ""textual_description"": ""The model wide_resnet50_2 is fitted on CIFAR10 using sgd for 2 epochs with bs=128.""}"
12068,1767236241,1767236241,1767236310,"{""inverter"": 1, ""source"": ""workstation1_log"", ""device"": ""workstation1"", ""task_type"": ""compilation, CPU load"", ""cpu_cores_active"": ""1"", ""library"": ""boost/functional"", ""task_files"": 2, ""llm_estimated_task_effort"": ""low"", ""textual_description"": ""The testsuite for boost/functional is being compiled and run."", ""command"": ""b2 --j 1 test"", ""directory"": "".../boost/libs/functional""}"
12069,1767236455,1767236455,1767236455,"{""inverter"": 1, ""source"": ""workstation2_log"", ""device"": ""workstation2"", ""task_type"": ""compilation, CPU load"", ""cpu_cores_active"": ""2"", ""library"": ""boost/statechart"", ""task_files"": 67, ""llm_estimated_task_effort"": ""high"", ""textual_description"": ""The testsuite for boost/statechart is being compiled and run."", ""command"": ""b2 --j 2 test"", ""directory"": "".../boost/libs/statechart""}"
12070,1767236558,1767236558,1767236631,"{""inverter"": 1, ""source"": ""workstation1_log"", ""device"": ""workstation1"", ""task_type"": ""compilation, CPU load"", ""cpu_cores_active"": ""10"", ""library"": ""boost/convert"", ""task_files"": 20, ""llm_estimated_task_effort"": ""low"", ""textual_description"": ""The testsuite for boost/convert is being compiled and run."", ""command"": ""b2 --j 10 test"", ""directory"": "".../boost/libs/convert""}"
11892,1767236670,1767236670,1767237918,"{""inverter"": 1, ""source"": ""workstation2_log"", ""device"": ""workstation2"", ""task_type"": ""CNN fitting, GPU load"", ""model"": ""swin_v2_s"", ""optim"": ""adam"", ""dataset"": ""CIFAR10"", ""batch_size"": 128, ""epochs"": 2, ""model_params"": 49737442, ""llm_estimated_task_effort"": ""high"", ""textual_description"": ""The model swin_v2_s is fitted on CIFAR10 using adam for 2 epochs with bs=128.""}"
12071,1767236670,1767236670,1767236670,"{""inverter"": 1, ""source"": ""workstation2_log"", ""device"": ""workstation2"", ""task_type"": ""compilation, CPU load"", ""cpu_cores_active"": ""3"", ""library"": ""boost/random"", ""task_files"": 141, ""llm_estimated_task_effort"": ""low"", ""textual_description"": ""The testsuite for boost/random is being compiled and run."", ""command"": ""b2 --j 3 test"", ""directory"": "".../boost/libs/random""}"
12072,1767237334,1767237334,1767237415,"{""inverter"": 1, ""source"": ""workstation1_log"", ""device"": ""workstation1"", ""task_type"": ""compilation, CPU load"", ""cpu_cores_active"": ""6"", ""library"": ""boost/dynamic_bitset"", ""task_files"": 13, ""llm_estimated_task_effort"": ""low"", ""textual_description"": ""The testsuite for boost/dynamic_bitset is being compiled and run."", ""command"": ""b2 --j 6 test"", ""directory"": "".../boost/libs/dynamic_bitset""}"
12073,1767237646,1767237646,1767237724,"{""inverter"": 1, ""source"": ""workstation1_log"", ""device"": ""workstation1"", ""task_type"": ""compilation, CPU load"", ""cpu_cores_active"": ""5"", ""library"": ""boost/integer"", ""task_files"": 27, ""llm_estimated_task_effort"": ""low"", ""textual_description"": ""The testsuite for boost/integer is being compiled and run."", ""command"": ""b2 --j 5 test"", ""directory"": "".../boost/libs/integer""}"
12074,1767237944,1767237944,1767237944,"{""inverter"": 1, ""source"": ""workstation2_log"", ""device"": ""workstation2"", ""task_type"": ""compilation, CPU load"", ""cpu_cores_active"": ""9"", ""library"": ""boost/process"", ""task_files"": 76, ""llm_estimated_task_effort"": ""medium"", ""textual_description"": ""The testsuite for boost/process is being compiled and run."", ""command"": ""b2 --j 9 test"", ""directory"": "".../boost/libs/process""}"
11893,1767238157,1767238157,1767238496,"{""inverter"": 1, ""source"": ""workstation2_log"", ""device"": ""workstation2"", ""task_type"": ""CNN fitting, GPU load"", ""model"": ""vgg19"", ""optim"": ""sgd"", ""dataset"": ""CIFAR10"", ""batch_size"": 128, ""epochs"": 2, ""model_params"": 143667240, ""llm_estimated_task_effort"": ""medium"", ""textual_description"": ""The model vgg19 is fitted on CIFAR10 using sgd for 2 epochs with bs=128.""}"
12075,1767238246,1767238246,1767238339,"{""inverter"": 1, ""source"": ""workstation1_log"", ""device"": ""workstation1"", ""task_type"": ""compilation, CPU load"", ""cpu_cores_active"": ""4"", ""library"": ""boost/bind"", ""task_files"": 81, ""llm_estimated_task_effort"": ""low"", ""textual_description"": ""The testsuite for boost/bind is being compiled and run."", ""command"": ""b2 --j 4 test"", ""directory"": "".../boost/libs/bind""}"
12076,1767238298,1767238298,1767238298,"{""inverter"": 1, ""source"": ""workstation2_log"", ""device"": ""workstation2"", ""task_type"": ""compilation, CPU load"", ""cpu_cores_active"": ""2"", ""library"": ""boost/scope_exit"", ""task_files"": 32, ""llm_estimated_task_effort"": ""low"", ""textual_description"": ""The testsuite for boost/scope_exit is being compiled and run."", ""command"": ""b2 --j 2 test"", ""directory"": "".../boost/libs/scope_exit""}"
12077,1767238417,1767238417,1767238512,"{""inverter"": 1, ""source"": ""workstation1_log"", ""device"": ""workstation1"", ""task_type"": ""compilation, CPU load"", ""cpu_cores_active"": ""10"", ""library"": ""boost/xpressive"", ""task_files"": 70, ""llm_estimated_task_effort"": ""high"", ""textual_description"": ""The testsuite for boost/xpressive is being compiled and run."", ""command"": ""b2 --j 10 test"", ""directory"": "".../boost/libs/xpressive""}"
12078,1767239103,1767239103,1767239221,"{""inverter"": 1, ""source"": ""workstation1_log"", ""device"": ""workstation1"", ""task_type"": ""compilation, CPU load"", ""cpu_cores_active"": ""5"", ""library"": ""boost/msm"", ""task_files"": 57, ""llm_estimated_task_effort"": ""high"", ""textual_description"": ""The testsuite for boost/msm is being compiled and run."", ""command"": ""b2 --j 5 test"", ""directory"": "".../boost/libs/msm""}"
12079,1767239581,1767239581,1767239735,"{""inverter"": 1, ""source"": ""workstation1_log"", ""device"": ""workstation1"", ""task_type"": ""compilation, CPU load"", ""cpu_cores_active"": ""7"", ""library"": ""boost/json"", ""task_files"": 417, ""llm_estimated_task_effort"": ""high"", ""textual_description"": ""The testsuite for boost/json is being compiled and run."", ""command"": ""b2 --j 7 test"", ""directory"": "".../boost/libs/json""}"
11894,1767239631,1767239631,1767240075,"{""inverter"": 1, ""source"": ""workstation2_log"", ""device"": ""workstation2"", ""task_type"": ""CNN fitting, GPU load"", ""model"": ""wide_resnet50_2"", ""optim"": ""sgd"", ""dataset"": ""CIFAR10"", ""batch_size"": 128, ""epochs"": 2, ""model_params"": 68883240, ""llm_estimated_task_effort"": ""high"", ""textual_description"": ""The model wide_resnet50_2 is fitted on CIFAR10 using sgd for 2 epochs with bs=128.""}"
12080,1767239863,1767239863,1767239930,"{""inverter"": 1, ""source"": ""workstation1_log"", ""device"": ""workstation1"", ""task_type"": ""compilation, CPU load"", ""cpu_cores_active"": ""8"", ""library"": ""boost/compute"", ""task_files"": 168, ""llm_estimated_task_effort"": ""high"", ""textual_description"": ""The testsuite for boost/compute is being compiled and run."", ""command"": ""b2 --j 8 test"", ""directory"": "".../boost/libs/compute""}"
12081,1767240040,1767240040,1767240134,"{""inverter"": 1, ""source"": ""workstation1_log"", ""device"": ""workstation1"", ""task_type"": ""compilation, CPU load"", ""cpu_cores_active"": ""5"", ""library"": ""boost/pfr"", ""task_files"": 91, ""llm_estimated_task_effort"": ""low"", ""textual_description"": ""The testsuite for boost/pfr is being compiled and run."", ""command"": ""b2 --j 5 test"", ""directory"": "".../boost/libs/pfr""}"
12082,1767240194,1767240194,1767240269,"{""inverter"": 1, ""source"": ""workstation1_log"", ""device"": ""workstation1"", ""task_type"": ""compilation, CPU load"", ""cpu_cores_active"": ""7"", ""library"": ""boost/multi_array"", ""task_files"": 46, ""llm_estimated_task_effort"": ""low"", ""textual_description"": ""The testsuite for boost/multi_array is being compiled and run."", ""command"": ""b2 --j 7 test"", ""directory"": "".../boost/libs/multi_array""}"
11895,1767240315,1767240315,1767241056,"{""inverter"": 1, ""source"": ""workstation2_log"", ""device"": ""workstation2"", ""task_type"": ""CNN fitting, GPU load"", ""model"": ""densenet121"", ""optim"": ""sgd"", ""dataset"": ""CIFAR10"", ""batch_size"": 128, ""epochs"": 2, ""model_params"": 7978856, ""llm_estimated_task_effort"": ""medium"", ""textual_description"": ""The model densenet121 is fitted on CIFAR10 using sgd for 2 epochs with bs=128.""}"
12083,1767240477,1767240477,1767240478,"{""inverter"": 1, ""source"": ""workstation2_log"", ""device"": ""workstation2"", ""task_type"": ""compilation, CPU load"", ""cpu_cores_active"": ""9"", ""library"": ""boost/array"", ""task_files"": 52, ""llm_estimated_task_effort"": ""low"", ""textual_description"": ""The testsuite for boost/array is being compiled and run."", ""command"": ""b2 --j 9 test"", ""directory"": "".../boost/libs/array""}"
12084,1767240940,1767240940,1767241135,"{""inverter"": 1, ""source"": ""workstation1_log"", ""device"": ""workstation1"", ""task_type"": ""compilation, CPU load"", ""cpu_cores_active"": ""3"", ""library"": ""boost/random"", ""task_files"": 141, ""llm_estimated_task_effort"": ""low"", ""textual_description"": ""The testsuite for boost/random is being compiled and run."", ""command"": ""b2 --j 3 test"", ""directory"": "".../boost/libs/random""}"
11896,1767241278,1767241278,1767241628,"{""inverter"": 1, ""source"": ""workstation2_log"", ""device"": ""workstation2"", ""task_type"": ""CNN fitting, GPU load"", ""model"": ""vgg19"", ""optim"": ""adam"", ""dataset"": ""CIFAR10"", ""batch_size"": 128, ""epochs"": 2, ""model_params"": 143667240, ""llm_estimated_task_effort"": ""medium"", ""textual_description"": ""The model vgg19 is fitted on CIFAR10 using adam for 2 epochs with bs=128.""}"
12085,1767241328,1767241328,1767241329,"{""inverter"": 1, ""source"": ""workstation2_log"", ""device"": ""workstation2"", ""task_type"": ""compilation, CPU load"", ""cpu_cores_active"": ""6"", ""library"": ""boost/mqtt5"", ""task_files"": 45, ""llm_estimated_task_effort"": ""medium"", ""textual_description"": ""The testsuite for boost/mqtt5 is being compiled and run."", ""command"": ""b2 --j 6 test"", ""directory"": "".../boost/libs/mqtt5""}"
12086,1767241516,1767241516,1767241517,"{""inverter"": 1, ""source"": ""workstation2_log"", ""device"": ""workstation2"", ""task_type"": ""compilation, CPU load"", ""cpu_cores_active"": ""7"", ""library"": ""boost/stacktrace"", ""task_files"": 18, ""llm_estimated_task_effort"": ""medium"", ""textual_description"": ""The testsuite for boost/stacktrace is being compiled and run."", ""command"": ""b2 --j 7 test"", ""directory"": "".../boost/libs/stacktrace""}"
12087,1767241614,1767241614,1767241616,"{""inverter"": 1, ""source"": ""workstation2_log"", ""device"": ""workstation2"", ""task_type"": ""compilation, CPU load"", ""cpu_cores_active"": ""3"", ""library"": ""boost/poly_collection"", ""task_files"": 46, ""llm_estimated_task_effort"": ""low"", ""textual_description"": ""The testsuite for boost/poly_collection is being compiled and run."", ""command"": ""b2 --j 3 test"", ""directory"": "".../boost/libs/poly_collection""}"
12088,1767241828,1767241828,1767241828,"{""inverter"": 1, ""source"": ""workstation2_log"", ""device"": ""workstation2"", ""task_type"": ""compilation, CPU load"", ""cpu_cores_active"": ""7"", ""library"": ""boost/property_tree"", ""task_files"": 23, ""llm_estimated_task_effort"": ""low"", ""textual_description"": ""The testsuite for boost/property_tree is being compiled and run."", ""command"": ""b2 --j 7 test"", ""directory"": "".../boost/libs/property_tree""}"
12089,1767242113,1767242113,1767242113,"{""inverter"": 1, ""source"": ""workstation2_log"", ""device"": ""workstation2"", ""task_type"": ""compilation, CPU load"", ""cpu_cores_active"": ""2"", ""library"": ""boost/beast"", ""task_files"": 471, ""llm_estimated_task_effort"": ""high"", ""textual_description"": ""The testsuite for boost/beast is being compiled and run."", ""command"": ""b2 --j 2 test"", ""directory"": "".../boost/libs/beast""}"
12090,1767242350,1767242350,1767242434,"{""inverter"": 1, ""source"": ""workstation1_log"", ""device"": ""workstation1"", ""task_type"": ""compilation, CPU load"", ""cpu_cores_active"": ""6"", ""library"": ""boost/locale"", ""task_files"": 48, ""llm_estimated_task_effort"": ""high"", ""textual_description"": ""The testsuite for boost/locale is being compiled and run."", ""command"": ""b2 --j 6 test"", ""directory"": "".../boost/libs/locale""}"
12091,1767242448,1767242448,1767242448,"{""inverter"": 1, ""source"": ""workstation2_log"", ""device"": ""workstation2"", ""task_type"": ""compilation, CPU load"", ""cpu_cores_active"": ""9"", ""library"": ""boost/bind"", ""task_files"": 81, ""llm_estimated_task_effort"": ""low"", ""textual_description"": ""The testsuite for boost/bind is being compiled and run."", ""command"": ""b2 --j 9 test"", ""directory"": "".../boost/libs/bind""}"
12092,1767242598,1767242598,1767242676,"{""inverter"": 1, ""source"": ""workstation1_log"", ""device"": ""workstation1"", ""task_type"": ""compilation, CPU load"", ""cpu_cores_active"": ""6"", ""library"": ""boost/rational"", ""task_files"": 19, ""llm_estimated_task_effort"": ""low"", ""textual_description"": ""The testsuite for boost/rational is being compiled and run."", ""command"": ""b2 --j 6 test"", ""directory"": "".../boost/libs/rational""}"
11897,1767242847,1767242847,1767243198,"{""inverter"": 1, ""source"": ""workstation2_log"", ""device"": ""workstation2"", ""task_type"": ""CNN fitting, GPU load"", ""model"": ""vgg19"", ""optim"": ""adam"", ""dataset"": ""CIFAR10"", ""batch_size"": 128, ""epochs"": 2, ""model_params"": 143667240, ""llm_estimated_task_effort"": ""medium"", ""textual_description"": ""The model vgg19 is fitted on CIFAR10 using adam for 2 epochs with bs=128.""}"
11898,1767243347,1767243347,1767243681,"{""inverter"": 1, ""source"": ""workstation2_log"", ""device"": ""workstation2"", ""task_type"": ""CNN fitting, GPU load"", ""model"": ""vgg13"", ""optim"": ""sgd"", ""dataset"": ""CIFAR10"", ""batch_size"": 128, ""epochs"": 2, ""model_params"": 133047848, ""llm_estimated_task_effort"": ""medium"", ""textual_description"": ""The model vgg13 is fitted on CIFAR10 using sgd for 2 epochs with bs=128.""}"
12093,1767243741,1767243741,1767243840,"{""inverter"": 1, ""source"": ""workstation1_log"", ""device"": ""workstation1"", ""task_type"": ""compilation, CPU load"", ""cpu_cores_active"": ""2"", ""library"": ""boost/lexical_cast"", ""task_files"": 31, ""llm_estimated_task_effort"": ""low"", ""textual_description"": ""The testsuite for boost/lexical_cast is being compiled and run."", ""command"": ""b2 --j 2 test"", ""directory"": "".../boost/libs/lexical_cast""}"
11899,1767243745,1767243745,1767244580,"{""inverter"": 1, ""source"": ""workstation2_log"", ""device"": ""workstation2"", ""task_type"": ""CNN fitting, GPU load"", ""model"": ""densenet121"", ""optim"": ""adam"", ""dataset"": ""CIFAR10"", ""batch_size"": 128, ""epochs"": 2, ""model_params"": 7978856, ""llm_estimated_task_effort"": ""medium"", ""textual_description"": ""The model densenet121 is fitted on CIFAR10 using adam for 2 epochs with bs=128.""}"
12094,1767243923,1767243923,1767244003,"{""inverter"": 1, ""source"": ""workstation1_log"", ""device"": ""workstation1"", ""task_type"": ""compilation, CPU load"", ""cpu_cores_active"": ""5"", ""library"": ""boost/optional"", ""task_files"": 82, ""llm_estimated_task_effort"": ""low"", ""textual_description"": ""The testsuite for boost/optional is being compiled and run."", ""command"": ""b2 --j 5 test"", ""directory"": "".../boost/libs/optional""}"
12095,1767244607,1767244607,1767244824,"{""inverter"": 1, ""source"": ""workstation1_log"", ""device"": ""workstation1"", ""task_type"": ""compilation, CPU load"", ""cpu_cores_active"": ""3"", ""library"": ""boost/phoenix"", ""task_files"": 266, ""llm_estimated_task_effort"": ""low"", ""textual_description"": ""The testsuite for boost/phoenix is being compiled and run."", ""command"": ""b2 --j 3 test"", ""directory"": "".../boost/libs/phoenix""}"
12096,1767244704,1767244704,1767244705,"{""inverter"": 1, ""source"": ""workstation2_log"", ""device"": ""workstation2"", ""task_type"": ""compilation, CPU load"", ""cpu_cores_active"": ""5"", ""library"": ""boost/beast"", ""task_files"": 471, ""llm_estimated_task_effort"": ""high"", ""textual_description"": ""The testsuite for boost/beast is being compiled and run."", ""command"": ""b2 --j 5 test"", ""directory"": "".../boost/libs/beast""}"
11900,1767244748,1767244748,1767245254,"{""inverter"": 1, ""source"": ""workstation2_log"", ""device"": ""workstation2"", ""task_type"": ""CNN fitting, GPU load"", ""model"": ""wide_resnet50_2"", ""optim"": ""adam"", ""dataset"": ""CIFAR10"", ""batch_size"": 128, ""epochs"": 2, ""model_params"": 68883240, ""llm_estimated_task_effort"": ""high"", ""textual_description"": ""The model wide_resnet50_2 is fitted on CIFAR10 using adam for 2 epochs with bs=128.""}"
12097,1767245054,1767245054,1767245055,"{""inverter"": 1, ""source"": ""workstation2_log"", ""device"": ""workstation2"", ""task_type"": ""compilation, CPU load"", ""cpu_cores_active"": ""8"", ""library"": ""boost/graph"", ""task_files"": 1290, ""llm_estimated_task_effort"": ""high"", ""textual_description"": ""The testsuite for boost/graph is being compiled and run."", ""command"": ""b2 --j 8 test"", ""directory"": "".../boost/libs/graph""}"
11901,1767245367,1767245367,1767245811,"{""inverter"": 1, ""source"": ""workstation2_log"", ""device"": ""workstation2"", ""task_type"": ""CNN fitting, GPU load"", ""model"": ""wide_resnet50_2"", ""optim"": ""sgd"", ""dataset"": ""CIFAR10"", ""batch_size"": 128, ""epochs"": 2, ""model_params"": 68883240, ""llm_estimated_task_effort"": ""high"", ""textual_description"": ""The model wide_resnet50_2 is fitted on CIFAR10 using sgd for 2 epochs with bs=128.""}"
12098,1767245573,1767245573,1767245574,"{""inverter"": 1, ""source"": ""workstation2_log"", ""device"": ""workstation2"", ""task_type"": ""compilation, CPU load"", ""cpu_cores_active"": ""3"", ""library"": ""boost/thread"", ""task_files"": 439, ""llm_estimated_task_effort"": ""high"", ""textual_description"": ""The testsuite for boost/thread is being compiled and run."", ""command"": ""b2 --j 3 test"", ""directory"": "".../boost/libs/thread""}"
12099,1767245609,1767245609,1767245610,"{""inverter"": 1, ""source"": ""workstation2_log"", ""device"": ""workstation2"", ""task_type"": ""compilation, CPU load"", ""cpu_cores_active"": ""10"", ""library"": ""boost/asio"", ""task_files"": 386, ""llm_estimated_task_effort"": ""high"", ""textual_description"": ""The testsuite for boost/asio is being compiled and run."", ""command"": ""b2 --j 10 test"", ""directory"": "".../boost/libs/asio""}"
12100,1767245632,1767245632,1767245633,"{""inverter"": 1, ""source"": ""workstation2_log"", ""device"": ""workstation2"", ""task_type"": ""compilation, CPU load"", ""cpu_cores_active"": ""7"", ""library"": ""boost/charconv"", ""task_files"": 44, ""llm_estimated_task_effort"": ""low"", ""textual_description"": ""The testsuite for boost/charconv is being compiled and run."", ""command"": ""b2 --j 7 test"", ""directory"": "".../boost/libs/charconv""}"
11902,1767246602,1767246602,1767246946,"{""inverter"": 1, ""source"": ""workstation2_log"", ""device"": ""workstation2"", ""task_type"": ""CNN fitting, GPU load"", ""model"": ""vgg13"", ""optim"": ""adam"", ""dataset"": ""CIFAR10"", ""batch_size"": 128, ""epochs"": 2, ""model_params"": 133047848, ""llm_estimated_task_effort"": ""medium"", ""textual_description"": ""The model vgg13 is fitted on CIFAR10 using adam for 2 epochs with bs=128.""}"
12101,1767246891,1767246891,1767246893,"{""inverter"": 1, ""source"": ""workstation2_log"", ""device"": ""workstation2"", ""task_type"": ""compilation, CPU load"", ""cpu_cores_active"": ""2"", ""library"": ""boost/preprocessor"", ""task_files"": 73, ""llm_estimated_task_effort"": ""medium"", ""textual_description"": ""The testsuite for boost/preprocessor is being compiled and run."", ""command"": ""b2 --j 2 test"", ""directory"": "".../boost/libs/preprocessor""}"
12102,1767247077,1767247077,1767247173,"{""inverter"": 1, ""source"": ""workstation1_log"", ""device"": ""workstation1"", ""task_type"": ""compilation, CPU load"", ""cpu_cores_active"": ""7"", ""library"": ""boost/atomic"", ""task_files"": 30, ""llm_estimated_task_effort"": ""low"", ""textual_description"": ""The testsuite for boost/atomic is being compiled and run."", ""command"": ""b2 --j 7 test"", ""directory"": "".../boost/libs/atomic""}"
12103,1767247856,1767247856,1767247931,"{""inverter"": 1, ""source"": ""workstation1_log"", ""device"": ""workstation1"", ""task_type"": ""compilation, CPU load"", ""cpu_cores_active"": ""10"", ""library"": ""boost/graph"", ""task_files"": 1290, ""llm_estimated_task_effort"": ""high"", ""textual_description"": ""The testsuite for boost/graph is being compiled and run."", ""command"": ""b2 --j 10 test"", ""directory"": "".../boost/libs/graph""}"
11903,1767247930,1767247930,1767248271,"{""inverter"": 1, ""source"": ""workstation2_log"", ""device"": ""workstation2"", ""task_type"": ""CNN fitting, GPU load"", ""model"": ""vgg13"", ""optim"": ""adam"", ""dataset"": ""CIFAR10"", ""batch_size"": 128, ""epochs"": 2, ""model_params"": 133047848, ""llm_estimated_task_effort"": ""medium"", ""textual_description"": ""The model vgg13 is fitted on CIFAR10 using adam for 2 epochs with bs=128.""}"
12104,1767247991,1767247991,1767247992,"{""inverter"": 1, ""source"": ""workstation2_log"", ""device"": ""workstation2"", ""task_type"": ""compilation, CPU load"", ""cpu_cores_active"": ""6"", ""library"": ""boost/lockfree"", ""task_files"": 24, ""llm_estimated_task_effort"": ""high"", ""textual_description"": ""The testsuite for boost/lockfree is being compiled and run."", ""command"": ""b2 --j 6 test"", ""directory"": "".../boost/libs/lockfree""}"
12105,1767248007,1767248007,1767248095,"{""inverter"": 1, ""source"": ""workstation1_log"", ""device"": ""workstation1"", ""task_type"": ""compilation, CPU load"", ""cpu_cores_active"": ""2"", ""library"": ""boost/coroutine"", ""task_files"": 3, ""llm_estimated_task_effort"": ""high"", ""textual_description"": ""The testsuite for boost/coroutine is being compiled and run."", ""command"": ""b2 --j 2 test"", ""directory"": "".../boost/libs/coroutine""}"
12106,1767248493,1767248493,1767248594,"{""inverter"": 1, ""source"": ""workstation1_log"", ""device"": ""workstation1"", ""task_type"": ""compilation, CPU load"", ""cpu_cores_active"": ""5"", ""library"": ""boost/atomic"", ""task_files"": 30, ""llm_estimated_task_effort"": ""low"", ""textual_description"": ""The testsuite for boost/atomic is being compiled and run."", ""command"": ""b2 --j 5 test"", ""directory"": "".../boost/libs/atomic""}"
11904,1767249075,1767249075,1767249824,"{""inverter"": 1, ""source"": ""workstation2_log"", ""device"": ""workstation2"", ""task_type"": ""CNN fitting, GPU load"", ""model"": ""densenet121"", ""optim"": ""sgd"", ""dataset"": ""CIFAR10"", ""batch_size"": 128, ""epochs"": 2, ""model_params"": 7978856, ""llm_estimated_task_effort"": ""medium"", ""textual_description"": ""The model densenet121 is fitted on CIFAR10 using sgd for 2 epochs with bs=128.""}"
12107,1767249085,1767249085,1767249228,"{""inverter"": 1, ""source"": ""workstation1_log"", ""device"": ""workstation1"", ""task_type"": ""compilation, CPU load"", ""cpu_cores_active"": ""4"", ""library"": ""boost/fusion"", ""task_files"": 247, ""llm_estimated_task_effort"": ""low"", ""textual_description"": ""The testsuite for boost/fusion is being compiled and run."", ""command"": ""b2 --j 4 test"", ""directory"": "".../boost/libs/fusion""}"
12108,1767249612,1767249612,1767249613,"{""inverter"": 1, ""source"": ""workstation2_log"", ""device"": ""workstation2"", ""task_type"": ""compilation, CPU load"", ""cpu_cores_active"": ""1"", ""library"": ""boost/bimap"", ""task_files"": 36, ""llm_estimated_task_effort"": ""low"", ""textual_description"": ""The testsuite for boost/bimap is being compiled and run."", ""command"": ""b2 --j 1 test"", ""directory"": "".../boost/libs/bimap""}"
12109,1767249708,1767249708,1767249801,"{""inverter"": 1, ""source"": ""workstation1_log"", ""device"": ""workstation1"", ""task_type"": ""compilation, CPU load"", ""cpu_cores_active"": ""3"", ""library"": ""boost/hof"", ""task_files"": 63, ""llm_estimated_task_effort"": ""low"", ""textual_description"": ""The testsuite for boost/hof is being compiled and run."", ""command"": ""b2 --j 3 test"", ""directory"": "".../boost/libs/hof""}"
12110,1767249728,1767249728,1767249729,"{""inverter"": 1, ""source"": ""workstation2_log"", ""device"": ""workstation2"", ""task_type"": ""compilation, CPU load"", ""cpu_cores_active"": ""6"", ""library"": ""boost/functional"", ""task_files"": 2, ""llm_estimated_task_effort"": ""low"", ""textual_description"": ""The testsuite for boost/functional is being compiled and run."", ""command"": ""b2 --j 6 test"", ""directory"": "".../boost/libs/functional""}"
11905,1767249852,1767249852,1767250203,"{""inverter"": 1, ""source"": ""workstation2_log"", ""device"": ""workstation2"", ""task_type"": ""CNN fitting, GPU load"", ""model"": ""vgg11"", ""optim"": ""adam"", ""dataset"": ""CIFAR10"", ""batch_size"": 128, ""epochs"": 2, ""model_params"": 132863336, ""llm_estimated_task_effort"": ""low"", ""textual_description"": ""The model vgg11 is fitted on CIFAR10 using adam for 2 epochs with bs=128.""}"
12111,1767250124,1767250124,1767250125,"{""inverter"": 1, ""source"": ""workstation2_log"", ""device"": ""workstation2"", ""task_type"": ""compilation, CPU load"", ""cpu_cores_active"": ""1"", ""library"": ""boost/stacktrace"", ""task_files"": 18, ""llm_estimated_task_effort"": ""medium"", ""textual_description"": ""The testsuite for boost/stacktrace is being compiled and run."", ""command"": ""b2 --j 1 test"", ""directory"": "".../boost/libs/stacktrace""}"
11906,1767250248,1767250248,1767250613,"{""inverter"": 1, ""source"": ""workstation2_log"", ""device"": ""workstation2"", ""task_type"": ""CNN fitting, GPU load"", ""model"": ""resnet18"", ""optim"": ""sgd"", ""dataset"": ""CIFAR10"", ""batch_size"": 128, ""epochs"": 2, ""model_params"": 11689512, ""llm_estimated_task_effort"": ""low"", ""textual_description"": ""The model resnet18 is fitted on CIFAR10 using sgd for 2 epochs with bs=128.""}"
12112,1767250499,1767250499,1767250499,"{""inverter"": 1, ""source"": ""workstation2_log"", ""device"": ""workstation2"", ""task_type"": ""compilation, CPU load"", ""cpu_cores_active"": ""6"", ""library"": ""boost/heap"", ""task_files"": 17, ""llm_estimated_task_effort"": ""low"", ""textual_description"": ""The testsuite for boost/heap is being compiled and run."", ""command"": ""b2 --j 6 test"", ""directory"": "".../boost/libs/heap""}"
12113,1767250556,1767250556,1767250634,"{""inverter"": 1, ""source"": ""workstation1_log"", ""device"": ""workstation1"", ""task_type"": ""compilation, CPU load"", ""cpu_cores_active"": ""6"", ""library"": ""boost/config"", ""task_files"": 754, ""llm_estimated_task_effort"": ""low"", ""textual_description"": ""The testsuite for boost/config is being compiled and run."", ""command"": ""b2 --j 6 test"", ""directory"": "".../boost/libs/config""}"
11907,1767250955,1767250955,1767251802,"{""inverter"": 1, ""source"": ""workstation2_log"", ""device"": ""workstation2"", ""task_type"": ""CNN fitting, GPU load"", ""model"": ""densenet121"", ""optim"": ""adam"", ""dataset"": ""CIFAR10"", ""batch_size"": 128, ""epochs"": 2, ""model_params"": 7978856, ""llm_estimated_task_effort"": ""medium"", ""textual_description"": ""The model densenet121 is fitted on CIFAR10 using adam for 2 epochs with bs=128.""}"
12114,1767251091,1767251091,1767251093,"{""inverter"": 1, ""source"": ""workstation2_log"", ""device"": ""workstation2"", ""task_type"": ""compilation, CPU load"", ""cpu_cores_active"": ""9"", ""library"": ""boost/polygon"", ""task_files"": 17, ""llm_estimated_task_effort"": ""high"", ""textual_description"": ""The testsuite for boost/polygon is being compiled and run."", ""command"": ""b2 --j 9 test"", ""directory"": "".../boost/libs/polygon""}"
12115,1767251241,1767251241,1767251319,"{""inverter"": 1, ""source"": ""workstation1_log"", ""device"": ""workstation1"", ""task_type"": ""compilation, CPU load"", ""cpu_cores_active"": ""10"", ""library"": ""boost/lexical_cast"", ""task_files"": 31, ""llm_estimated_task_effort"": ""low"", ""textual_description"": ""The testsuite for boost/lexical_cast is being compiled and run."", ""command"": ""b2 --j 10 test"", ""directory"": "".../boost/libs/lexical_cast""}"
12116,1767251661,1767251661,1767251769,"{""inverter"": 1, ""source"": ""workstation1_log"", ""device"": ""workstation1"", ""task_type"": ""compilation, CPU load"", ""cpu_cores_active"": ""7"", ""library"": ""boost/histogram"", ""task_files"": 131, ""llm_estimated_task_effort"": ""medium"", ""textual_description"": ""The testsuite for boost/histogram is being compiled and run."", ""command"": ""b2 --j 7 test"", ""directory"": "".../boost/libs/histogram""}"
11908,1767251846,1767251846,1767252183,"{""inverter"": 1, ""source"": ""workstation2_log"", ""device"": ""workstation2"", ""task_type"": ""CNN fitting, GPU load"", ""model"": ""vgg19"", ""optim"": ""sgd"", ""dataset"": ""CIFAR10"", ""batch_size"": 128, ""epochs"": 2, ""model_params"": 143667240, ""llm_estimated_task_effort"": ""medium"", ""textual_description"": ""The model vgg19 is fitted on CIFAR10 using sgd for 2 epochs with bs=128.""}"
12117,1767251848,1767251848,1767251848,"{""inverter"": 1, ""source"": ""workstation2_log"", ""device"": ""workstation2"", ""task_type"": ""compilation, CPU load"", ""cpu_cores_active"": ""3"", ""library"": ""boost/type_index"", ""task_files"": 19, ""llm_estimated_task_effort"": ""low"", ""textual_description"": ""The testsuite for boost/type_index is being compiled and run."", ""command"": ""b2 --j 3 test"", ""directory"": "".../boost/libs/type_index""}"
12118,1767252458,1767252458,1767252459,"{""inverter"": 1, ""source"": ""workstation2_log"", ""device"": ""workstation2"", ""task_type"": ""compilation, CPU load"", ""cpu_cores_active"": ""7"", ""library"": ""boost/endian"", ""task_files"": 61, ""llm_estimated_task_effort"": ""low"", ""textual_description"": ""The testsuite for boost/endian is being compiled and run."", ""command"": ""b2 --j 7 test"", ""directory"": "".../boost/libs/endian""}"
12119,1767252474,1767252474,1767252475,"{""inverter"": 1, ""source"": ""workstation2_log"", ""device"": ""workstation2"", ""task_type"": ""compilation, CPU load"", ""cpu_cores_active"": ""1"", ""library"": ""boost/move"", ""task_files"": 34, ""llm_estimated_task_effort"": ""low"", ""textual_description"": ""The testsuite for boost/move is being compiled and run."", ""command"": ""b2 --j 1 test"", ""directory"": "".../boost/libs/move""}"
12120,1767252611,1767252611,1767252696,"{""inverter"": 1, ""source"": ""workstation1_log"", ""device"": ""workstation1"", ""task_type"": ""compilation, CPU load"", ""cpu_cores_active"": ""2"", ""library"": ""boost/array"", ""task_files"": 52, ""llm_estimated_task_effort"": ""low"", ""textual_description"": ""The testsuite for boost/array is being compiled and run."", ""command"": ""b2 --j 2 test"", ""directory"": "".../boost/libs/array""}"
12121,1767252767,1767252767,1767252768,"{""inverter"": 1, ""source"": ""workstation2_log"", ""device"": ""workstation2"", ""task_type"": ""compilation, CPU load"", ""cpu_cores_active"": ""7"", ""library"": ""boost/coroutine"", ""task_files"": 3, ""llm_estimated_task_effort"": ""high"", ""textual_description"": ""The testsuite for boost/coroutine is being compiled and run."", ""command"": ""b2 --j 7 test"", ""directory"": "".../boost/libs/coroutine""}"
11909,1767253145,1767253145,1767253492,"{""inverter"": 1, ""source"": ""workstation2_log"", ""device"": ""workstation2"", ""task_type"": ""CNN fitting, GPU load"", ""model"": ""resnet18"", ""optim"": ""sgd"", ""dataset"": ""CIFAR10"", ""batch_size"": 128, ""epochs"": 2, ""model_params"": 11689512, ""llm_estimated_task_effort"": ""low"", ""textual_description"": ""The model resnet18 is fitted on CIFAR10 using sgd for 2 epochs with bs=128.""}"
12122,1767253222,1767253222,1767253224,"{""inverter"": 1, ""source"": ""workstation2_log"", ""device"": ""workstation2"", ""task_type"": ""compilation, CPU load"", ""cpu_cores_active"": ""3"", ""library"": ""boost/wave"", ""task_files"": 287, ""llm_estimated_task_effort"": ""high"", ""textual_description"": ""The testsuite for boost/wave is being compiled and run."", ""command"": ""b2 --j 3 test"", ""directory"": "".../boost/libs/wave""}"
12123,1767253733,1767253733,1767253804,"{""inverter"": 1, ""source"": ""workstation1_log"", ""device"": ""workstation1"", ""task_type"": ""compilation, CPU load"", ""cpu_cores_active"": ""10"", ""library"": ""boost/array"", ""task_files"": 52, ""llm_estimated_task_effort"": ""low"", ""textual_description"": ""The testsuite for boost/array is being compiled and run."", ""command"": ""b2 --j 10 test"", ""directory"": "".../boost/libs/array""}"
12124,1767253864,1767253864,1767253942,"{""inverter"": 1, ""source"": ""workstation1_log"", ""device"": ""workstation1"", ""task_type"": ""compilation, CPU load"", ""cpu_cores_active"": ""8"", ""library"": ""boost/charconv"", ""task_files"": 44, ""llm_estimated_task_effort"": ""low"", ""textual_description"": ""The testsuite for boost/charconv is being compiled and run."", ""command"": ""b2 --j 8 test"", ""directory"": "".../boost/libs/charconv""}"
12125,1767254004,1767254004,1767254118,"{""inverter"": 1, ""source"": ""workstation1_log"", ""device"": ""workstation1"", ""task_type"": ""compilation, CPU load"", ""cpu_cores_active"": ""8"", ""library"": ""boost/range"", ""task_files"": 205, ""llm_estimated_task_effort"": ""low"", ""textual_description"": ""The testsuite for boost/range is being compiled and run."", ""command"": ""b2 --j 8 test"", ""directory"": "".../boost/libs/range""}"
12126,1767254773,1767254773,1767254774,"{""inverter"": 1, ""source"": ""workstation2_log"", ""device"": ""workstation2"", ""task_type"": ""compilation, CPU load"", ""cpu_cores_active"": ""10"", ""library"": ""boost/bloom"", ""task_files"": 14, ""llm_estimated_task_effort"": ""low"", ""textual_description"": ""The testsuite for boost/bloom is being compiled and run."", ""command"": ""b2 --j 10 test"", ""directory"": "".../boost/libs/bloom""}"
12127,1767255045,1767255045,1767255046,"{""inverter"": 1, ""source"": ""workstation2_log"", ""device"": ""workstation2"", ""task_type"": ""compilation, CPU load"", ""cpu_cores_active"": ""8"", ""library"": ""boost/wave"", ""task_files"": 287, ""llm_estimated_task_effort"": ""high"", ""textual_description"": ""The testsuite for boost/wave is being compiled and run."", ""command"": ""b2 --j 8 test"", ""directory"": "".../boost/libs/wave""}"
11910,1767255185,1767255185,1767255523,"{""inverter"": 1, ""source"": ""workstation2_log"", ""device"": ""workstation2"", ""task_type"": ""CNN fitting, GPU load"", ""model"": ""vgg13"", ""optim"": ""sgd"", ""dataset"": ""CIFAR10"", ""batch_size"": 128, ""epochs"": 2, ""model_params"": 133047848, ""llm_estimated_task_effort"": ""medium"", ""textual_description"": ""The model vgg13 is fitted on CIFAR10 using sgd for 2 epochs with bs=128.""}"
12128,1767255291,1767255291,1767255291,"{""inverter"": 1, ""source"": ""workstation2_log"", ""device"": ""workstation2"", ""task_type"": ""compilation, CPU load"", ""cpu_cores_active"": ""7"", ""library"": ""boost/scope"", ""task_files"": 27, ""llm_estimated_task_effort"": ""low"", ""textual_description"": ""The testsuite for boost/scope is being compiled and run."", ""command"": ""b2 --j 7 test"", ""directory"": "".../boost/libs/scope""}"
12129,1767255764,1767255764,1767255765,"{""inverter"": 1, ""source"": ""workstation2_log"", ""device"": ""workstation2"", ""task_type"": ""compilation, CPU load"", ""cpu_cores_active"": ""2"", ""library"": ""boost/pfr"", ""task_files"": 91, ""llm_estimated_task_effort"": ""low"", ""textual_description"": ""The testsuite for boost/pfr is being compiled and run."", ""command"": ""b2 --j 2 test"", ""directory"": "".../boost/libs/pfr""}"
12130,1767255823,1767255823,1767255902,"{""inverter"": 1, ""source"": ""workstation1_log"", ""device"": ""workstation1"", ""task_type"": ""compilation, CPU load"", ""cpu_cores_active"": ""9"", ""library"": ""boost/parameter_python"", ""task_files"": 3, ""llm_estimated_task_effort"": ""low"", ""textual_description"": ""The testsuite for boost/parameter_python is being compiled and run."", ""command"": ""b2 --j 9 test"", ""directory"": "".../boost/libs/parameter_python""}"
12131,1767256058,1767256058,1767256058,"{""inverter"": 1, ""source"": ""workstation2_log"", ""device"": ""workstation2"", ""task_type"": ""compilation, CPU load"", ""cpu_cores_active"": ""7"", ""library"": ""boost/spirit"", ""task_files"": 331, ""llm_estimated_task_effort"": ""high"", ""textual_description"": ""The testsuite for boost/spirit is being compiled and run."", ""command"": ""b2 --j 7 test"", ""directory"": "".../boost/libs/spirit""}"
11911,1767256089,1767256089,1767257356,"{""inverter"": 1, ""source"": ""workstation2_log"", ""device"": ""workstation2"", ""task_type"": ""CNN fitting, GPU load"", ""model"": ""swin_v2_s"", ""optim"": ""adam"", ""dataset"": ""CIFAR10"", ""batch_size"": 128, ""epochs"": 2, ""model_params"": 49737442, ""llm_estimated_task_effort"": ""high"", ""textual_description"": ""The model swin_v2_s is fitted on CIFAR10 using adam for 2 epochs with bs=128.""}"
12132,1767256128,1767256128,1767256129,"{""inverter"": 1, ""source"": ""workstation2_log"", ""device"": ""workstation2"", ""task_type"": ""compilation, CPU load"", ""cpu_cores_active"": ""10"", ""library"": ""boost/static_string"", ""task_files"": 5, ""llm_estimated_task_effort"": ""low"", ""textual_description"": ""The testsuite for boost/static_string is being compiled and run."", ""command"": ""b2 --j 10 test"", ""directory"": "".../boost/libs/static_string""}"
12133,1767256130,1767256130,1767256205,"{""inverter"": 1, ""source"": ""workstation1_log"", ""device"": ""workstation1"", ""task_type"": ""compilation, CPU load"", ""cpu_cores_active"": ""8"", ""library"": ""boost/nowide"", ""task_files"": 25, ""llm_estimated_task_effort"": ""low"", ""textual_description"": ""The testsuite for boost/nowide is being compiled and run."", ""command"": ""b2 --j 8 test"", ""directory"": "".../boost/libs/nowide""}"
12134,1767256238,1767256238,1767257820,"{""inverter"": 1, ""source"": ""workstation1_log"", ""device"": ""workstation1"", ""task_type"": ""compilation, CPU load"", ""cpu_cores_active"": ""10"", ""library"": ""boost/geometry"", ""task_files"": 665, ""llm_estimated_task_effort"": ""high"", ""textual_description"": ""The testsuite for boost/geometry is being compiled and run."", ""command"": ""b2 --j 10 test"", ""directory"": "".../boost/libs/geometry""}"
11912,1767257610,1767257610,1767258868,"{""inverter"": 1, ""source"": ""workstation2_log"", ""device"": ""workstation2"", ""task_type"": ""CNN fitting, GPU load"", ""model"": ""swin_v2_s"", ""optim"": ""adam"", ""dataset"": ""CIFAR10"", ""batch_size"": 128, ""epochs"": 2, ""model_params"": 49737442, ""llm_estimated_task_effort"": ""high"", ""textual_description"": ""The model swin_v2_s is fitted on CIFAR10 using adam for 2 epochs with bs=128.""}"
12135,1767258044,1767258044,1767258130,"{""inverter"": 1, ""source"": ""workstation1_log"", ""device"": ""workstation1"", ""task_type"": ""compilation, CPU load"", ""cpu_cores_active"": ""7"", ""library"": ""boost/assign"", ""task_files"": 18, ""llm_estimated_task_effort"": ""low"", ""textual_description"": ""The testsuite for boost/assign is being compiled and run."", ""command"": ""b2 --j 7 test"", ""directory"": "".../boost/libs/assign""}"
12136,1767258160,1767258160,1767258161,"{""inverter"": 1, ""source"": ""workstation2_log"", ""device"": ""workstation2"", ""task_type"": ""compilation, CPU load"", ""cpu_cores_active"": ""5"", ""library"": ""boost/hof"", ""task_files"": 63, ""llm_estimated_task_effort"": ""low"", ""textual_description"": ""The testsuite for boost/hof is being compiled and run."", ""command"": ""b2 --j 5 test"", ""directory"": "".../boost/libs/hof""}"
12137,1767258200,1767258200,1767258271,"{""inverter"": 1, ""source"": ""workstation1_log"", ""device"": ""workstation1"", ""task_type"": ""compilation, CPU load"", ""cpu_cores_active"": ""3"", ""library"": ""boost/ratio"", ""task_files"": 34, ""llm_estimated_task_effort"": ""low"", ""textual_description"": ""The testsuite for boost/ratio is being compiled and run."", ""command"": ""b2 --j 3 test"", ""directory"": "".../boost/libs/ratio""}"
12138,1767258470,1767258470,1767258470,"{""inverter"": 1, ""source"": ""workstation2_log"", ""device"": ""workstation2"", ""task_type"": ""compilation, CPU load"", ""cpu_cores_active"": ""9"", ""library"": ""boost/config"", ""task_files"": 754, ""llm_estimated_task_effort"": ""low"", ""textual_description"": ""The testsuite for boost/config is being compiled and run."", ""command"": ""b2 --j 9 test"", ""directory"": "".../boost/libs/config""}"
12139,1767258585,1767258585,1767258709,"{""inverter"": 1, ""source"": ""workstation1_log"", ""device"": ""workstation1"", ""task_type"": ""compilation, CPU load"", ""cpu_cores_active"": ""10"", ""library"": ""boost/sort"", ""task_files"": 17, ""llm_estimated_task_effort"": ""low"", ""textual_description"": ""The testsuite for boost/sort is being compiled and run."", ""command"": ""b2 --j 10 test"", ""directory"": "".../boost/libs/sort""}"
12140,1767258877,1767258877,1767258950,"{""inverter"": 1, ""source"": ""workstation1_log"", ""device"": ""workstation1"", ""task_type"": ""compilation, CPU load"", ""cpu_cores_active"": ""7"", ""library"": ""boost/config"", ""task_files"": 754, ""llm_estimated_task_effort"": ""low"", ""textual_description"": ""The testsuite for boost/config is being compiled and run."", ""command"": ""b2 --j 7 test"", ""directory"": "".../boost/libs/config""}"
11913,1767259076,1767259076,1767259823,"{""inverter"": 1, ""source"": ""workstation2_log"", ""device"": ""workstation2"", ""task_type"": ""CNN fitting, GPU load"", ""model"": ""densenet121"", ""optim"": ""sgd"", ""dataset"": ""CIFAR10"", ""batch_size"": 128, ""epochs"": 2, ""model_params"": 7978856, ""llm_estimated_task_effort"": ""medium"", ""textual_description"": ""The model densenet121 is fitted on CIFAR10 using sgd for 2 epochs with bs=128.""}"
11914,1767260227,1767260227,1767260612,"{""inverter"": 1, ""source"": ""workstation2_log"", ""device"": ""workstation2"", ""task_type"": ""CNN fitting, GPU load"", ""model"": ""resnet18"", ""optim"": ""adam"", ""dataset"": ""CIFAR10"", ""batch_size"": 128, ""epochs"": 2, ""model_params"": 11689512, ""llm_estimated_task_effort"": ""low"", ""textual_description"": ""The model resnet18 is fitted on CIFAR10 using adam for 2 epochs with bs=128.""}"
12141,1767260464,1767260464,1767260464,"{""inverter"": 1, ""source"": ""workstation2_log"", ""device"": ""workstation2"", ""task_type"": ""compilation, CPU load"", ""cpu_cores_active"": ""9"", ""library"": ""boost/rational"", ""task_files"": 19, ""llm_estimated_task_effort"": ""low"", ""textual_description"": ""The testsuite for boost/rational is being compiled and run."", ""command"": ""b2 --j 9 test"", ""directory"": "".../boost/libs/rational""}"
12142,1767260606,1767260606,1767260608,"{""inverter"": 1, ""source"": ""workstation2_log"", ""device"": ""workstation2"", ""task_type"": ""compilation, CPU load"", ""cpu_cores_active"": ""10"", ""library"": ""boost/property_tree"", ""task_files"": 23, ""llm_estimated_task_effort"": ""low"", ""textual_description"": ""The testsuite for boost/property_tree is being compiled and run."", ""command"": ""b2 --j 10 test"", ""directory"": "".../boost/libs/property_tree""}"
12143,1767260903,1767260903,1767260983,"{""inverter"": 1, ""source"": ""workstation1_log"", ""device"": ""workstation1"", ""task_type"": ""compilation, CPU load"", ""cpu_cores_active"": ""4"", ""library"": ""boost/yap"", ""task_files"": 4, ""llm_estimated_task_effort"": ""low"", ""textual_description"": ""The testsuite for boost/yap is being compiled and run."", ""command"": ""b2 --j 4 test"", ""directory"": "".../boost/libs/yap""}"
11915,1767261005,1767261005,1767261510,"{""inverter"": 1, ""source"": ""workstation2_log"", ""device"": ""workstation2"", ""task_type"": ""CNN fitting, GPU load"", ""model"": ""wide_resnet50_2"", ""optim"": ""adam"", ""dataset"": ""CIFAR10"", ""batch_size"": 128, ""epochs"": 2, ""model_params"": 68883240, ""llm_estimated_task_effort"": ""high"", ""textual_description"": ""The model wide_resnet50_2 is fitted on CIFAR10 using adam for 2 epochs with bs=128.""}"
12144,1767261233,1767261233,1767261234,"{""inverter"": 1, ""source"": ""workstation2_log"", ""device"": ""workstation2"", ""task_type"": ""compilation, CPU load"", ""cpu_cores_active"": ""6"", ""library"": ""boost/multiprecision"", ""task_files"": 471, ""llm_estimated_task_effort"": ""high"", ""textual_description"": ""The testsuite for boost/multiprecision is being compiled and run."", ""command"": ""b2 --j 6 test"", ""directory"": "".../boost/libs/multiprecision""}"
12145,1767261508,1767261508,1767261592,"{""inverter"": 1, ""source"": ""workstation1_log"", ""device"": ""workstation1"", ""task_type"": ""compilation, CPU load"", ""cpu_cores_active"": ""8"", ""library"": ""boost/bimap"", ""task_files"": 36, ""llm_estimated_task_effort"": ""low"", ""textual_description"": ""The testsuite for boost/bimap is being compiled and run."", ""command"": ""b2 --j 8 test"", ""directory"": "".../boost/libs/bimap""}"
12146,1767261683,1767261683,1767261683,"{""inverter"": 1, ""source"": ""workstation2_log"", ""device"": ""workstation2"", ""task_type"": ""compilation, CPU load"", ""cpu_cores_active"": ""8"", ""library"": ""boost/lambda2"", ""task_files"": 16, ""llm_estimated_task_effort"": ""low"", ""textual_description"": ""The testsuite for boost/lambda2 is being compiled and run."", ""command"": ""b2 --j 8 test"", ""directory"": "".../boost/libs/lambda2""}"
12147,1767262210,1767262210,1767262421,"{""inverter"": 1, ""source"": ""workstation1_log"", ""device"": ""workstation1"", ""task_type"": ""compilation, CPU load"", ""cpu_cores_active"": ""2"", ""library"": ""boost/mp11"", ""task_files"": 241, ""llm_estimated_task_effort"": ""low"", ""textual_description"": ""The testsuite for boost/mp11 is being compiled and run."", ""command"": ""b2 --j 2 test"", ""directory"": "".../boost/libs/mp11""}"
12148,1767262311,1767262311,1767262312,"{""inverter"": 1, ""source"": ""workstation2_log"", ""device"": ""workstation2"", ""task_type"": ""compilation, CPU load"", ""cpu_cores_active"": ""4"", ""library"": ""boost/concept_check"", ""task_files"": 18, ""llm_estimated_task_effort"": ""low"", ""textual_description"": ""The testsuite for boost/concept_check is being compiled and run."", ""command"": ""b2 --j 4 test"", ""directory"": "".../boost/libs/concept_check""}"
11916,1767262566,1767262566,1767262903,"{""inverter"": 1, ""source"": ""workstation2_log"", ""device"": ""workstation2"", ""task_type"": ""CNN fitting, GPU load"", ""model"": ""vgg13"", ""optim"": ""sgd"", ""dataset"": ""CIFAR10"", ""batch_size"": 128, ""epochs"": 2, ""model_params"": 133047848, ""llm_estimated_task_effort"": ""medium"", ""textual_description"": ""The model vgg13 is fitted on CIFAR10 using sgd for 2 epochs with bs=128.""}"
12149,1767263148,1767263148,1767263148,"{""inverter"": 1, ""source"": ""workstation2_log"", ""device"": ""workstation2"", ""task_type"": ""compilation, CPU load"", ""cpu_cores_active"": ""7"", ""library"": ""boost/coroutine"", ""task_files"": 3, ""llm_estimated_task_effort"": ""high"", ""textual_description"": ""The testsuite for boost/coroutine is being compiled and run."", ""command"": ""b2 --j 7 test"", ""directory"": "".../boost/libs/coroutine""}"
12150,1767263283,1767263283,1767263284,"{""inverter"": 1, ""source"": ""workstation2_log"", ""device"": ""workstation2"", ""task_type"": ""compilation, CPU load"", ""cpu_cores_active"": ""7"", ""library"": ""boost/array"", ""task_files"": 52, ""llm_estimated_task_effort"": ""low"", ""textual_description"": ""The testsuite for boost/array is being compiled and run."", ""command"": ""b2 --j 7 test"", ""directory"": "".../boost/libs/array""}"
12151,1767263496,1767263496,1767263570,"{""inverter"": 1, ""source"": ""workstation1_log"", ""device"": ""workstation1"", ""task_type"": ""compilation, CPU load"", ""cpu_cores_active"": ""9"", ""library"": ""boost/array"", ""task_files"": 52, ""llm_estimated_task_effort"": ""low"", ""textual_description"": ""The testsuite for boost/array is being compiled and run."", ""command"": ""b2 --j 9 test"", ""directory"": "".../boost/libs/array""}"
12152,1767263546,1767263546,1767263546,"{""inverter"": 1, ""source"": ""workstation2_log"", ""device"": ""workstation2"", ""task_type"": ""compilation, CPU load"", ""cpu_cores_active"": ""5"", ""library"": ""boost/hana"", ""task_files"": 831, ""llm_estimated_task_effort"": ""medium"", ""textual_description"": ""The testsuite for boost/hana is being compiled and run."", ""command"": ""b2 --j 5 test"", ""directory"": "".../boost/libs/hana""}"
12153,1767263584,1767263584,1767263652,"{""inverter"": 1, ""source"": ""workstation1_log"", ""device"": ""workstation1"", ""task_type"": ""compilation, CPU load"", ""cpu_cores_active"": ""9"", ""library"": ""boost/graph"", ""task_files"": 1290, ""llm_estimated_task_effort"": ""high"", ""textual_description"": ""The testsuite for boost/graph is being compiled and run."", ""command"": ""b2 --j 9 test"", ""directory"": "".../boost/libs/graph""}"
12154,1767263696,1767263696,1767263770,"{""inverter"": 1, ""source"": ""workstation1_log"", ""device"": ""workstation1"", ""task_type"": ""compilation, CPU load"", ""cpu_cores_active"": ""8"", ""library"": ""boost/tti"", ""task_files"": 147, ""llm_estimated_task_effort"": ""low"", ""textual_description"": ""The testsuite for boost/tti is being compiled and run."", ""command"": ""b2 --j 8 test"", ""directory"": "".../boost/libs/tti""}"
11917,1767263717,1767263717,1767264053,"{""inverter"": 1, ""source"": ""workstation2_log"", ""device"": ""workstation2"", ""task_type"": ""CNN fitting, GPU load"", ""model"": ""vgg11"", ""optim"": ""sgd"", ""dataset"": ""CIFAR10"", ""batch_size"": 128, ""epochs"": 2, ""model_params"": 132863336, ""llm_estimated_task_effort"": ""low"", ""textual_description"": ""The model vgg11 is fitted on CIFAR10 using sgd for 2 epochs with bs=128.""}"
12155,1767263748,1767263748,1767263748,"{""inverter"": 1, ""source"": ""workstation2_log"", ""device"": ""workstation2"", ""task_type"": ""compilation, CPU load"", ""cpu_cores_active"": ""4"", ""library"": ""boost/integer"", ""task_files"": 27, ""llm_estimated_task_effort"": ""low"", ""textual_description"": ""The testsuite for boost/integer is being compiled and run."", ""command"": ""b2 --j 4 test"", ""directory"": "".../boost/libs/integer""}"
12156,1767264079,1767264079,1767264079,"{""inverter"": 1, ""source"": ""workstation2_log"", ""device"": ""workstation2"", ""task_type"": ""compilation, CPU load"", ""cpu_cores_active"": ""7"", ""library"": ""boost/statechart"", ""task_files"": 67, ""llm_estimated_task_effort"": ""high"", ""textual_description"": ""The testsuite for boost/statechart is being compiled and run."", ""command"": ""b2 --j 7 test"", ""directory"": "".../boost/libs/statechart""}"
12157,1767264104,1767264104,1767264255,"{""inverter"": 1, ""source"": ""workstation1_log"", ""device"": ""workstation1"", ""task_type"": ""compilation, CPU load"", ""cpu_cores_active"": ""5"", ""library"": ""boost/regex"", ""task_files"": 106, ""llm_estimated_task_effort"": ""high"", ""textual_description"": ""The testsuite for boost/regex is being compiled and run."", ""command"": ""b2 --j 5 test"", ""directory"": "".../boost/libs/regex""}"
12158,1767264503,1767264503,1767264504,"{""inverter"": 1, ""source"": ""workstation2_log"", ""device"": ""workstation2"", ""task_type"": ""compilation, CPU load"", ""cpu_cores_active"": ""6"", ""library"": ""boost/polygon"", ""task_files"": 17, ""llm_estimated_task_effort"": ""high"", ""textual_description"": ""The testsuite for boost/polygon is being compiled and run."", ""command"": ""b2 --j 6 test"", ""directory"": "".../boost/libs/polygon""}"
12159,1767264767,1767264767,1767264851,"{""inverter"": 1, ""source"": ""workstation1_log"", ""device"": ""workstation1"", ""task_type"": ""compilation, CPU load"", ""cpu_cores_active"": ""6"", ""library"": ""boost/outcome"", ""task_files"": 55, ""llm_estimated_task_effort"": ""low"", ""textual_description"": ""The testsuite for boost/outcome is being compiled and run."", ""command"": ""b2 --j 6 test"", ""directory"": "".../boost/libs/outcome""}"
12160,1767264852,1767264852,1767264852,"{""inverter"": 1, ""source"": ""workstation2_log"", ""device"": ""workstation2"", ""task_type"": ""compilation, CPU load"", ""cpu_cores_active"": ""5"", ""library"": ""boost/atomic"", ""task_files"": 30, ""llm_estimated_task_effort"": ""low"", ""textual_description"": ""The testsuite for boost/atomic is being compiled and run."", ""command"": ""b2 --j 5 test"", ""directory"": "".../boost/libs/atomic""}"
11918,1767265167,1767265167,1767265178,"{""inverter"": 1, ""source"": ""workstation2_log"", ""device"": ""workstation2"", ""task_type"": ""CNN fitting, GPU load"", ""model"": ""vgg19"", ""optim"": ""adam"", ""dataset"": ""CIFAR10"", ""batch_size"": 128, ""epochs"": 2, ""model_params"": 143667240, ""llm_estimated_task_effort"": ""medium"", ""textual_description"": ""The model vgg19 is fitted on CIFAR10 using adam for 2 epochs with bs=128.""}"
11919,1767265377,1767265377,1767265879,"{""inverter"": 1, ""source"": ""workstation2_log"", ""device"": ""workstation2"", ""task_type"": ""CNN fitting, GPU load"", ""model"": ""wide_resnet50_2"", ""optim"": ""adam"", ""dataset"": ""CIFAR10"", ""batch_size"": 128, ""epochs"": 2, ""model_params"": 68883240, ""llm_estimated_task_effort"": ""high"", ""textual_description"": ""The model wide_resnet50_2 is fitted on CIFAR10 using adam for 2 epochs with bs=128.""}"
12161,1767265397,1767265397,1767265470,"{""inverter"": 1, ""source"": ""workstation1_log"", ""device"": ""workstation1"", ""task_type"": ""compilation, CPU load"", ""cpu_cores_active"": ""8"", ""library"": ""boost/type_index"", ""task_files"": 19, ""llm_estimated_task_effort"": ""low"", ""textual_description"": ""The testsuite for boost/type_index is being compiled and run."", ""command"": ""b2 --j 8 test"", ""directory"": "".../boost/libs/type_index""}"
12162,1767265536,1767265536,1767265537,"{""inverter"": 1, ""source"": ""workstation2_log"", ""device"": ""workstation2"", ""task_type"": ""compilation, CPU load"", ""cpu_cores_active"": ""10"", ""library"": ""boost/scope"", ""task_files"": 27, ""llm_estimated_task_effort"": ""low"", ""textual_description"": ""The testsuite for boost/scope is being compiled and run."", ""command"": ""b2 --j 10 test"", ""directory"": "".../boost/libs/scope""}"
12163,1767265568,1767265568,1767265691,"{""inverter"": 1, ""source"": ""workstation1_log"", ""device"": ""workstation1"", ""task_type"": ""compilation, CPU load"", ""cpu_cores_active"": ""5"", ""library"": ""boost/mqtt5"", ""task_files"": 45, ""llm_estimated_task_effort"": ""medium"", ""textual_description"": ""The testsuite for boost/mqtt5 is being compiled and run."", ""command"": ""b2 --j 5 test"", ""directory"": "".../boost/libs/mqtt5""}"
12164,1767265850,1767265850,1767265851,"{""inverter"": 1, ""source"": ""workstation2_log"", ""device"": ""workstation2"", ""task_type"": ""compilation, CPU load"", ""cpu_cores_active"": ""4"", ""library"": ""boost/vmd"", ""task_files"": 336, ""llm_estimated_task_effort"": ""low"", ""textual_description"": ""The testsuite for boost/vmd is being compiled and run."", ""command"": ""b2 --j 4 test"", ""directory"": "".../boost/libs/vmd""}"
12165,1767266043,1767266043,1767266043,"{""inverter"": 1, ""source"": ""workstation2_log"", ""device"": ""workstation2"", ""task_type"": ""compilation, CPU load"", ""cpu_cores_active"": ""2"", ""library"": ""boost/property_map"", ""task_files"": 9, ""llm_estimated_task_effort"": ""low"", ""textual_description"": ""The testsuite for boost/property_map is being compiled and run."", ""command"": ""b2 --j 2 test"", ""directory"": "".../boost/libs/property_map""}"
12166,1767266255,1767266255,1767266379,"{""inverter"": 1, ""source"": ""workstation1_log"", ""device"": ""workstation1"", ""task_type"": ""compilation, CPU load"", ""cpu_cores_active"": ""2"", ""library"": ""boost/multi_index"", ""task_files"": 92, ""llm_estimated_task_effort"": ""low"", ""textual_description"": ""The testsuite for boost/multi_index is being compiled and run."", ""command"": ""b2 --j 2 test"", ""directory"": "".../boost/libs/multi_index""}"
12167,1767266397,1767266397,1767266397,"{""inverter"": 1, ""source"": ""workstation2_log"", ""device"": ""workstation2"", ""task_type"": ""compilation, CPU load"", ""cpu_cores_active"": ""8"", ""library"": ""boost/hof"", ""task_files"": 63, ""llm_estimated_task_effort"": ""low"", ""textual_description"": ""The testsuite for boost/hof is being compiled and run."", ""command"": ""b2 --j 8 test"", ""directory"": "".../boost/libs/hof""}"
12168,1767266720,1767266720,1767266722,"{""inverter"": 1, ""source"": ""workstation2_log"", ""device"": ""workstation2"", ""task_type"": ""compilation, CPU load"", ""cpu_cores_active"": ""4"", ""library"": ""boost/optional"", ""task_files"": 82, ""llm_estimated_task_effort"": ""low"", ""textual_description"": ""The testsuite for boost/optional is being compiled and run."", ""command"": ""b2 --j 4 test"", ""directory"": "".../boost/libs/optional""}"
12169,1767266791,1767266791,1767266872,"{""inverter"": 1, ""source"": ""workstation1_log"", ""device"": ""workstation1"", ""task_type"": ""compilation, CPU load"", ""cpu_cores_active"": ""7"", ""library"": ""boost/describe"", ""task_files"": 53, ""llm_estimated_task_effort"": ""low"", ""textual_description"": ""The testsuite for boost/describe is being compiled and run."", ""command"": ""b2 --j 7 test"", ""directory"": "".../boost/libs/describe""}"
11920,1767267319,1767267319,1767267658,"{""inverter"": 1, ""source"": ""workstation2_log"", ""device"": ""workstation2"", ""task_type"": ""CNN fitting, GPU load"", ""model"": ""vgg11"", ""optim"": ""sgd"", ""dataset"": ""CIFAR10"", ""batch_size"": 128, ""epochs"": 2, ""model_params"": 132863336, ""llm_estimated_task_effort"": ""low"", ""textual_description"": ""The model vgg11 is fitted on CIFAR10 using sgd for 2 epochs with bs=128.""}"
12170,1767267600,1767267600,1767267684,"{""inverter"": 1, ""source"": ""workstation1_log"", ""device"": ""workstation1"", ""task_type"": ""compilation, CPU load"", ""cpu_cores_active"": ""3"", ""library"": ""boost/move"", ""task_files"": 34, ""llm_estimated_task_effort"": ""low"", ""textual_description"": ""The testsuite for boost/move is being compiled and run."", ""command"": ""b2 --j 3 test"", ""directory"": "".../boost/libs/move""}"
12171,1767267912,1767267912,1767267912,"{""inverter"": 1, ""source"": ""workstation2_log"", ""device"": ""workstation2"", ""task_type"": ""compilation, CPU load"", ""cpu_cores_active"": ""6"", ""library"": ""boost/lambda"", ""task_files"": 27, ""llm_estimated_task_effort"": ""low"", ""textual_description"": ""The testsuite for boost/lambda is being compiled and run."", ""command"": ""b2 --j 6 test"", ""directory"": "".../boost/libs/lambda""}"
12172,1767267929,1767267929,1767270575,"{""inverter"": 1, ""source"": ""workstation1_log"", ""device"": ""workstation1"", ""task_type"": ""compilation, CPU load"", ""cpu_cores_active"": ""1"", ""library"": ""boost/thread"", ""task_files"": 439, ""llm_estimated_task_effort"": ""high"", ""textual_description"": ""The testsuite for boost/thread is being compiled and run."", ""command"": ""b2 --j 1 test"", ""directory"": "".../boost/libs/thread""}"
12173,1767268672,1767268672,1767268673,"{""inverter"": 1, ""source"": ""workstation2_log"", ""device"": ""workstation2"", ""task_type"": ""compilation, CPU load"", ""cpu_cores_active"": ""5"", ""library"": ""boost/function_types"", ""task_files"": 47, ""llm_estimated_task_effort"": ""low"", ""textual_description"": ""The testsuite for boost/function_types is being compiled and run."", ""command"": ""b2 --j 5 test"", ""directory"": "".../boost/libs/function_types""}"
11921,1767268905,1767268905,1767269288,"{""inverter"": 1, ""source"": ""workstation2_log"", ""device"": ""workstation2"", ""task_type"": ""CNN fitting, GPU load"", ""model"": ""resnet18"", ""optim"": ""adam"", ""dataset"": ""CIFAR10"", ""batch_size"": 128, ""epochs"": 2, ""model_params"": 11689512, ""llm_estimated_task_effort"": ""low"", ""textual_description"": ""The model resnet18 is fitted on CIFAR10 using adam for 2 epochs with bs=128.""}"
11922,1767269357,1767269357,1767269707,"{""inverter"": 1, ""source"": ""workstation2_log"", ""device"": ""workstation2"", ""task_type"": ""CNN fitting, GPU load"", ""model"": ""resnet18"", ""optim"": ""sgd"", ""dataset"": ""CIFAR10"", ""batch_size"": 128, ""epochs"": 2, ""model_params"": 11689512, ""llm_estimated_task_effort"": ""low"", ""textual_description"": ""The model resnet18 is fitted on CIFAR10 using sgd for 2 epochs with bs=128.""}"
12174,1767269641,1767269641,1767269641,"{""inverter"": 1, ""source"": ""workstation2_log"", ""device"": ""workstation2"", ""task_type"": ""compilation, CPU load"", ""cpu_cores_active"": ""4"", ""library"": ""boost/outcome"", ""task_files"": 55, ""llm_estimated_task_effort"": ""low"", ""textual_description"": ""The testsuite for boost/outcome is being compiled and run."", ""command"": ""b2 --j 4 test"", ""directory"": "".../boost/libs/outcome""}"
12175,1767269900,1767269900,1767269900,"{""inverter"": 1, ""source"": ""workstation2_log"", ""device"": ""workstation2"", ""task_type"": ""compilation, CPU load"", ""cpu_cores_active"": ""4"", ""library"": ""boost/local_function"", ""task_files"": 86, ""llm_estimated_task_effort"": ""low"", ""textual_description"": ""The testsuite for boost/local_function is being compiled and run."", ""command"": ""b2 --j 4 test"", ""directory"": "".../boost/libs/local_function""}"
12176,1767270050,1767270050,1767270051,"{""inverter"": 1, ""source"": ""workstation2_log"", ""device"": ""workstation2"", ""task_type"": ""compilation, CPU load"", ""cpu_cores_active"": ""3"", ""library"": ""boost/winapi"", ""task_files"": 59, ""llm_estimated_task_effort"": ""low"", ""textual_description"": ""The testsuite for boost/winapi is being compiled and run."", ""command"": ""b2 --j 3 test"", ""directory"": "".../boost/libs/winapi""}"
12177,1767270767,1767270767,1767270850,"{""inverter"": 1, ""source"": ""workstation1_log"", ""device"": ""workstation1"", ""task_type"": ""compilation, CPU load"", ""cpu_cores_active"": ""7"", ""library"": ""boost/multi_index"", ""task_files"": 92, ""llm_estimated_task_effort"": ""low"", ""textual_description"": ""The testsuite for boost/multi_index is being compiled and run."", ""command"": ""b2 --j 7 test"", ""directory"": "".../boost/libs/multi_index""}"
12178,1767270874,1767270874,1767271038,"{""inverter"": 1, ""source"": ""workstation1_log"", ""device"": ""workstation1"", ""task_type"": ""compilation, CPU load"", ""cpu_cores_active"": ""1"", ""library"": ""boost/variant"", ""task_files"": 37, ""llm_estimated_task_effort"": ""low"", ""textual_description"": ""The testsuite for boost/variant is being compiled and run."", ""command"": ""b2 --j 1 test"", ""directory"": "".../boost/libs/variant""}"
12179,1767271429,1767271429,1767271429,"{""inverter"": 1, ""source"": ""workstation2_log"", ""device"": ""workstation2"", ""task_type"": ""compilation, CPU load"", ""cpu_cores_active"": ""4"", ""library"": ""boost/metaparse"", ""task_files"": 113, ""llm_estimated_task_effort"": ""medium"", ""textual_description"": ""The testsuite for boost/metaparse is being compiled and run."", ""command"": ""b2 --j 4 test"", ""directory"": "".../boost/libs/metaparse""}"
12180,1767271440,1767271440,1767271440,"{""inverter"": 1, ""source"": ""workstation2_log"", ""device"": ""workstation2"", ""task_type"": ""compilation, CPU load"", ""cpu_cores_active"": ""3"", ""library"": ""boost/type_index"", ""task_files"": 19, ""llm_estimated_task_effort"": ""low"", ""textual_description"": ""The testsuite for boost/type_index is being compiled and run."", ""command"": ""b2 --j 3 test"", ""directory"": "".../boost/libs/type_index""}"
12181,1767271451,1767271451,1767271451,"{""inverter"": 1, ""source"": ""workstation2_log"", ""device"": ""workstation2"", ""task_type"": ""compilation, CPU load"", ""cpu_cores_active"": ""10"", ""library"": ""boost/property_tree"", ""task_files"": 23, ""llm_estimated_task_effort"": ""low"", ""textual_description"": ""The testsuite for boost/property_tree is being compiled and run."", ""command"": ""b2 --j 10 test"", ""directory"": "".../boost/libs/property_tree""}"
12182,1767271703,1767271703,1767271704,"{""inverter"": 1, ""source"": ""workstation2_log"", ""device"": ""workstation2"", ""task_type"": ""compilation, CPU load"", ""cpu_cores_active"": ""5"", ""library"": ""boost/sort"", ""task_files"": 17, ""llm_estimated_task_effort"": ""low"", ""textual_description"": ""The testsuite for boost/sort is being compiled and run."", ""command"": ""b2 --j 5 test"", ""directory"": "".../boost/libs/sort""}"
12183,1767271719,1767271719,1767271720,"{""inverter"": 1, ""source"": ""workstation2_log"", ""device"": ""workstation2"", ""task_type"": ""compilation, CPU load"", ""cpu_cores_active"": ""1"", ""library"": ""boost/variant"", ""task_files"": 37, ""llm_estimated_task_effort"": ""low"", ""textual_description"": ""The testsuite for boost/variant is being compiled and run."", ""command"": ""b2 --j 1 test"", ""directory"": "".../boost/libs/variant""}"
12184,1767271831,1767271831,1767271832,"{""inverter"": 1, ""source"": ""workstation2_log"", ""device"": ""workstation2"", ""task_type"": ""compilation, CPU load"", ""cpu_cores_active"": ""4"", ""library"": ""boost/parameter_python"", ""task_files"": 3, ""llm_estimated_task_effort"": ""low"", ""textual_description"": ""The testsuite for boost/parameter_python is being compiled and run."", ""command"": ""b2 --j 4 test"", ""directory"": "".../boost/libs/parameter_python""}"
12185,1767271919,1767271919,1767271992,"{""inverter"": 1, ""source"": ""workstation1_log"", ""device"": ""workstation1"", ""task_type"": ""compilation, CPU load"", ""cpu_cores_active"": ""5"", ""library"": ""boost/predef"", ""task_files"": 19, ""llm_estimated_task_effort"": ""low"", ""textual_description"": ""The testsuite for boost/predef is being compiled and run."", ""command"": ""b2 --j 5 test"", ""directory"": "".../boost/libs/predef""}"
12186,1767272041,1767272041,1767272461,"{""inverter"": 1, ""source"": ""workstation1_log"", ""device"": ""workstation1"", ""task_type"": ""compilation, CPU load"", ""cpu_cores_active"": ""4"", ""library"": ""boost/hana"", ""task_files"": 831, ""llm_estimated_task_effort"": ""medium"", ""textual_description"": ""The testsuite for boost/hana is being compiled and run."", ""command"": ""b2 --j 4 test"", ""directory"": "".../boost/libs/hana""}"
11923,1767272295,1767272295,1767272635,"{""inverter"": 1, ""source"": ""workstation2_log"", ""device"": ""workstation2"", ""task_type"": ""CNN fitting, GPU load"", ""model"": ""vgg13"", ""optim"": ""sgd"", ""dataset"": ""CIFAR10"", ""batch_size"": 128, ""epochs"": 2, ""model_params"": 133047848, ""llm_estimated_task_effort"": ""medium"", ""textual_description"": ""The model vgg13 is fitted on CIFAR10 using sgd for 2 epochs with bs=128.""}"
12187,1767272503,1767272503,1767272572,"{""inverter"": 1, ""source"": ""workstation1_log"", ""device"": ""workstation1"", ""task_type"": ""compilation, CPU load"", ""cpu_cores_active"": ""5"", ""library"": ""boost/graph"", ""task_files"": 1290, ""llm_estimated_task_effort"": ""high"", ""textual_description"": ""The testsuite for boost/graph is being compiled and run."", ""command"": ""b2 --j 5 test"", ""directory"": "".../boost/libs/graph""}"
12188,1767272882,1767272882,1767272952,"{""inverter"": 1, ""source"": ""workstation1_log"", ""device"": ""workstation1"", ""task_type"": ""compilation, CPU load"", ""cpu_cores_active"": ""6"", ""library"": ""boost/lambda2"", ""task_files"": 16, ""llm_estimated_task_effort"": ""low"", ""textual_description"": ""The testsuite for boost/lambda2 is being compiled and run."", ""command"": ""b2 --j 6 test"", ""directory"": "".../boost/libs/lambda2""}"
12189,1767273195,1767273195,1767273352,"{""inverter"": 1, ""source"": ""workstation1_log"", ""device"": ""workstation1"", ""task_type"": ""compilation, CPU load"", ""cpu_cores_active"": ""8"", ""library"": ""boost/asio"", ""task_files"": 386, ""llm_estimated_task_effort"": ""high"", ""textual_description"": ""The testsuite for boost/asio is being compiled and run."", ""command"": ""b2 --j 8 test"", ""directory"": "".../boost/libs/asio""}"
12190,1767273236,1767273236,1767273237,"{""inverter"": 1, ""source"": ""workstation2_log"", ""device"": ""workstation2"", ""task_type"": ""compilation, CPU load"", ""cpu_cores_active"": ""2"", ""library"": ""boost/uuid"", ""task_files"": 68, ""llm_estimated_task_effort"": ""low"", ""textual_description"": ""The testsuite for boost/uuid is being compiled and run."", ""command"": ""b2 --j 2 test"", ""directory"": "".../boost/libs/uuid""}"
12191,1767273417,1767273417,1767273417,"{""inverter"": 1, ""source"": ""workstation2_log"", ""device"": ""workstation2"", ""task_type"": ""compilation, CPU load"", ""cpu_cores_active"": ""6"", ""library"": ""boost/smart_ptr"", ""task_files"": 292, ""llm_estimated_task_effort"": ""low"", ""textual_description"": ""The testsuite for boost/smart_ptr is being compiled and run."", ""command"": ""b2 --j 6 test"", ""directory"": "".../boost/libs/smart_ptr""}"
12192,1767273499,1767273499,1767273578,"{""inverter"": 1, ""source"": ""workstation1_log"", ""device"": ""workstation1"", ""task_type"": ""compilation, CPU load"", ""cpu_cores_active"": ""1"", ""library"": ""boost/stl_interfaces"", ""task_files"": 18, ""llm_estimated_task_effort"": ""low"", ""textual_description"": ""The testsuite for boost/stl_interfaces is being compiled and run."", ""command"": ""b2 --j 1 test"", ""directory"": "".../boost/libs/stl_interfaces""}"
11924,1767273564,1767273564,1767273904,"{""inverter"": 1, ""source"": ""workstation2_log"", ""device"": ""workstation2"", ""task_type"": ""CNN fitting, GPU load"", ""model"": ""vgg13"", ""optim"": ""sgd"", ""dataset"": ""CIFAR10"", ""batch_size"": 128, ""epochs"": 2, ""model_params"": 133047848, ""llm_estimated_task_effort"": ""medium"", ""textual_description"": ""The model vgg13 is fitted on CIFAR10 using sgd for 2 epochs with bs=128.""}"
12193,1767273592,1767273592,1767273671,"{""inverter"": 1, ""source"": ""workstation1_log"", ""device"": ""workstation1"", ""task_type"": ""compilation, CPU load"", ""cpu_cores_active"": ""3"", ""library"": ""boost/bloom"", ""task_files"": 14, ""llm_estimated_task_effort"": ""low"", ""textual_description"": ""The testsuite for boost/bloom is being compiled and run."", ""command"": ""b2 --j 3 test"", ""directory"": "".../boost/libs/bloom""}"
12194,1767273754,1767273754,1767273755,"{""inverter"": 1, ""source"": ""workstation2_log"", ""device"": ""workstation2"", ""task_type"": ""compilation, CPU load"", ""cpu_cores_active"": ""1"", ""library"": ""boost/mp11"", ""task_files"": 241, ""llm_estimated_task_effort"": ""low"", ""textual_description"": ""The testsuite for boost/mp11 is being compiled and run."", ""command"": ""b2 --j 1 test"", ""directory"": "".../boost/libs/mp11""}"
12195,1767273933,1767273933,1767273933,"{""inverter"": 1, ""source"": ""workstation2_log"", ""device"": ""workstation2"", ""task_type"": ""compilation, CPU load"", ""cpu_cores_active"": ""5"", ""library"": ""boost/core"", ""task_files"": 278, ""llm_estimated_task_effort"": ""low"", ""textual_description"": ""The testsuite for boost/core is being compiled and run."", ""command"": ""b2 --j 5 test"", ""directory"": "".../boost/libs/core""}"
12196,1767274013,1767274013,1767274124,"{""inverter"": 1, ""source"": ""workstation1_log"", ""device"": ""workstation1"", ""task_type"": ""compilation, CPU load"", ""cpu_cores_active"": ""5"", ""library"": ""boost/iostreams"", ""task_files"": 407, ""llm_estimated_task_effort"": ""high"", ""textual_description"": ""The testsuite for boost/iostreams is being compiled and run."", ""command"": ""b2 --j 5 test"", ""directory"": "".../boost/libs/iostreams""}"
11925,1767274220,1767274220,1767275399,"{""inverter"": 1, ""source"": ""workstation2_log"", ""device"": ""workstation2"", ""task_type"": ""CNN fitting, GPU load"", ""model"": ""swin_v2_s"", ""optim"": ""sgd"", ""dataset"": ""CIFAR10"", ""batch_size"": 128, ""epochs"": 2, ""model_params"": 49737442, ""llm_estimated_task_effort"": ""high"", ""textual_description"": ""The model swin_v2_s is fitted on CIFAR10 using sgd for 2 epochs with bs=128.""}"
12197,1767274298,1767274298,1767274299,"{""inverter"": 1, ""source"": ""workstation2_log"", ""device"": ""workstation2"", ""task_type"": ""compilation, CPU load"", ""cpu_cores_active"": ""5"", ""library"": ""boost/rational"", ""task_files"": 19, ""llm_estimated_task_effort"": ""low"", ""textual_description"": ""The testsuite for boost/rational is being compiled and run."", ""command"": ""b2 --j 5 test"", ""directory"": "".../boost/libs/rational""}"
12198,1767274779,1767274779,1767274855,"{""inverter"": 1, ""source"": ""workstation1_log"", ""device"": ""workstation1"", ""task_type"": ""compilation, CPU load"", ""cpu_cores_active"": ""4"", ""library"": ""boost/utility"", ""task_files"": 30, ""llm_estimated_task_effort"": ""low"", ""textual_description"": ""The testsuite for boost/utility is being compiled and run."", ""command"": ""b2 --j 4 test"", ""directory"": "".../boost/libs/utility""}"
12199,1767274985,1767274985,1767274985,"{""inverter"": 1, ""source"": ""workstation2_log"", ""device"": ""workstation2"", ""task_type"": ""compilation, CPU load"", ""cpu_cores_active"": ""8"", ""library"": ""boost/coroutine"", ""task_files"": 3, ""llm_estimated_task_effort"": ""high"", ""textual_description"": ""The testsuite for boost/coroutine is being compiled and run."", ""command"": ""b2 --j 8 test"", ""directory"": "".../boost/libs/coroutine""}"
12200,1767275343,1767275343,1767275426,"{""inverter"": 1, ""source"": ""workstation1_log"", ""device"": ""workstation1"", ""task_type"": ""compilation, CPU load"", ""cpu_cores_active"": ""4"", ""library"": ""boost/rational"", ""task_files"": 19, ""llm_estimated_task_effort"": ""low"", ""textual_description"": ""The testsuite for boost/rational is being compiled and run."", ""command"": ""b2 --j 4 test"", ""directory"": "".../boost/libs/rational""}"
12201,1767275477,1767275477,1767275555,"{""inverter"": 1, ""source"": ""workstation1_log"", ""device"": ""workstation1"", ""task_type"": ""compilation, CPU load"", ""cpu_cores_active"": ""10"", ""library"": ""boost/proto"", ""task_files"": 24, ""llm_estimated_task_effort"": ""low"", ""textual_description"": ""The testsuite for boost/proto is being compiled and run."", ""command"": ""b2 --j 10 test"", ""directory"": "".../boost/libs/proto""}"
11926,1767275553,1767275553,1767275902,"{""inverter"": 1, ""source"": ""workstation2_log"", ""device"": ""workstation2"", ""task_type"": ""CNN fitting, GPU load"", ""model"": ""vgg11"", ""optim"": ""adam"", ""dataset"": ""CIFAR10"", ""batch_size"": 128, ""epochs"": 2, ""model_params"": 132863336, ""llm_estimated_task_effort"": ""low"", ""textual_description"": ""The model vgg11 is fitted on CIFAR10 using adam for 2 epochs with bs=128.""}"
12202,1767275780,1767275780,1767275780,"{""inverter"": 1, ""source"": ""workstation2_log"", ""device"": ""workstation2"", ""task_type"": ""compilation, CPU load"", ""cpu_cores_active"": ""10"", ""library"": ""boost/charconv"", ""task_files"": 44, ""llm_estimated_task_effort"": ""low"", ""textual_description"": ""The testsuite for boost/charconv is being compiled and run."", ""command"": ""b2 --j 10 test"", ""directory"": "".../boost/libs/charconv""}"
12203,1767275787,1767275787,1767275788,"{""inverter"": 1, ""source"": ""workstation2_log"", ""device"": ""workstation2"", ""task_type"": ""compilation, CPU load"", ""cpu_cores_active"": ""10"", ""library"": ""boost/tti"", ""task_files"": 147, ""llm_estimated_task_effort"": ""low"", ""textual_description"": ""The testsuite for boost/tti is being compiled and run."", ""command"": ""b2 --j 10 test"", ""directory"": "".../boost/libs/tti""}"
12204,1767275920,1767275920,1767276104,"{""inverter"": 1, ""source"": ""workstation1_log"", ""device"": ""workstation1"", ""task_type"": ""compilation, CPU load"", ""cpu_cores_active"": ""1"", ""library"": ""boost/local_function"", ""task_files"": 86, ""llm_estimated_task_effort"": ""low"", ""textual_description"": ""The testsuite for boost/local_function is being compiled and run."", ""command"": ""b2 --j 1 test"", ""directory"": "".../boost/libs/local_function""}"
12205,1767276117,1767276117,1767276118,"{""inverter"": 1, ""source"": ""workstation2_log"", ""device"": ""workstation2"", ""task_type"": ""compilation, CPU load"", ""cpu_cores_active"": ""8"", ""library"": ""boost/local_function"", ""task_files"": 86, ""llm_estimated_task_effort"": ""low"", ""textual_description"": ""The testsuite for boost/local_function is being compiled and run."", ""command"": ""b2 --j 8 test"", ""directory"": "".../boost/libs/local_function""}"
11927,1767276121,1767276121,1767276475,"{""inverter"": 1, ""source"": ""workstation2_log"", ""device"": ""workstation2"", ""task_type"": ""CNN fitting, GPU load"", ""model"": ""vgg19"", ""optim"": ""adam"", ""dataset"": ""CIFAR10"", ""batch_size"": 128, ""epochs"": 2, ""model_params"": 143667240, ""llm_estimated_task_effort"": ""medium"", ""textual_description"": ""The model vgg19 is fitted on CIFAR10 using adam for 2 epochs with bs=128.""}"
12206,1767276122,1767276122,1767277448,"{""inverter"": 1, ""source"": ""workstation1_log"", ""device"": ""workstation1"", ""task_type"": ""compilation, CPU load"", ""cpu_cores_active"": ""2"", ""library"": ""boost/thread"", ""task_files"": 439, ""llm_estimated_task_effort"": ""high"", ""textual_description"": ""The testsuite for boost/thread is being compiled and run."", ""command"": ""b2 --j 2 test"", ""directory"": "".../boost/libs/thread""}"
12207,1767276540,1767276540,1767276540,"{""inverter"": 1, ""source"": ""workstation2_log"", ""device"": ""workstation2"", ""task_type"": ""compilation, CPU load"", ""cpu_cores_active"": ""4"", ""library"": ""boost/mpi"", ""task_files"": 75, ""llm_estimated_task_effort"": ""high"", ""textual_description"": ""The testsuite for boost/mpi is being compiled and run."", ""command"": ""b2 --j 4 test"", ""directory"": "".../boost/libs/mpi""}"
12208,1767276746,1767276746,1767276747,"{""inverter"": 1, ""source"": ""workstation2_log"", ""device"": ""workstation2"", ""task_type"": ""compilation, CPU load"", ""cpu_cores_active"": ""2"", ""library"": ""boost/url"", ""task_files"": 105, ""llm_estimated_task_effort"": ""low"", ""textual_description"": ""The testsuite for boost/url is being compiled and run."", ""command"": ""b2 --j 2 test"", ""directory"": "".../boost/libs/url""}"
12209,1767277528,1767277528,1767277528,"{""inverter"": 1, ""source"": ""workstation2_log"", ""device"": ""workstation2"", ""task_type"": ""compilation, CPU load"", ""cpu_cores_active"": ""8"", ""library"": ""boost/beast"", ""task_files"": 471, ""llm_estimated_task_effort"": ""high"", ""textual_description"": ""The testsuite for boost/beast is being compiled and run."", ""command"": ""b2 --j 8 test"", ""directory"": "".../boost/libs/beast""}"
12210,1767277907,1767277907,1767278100,"{""inverter"": 1, ""source"": ""workstation1_log"", ""device"": ""workstation1"", ""task_type"": ""compilation, CPU load"", ""cpu_cores_active"": ""1"", ""library"": ""boost/bimap"", ""task_files"": 36, ""llm_estimated_task_effort"": ""low"", ""textual_description"": ""The testsuite for boost/bimap is being compiled and run."", ""command"": ""b2 --j 1 test"", ""directory"": "".../boost/libs/bimap""}"
12211,1767278269,1767278269,1767278352,"{""inverter"": 1, ""source"": ""workstation1_log"", ""device"": ""workstation1"", ""task_type"": ""compilation, CPU load"", ""cpu_cores_active"": ""9"", ""library"": ""boost/bimap"", ""task_files"": 36, ""llm_estimated_task_effort"": ""low"", ""textual_description"": ""The testsuite for boost/bimap is being compiled and run."", ""command"": ""b2 --j 9 test"", ""directory"": "".../boost/libs/bimap""}"
12212,1767278366,1767278366,1767278823,"{""inverter"": 1, ""source"": ""workstation1_log"", ""device"": ""workstation1"", ""task_type"": ""compilation, CPU load"", ""cpu_cores_active"": ""1"", ""library"": ""boost/random"", ""task_files"": 141, ""llm_estimated_task_effort"": ""low"", ""textual_description"": ""The testsuite for boost/random is being compiled and run."", ""command"": ""b2 --j 1 test"", ""directory"": "".../boost/libs/random""}"
11928,1767278370,1767278370,1767278871,"{""inverter"": 1, ""source"": ""workstation2_log"", ""device"": ""workstation2"", ""task_type"": ""CNN fitting, GPU load"", ""model"": ""wide_resnet50_2"", ""optim"": ""adam"", ""dataset"": ""CIFAR10"", ""batch_size"": 128, ""epochs"": 2, ""model_params"": 68883240, ""llm_estimated_task_effort"": ""high"", ""textual_description"": ""The model wide_resnet50_2 is fitted on CIFAR10 using adam for 2 epochs with bs=128.""}"
11929,1767278919,1767278919,1767280082,"{""inverter"": 1, ""source"": ""workstation2_log"", ""device"": ""workstation2"", ""task_type"": ""CNN fitting, GPU load"", ""model"": ""swin_v2_s"", ""optim"": ""sgd"", ""dataset"": ""CIFAR10"", ""batch_size"": 128, ""epochs"": 2, ""model_params"": 49737442, ""llm_estimated_task_effort"": ""high"", ""textual_description"": ""The model swin_v2_s is fitted on CIFAR10 using sgd for 2 epochs with bs=128.""}"
12213,1767279193,1767279193,1767279195,"{""inverter"": 1, ""source"": ""workstation2_log"", ""device"": ""workstation2"", ""task_type"": ""compilation, CPU load"", ""cpu_cores_active"": ""7"", ""library"": ""boost/endian"", ""task_files"": 61, ""llm_estimated_task_effort"": ""low"", ""textual_description"": ""The testsuite for boost/endian is being compiled and run."", ""command"": ""b2 --j 7 test"", ""directory"": "".../boost/libs/endian""}"
12214,1767279336,1767279336,1767279338,"{""inverter"": 1, ""source"": ""workstation2_log"", ""device"": ""workstation2"", ""task_type"": ""compilation, CPU load"", ""cpu_cores_active"": ""1"", ""library"": ""boost/range"", ""task_files"": 205, ""llm_estimated_task_effort"": ""low"", ""textual_description"": ""The testsuite for boost/range is being compiled and run."", ""command"": ""b2 --j 1 test"", ""directory"": "".../boost/libs/range""}"
12215,1767279444,1767279444,1767279445,"{""inverter"": 1, ""source"": ""workstation2_log"", ""device"": ""workstation2"", ""task_type"": ""compilation, CPU load"", ""cpu_cores_active"": ""8"", ""library"": ""boost/pfr"", ""task_files"": 91, ""llm_estimated_task_effort"": ""low"", ""textual_description"": ""The testsuite for boost/pfr is being compiled and run."", ""command"": ""b2 --j 8 test"", ""directory"": "".../boost/libs/pfr""}"
12216,1767279575,1767279575,1767279576,"{""inverter"": 1, ""source"": ""workstation2_log"", ""device"": ""workstation2"", ""task_type"": ""compilation, CPU load"", ""cpu_cores_active"": ""1"", ""library"": ""boost/hof"", ""task_files"": 63, ""llm_estimated_task_effort"": ""low"", ""textual_description"": ""The testsuite for boost/hof is being compiled and run."", ""command"": ""b2 --j 1 test"", ""directory"": "".../boost/libs/hof""}"
12217,1767279657,1767279657,1767279658,"{""inverter"": 1, ""source"": ""workstation2_log"", ""device"": ""workstation2"", ""task_type"": ""compilation, CPU load"", ""cpu_cores_active"": ""5"", ""library"": ""boost/context"", ""task_files"": 7, ""llm_estimated_task_effort"": ""high"", ""textual_description"": ""The testsuite for boost/context is being compiled and run."", ""command"": ""b2 --j 5 test"", ""directory"": "".../boost/libs/context""}"
12218,1767280093,1767280093,1767280174,"{""inverter"": 1, ""source"": ""workstation1_log"", ""device"": ""workstation1"", ""task_type"": ""compilation, CPU load"", ""cpu_cores_active"": ""10"", ""library"": ""boost/rational"", ""task_files"": 19, ""llm_estimated_task_effort"": ""low"", ""textual_description"": ""The testsuite for boost/rational is being compiled and run."", ""command"": ""b2 --j 10 test"", ""directory"": "".../boost/libs/rational""}"
11930,1767280408,1767280408,1767280788,"{""inverter"": 1, ""source"": ""workstation2_log"", ""device"": ""workstation2"", ""task_type"": ""CNN fitting, GPU load"", ""model"": ""resnet18"", ""optim"": ""adam"", ""dataset"": ""CIFAR10"", ""batch_size"": 128, ""epochs"": 2, ""model_params"": 11689512, ""llm_estimated_task_effort"": ""low"", ""textual_description"": ""The model resnet18 is fitted on CIFAR10 using adam for 2 epochs with bs=128.""}"
12219,1767280531,1767280531,1767280531,"{""inverter"": 1, ""source"": ""workstation2_log"", ""device"": ""workstation2"", ""task_type"": ""compilation, CPU load"", ""cpu_cores_active"": ""1"", ""library"": ""boost/algorithm"", ""task_files"": 60, ""llm_estimated_task_effort"": ""low"", ""textual_description"": ""The testsuite for boost/algorithm is being compiled and run."", ""command"": ""b2 --j 1 test"", ""directory"": "".../boost/libs/algorithm""}"
12220,1767280592,1767280592,1767280593,"{""inverter"": 1, ""source"": ""workstation2_log"", ""device"": ""workstation2"", ""task_type"": ""compilation, CPU load"", ""cpu_cores_active"": ""8"", ""library"": ""boost/redis"", ""task_files"": 45, ""llm_estimated_task_effort"": ""medium"", ""textual_description"": ""The testsuite for boost/redis is being compiled and run."", ""command"": ""b2 --j 8 test"", ""directory"": "".../boost/libs/redis""}"
12221,1767281063,1767281063,1767281176,"{""inverter"": 1, ""source"": ""workstation1_log"", ""device"": ""workstation1"", ""task_type"": ""compilation, CPU load"", ""cpu_cores_active"": ""7"", ""library"": ""boost/mqtt5"", ""task_files"": 45, ""llm_estimated_task_effort"": ""medium"", ""textual_description"": ""The testsuite for boost/mqtt5 is being compiled and run."", ""command"": ""b2 --j 7 test"", ""directory"": "".../boost/libs/mqtt5""}"
12222,1767281184,1767281184,1767281184,"{""inverter"": 1, ""source"": ""workstation2_log"", ""device"": ""workstation2"", ""task_type"": ""compilation, CPU load"", ""cpu_cores_active"": ""7"", ""library"": ""boost/ratio"", ""task_files"": 34, ""llm_estimated_task_effort"": ""low"", ""textual_description"": ""The testsuite for boost/ratio is being compiled and run."", ""command"": ""b2 --j 7 test"", ""directory"": "".../boost/libs/ratio""}"
12223,1767281251,1767281251,1767281251,"{""inverter"": 1, ""source"": ""workstation2_log"", ""device"": ""workstation2"", ""task_type"": ""compilation, CPU load"", ""cpu_cores_active"": ""8"", ""library"": ""boost/property_map"", ""task_files"": 9, ""llm_estimated_task_effort"": ""low"", ""textual_description"": ""The testsuite for boost/property_map is being compiled and run."", ""command"": ""b2 --j 8 test"", ""directory"": "".../boost/libs/property_map""}"
12224,1767281272,1767281272,1767281273,"{""inverter"": 1, ""source"": ""workstation2_log"", ""device"": ""workstation2"", ""task_type"": ""compilation, CPU load"", ""cpu_cores_active"": ""4"", ""library"": ""boost/stl_interfaces"", ""task_files"": 18, ""llm_estimated_task_effort"": ""low"", ""textual_description"": ""The testsuite for boost/stl_interfaces is being compiled and run."", ""command"": ""b2 --j 4 test"", ""directory"": "".../boost/libs/stl_interfaces""}"
12225,1767281294,1767281294,1767281377,"{""inverter"": 1, ""source"": ""workstation1_log"", ""device"": ""workstation1"", ""task_type"": ""compilation, CPU load"", ""cpu_cores_active"": ""10"", ""library"": ""boost/polygon"", ""task_files"": 17, ""llm_estimated_task_effort"": ""high"", ""textual_description"": ""The testsuite for boost/polygon is being compiled and run."", ""command"": ""b2 --j 10 test"", ""directory"": "".../boost/libs/polygon""}"
11931,1767281429,1767281429,1767281761,"{""inverter"": 1, ""source"": ""workstation2_log"", ""device"": ""workstation2"", ""task_type"": ""CNN fitting, GPU load"", ""model"": ""vgg13"", ""optim"": ""sgd"", ""dataset"": ""CIFAR10"", ""batch_size"": 128, ""epochs"": 2, ""model_params"": 133047848, ""llm_estimated_task_effort"": ""medium"", ""textual_description"": ""The model vgg13 is fitted on CIFAR10 using sgd for 2 epochs with bs=128.""}"
12226,1767281461,1767281461,1767281461,"{""inverter"": 1, ""source"": ""workstation2_log"", ""device"": ""workstation2"", ""task_type"": ""compilation, CPU load"", ""cpu_cores_active"": ""8"", ""library"": ""boost/polygon"", ""task_files"": 17, ""llm_estimated_task_effort"": ""high"", ""textual_description"": ""The testsuite for boost/polygon is being compiled and run."", ""command"": ""b2 --j 8 test"", ""directory"": "".../boost/libs/polygon""}"
12227,1767281586,1767281586,1767281587,"{""inverter"": 1, ""source"": ""workstation2_log"", ""device"": ""workstation2"", ""task_type"": ""compilation, CPU load"", ""cpu_cores_active"": ""9"", ""library"": ""boost/property_map"", ""task_files"": 9, ""llm_estimated_task_effort"": ""low"", ""textual_description"": ""The testsuite for boost/property_map is being compiled and run."", ""command"": ""b2 --j 9 test"", ""directory"": "".../boost/libs/property_map""}"
12228,1767281757,1767281757,1767281844,"{""inverter"": 1, ""source"": ""workstation1_log"", ""device"": ""workstation1"", ""task_type"": ""compilation, CPU load"", ""cpu_cores_active"": ""8"", ""library"": ""boost/algorithm"", ""task_files"": 60, ""llm_estimated_task_effort"": ""low"", ""textual_description"": ""The testsuite for boost/algorithm is being compiled and run."", ""command"": ""b2 --j 8 test"", ""directory"": "".../boost/libs/algorithm""}"
12229,1767281866,1767281866,1767281866,"{""inverter"": 1, ""source"": ""workstation2_log"", ""device"": ""workstation2"", ""task_type"": ""compilation, CPU load"", ""cpu_cores_active"": ""7"", ""library"": ""boost/io"", ""task_files"": 9, ""llm_estimated_task_effort"": ""low"", ""textual_description"": ""The testsuite for boost/io is being compiled and run."", ""command"": ""b2 --j 7 test"", ""directory"": "".../boost/libs/io""}"
12230,1767281999,1767281999,1767282086,"{""inverter"": 1, ""source"": ""workstation1_log"", ""device"": ""workstation1"", ""task_type"": ""compilation, CPU load"", ""cpu_cores_active"": ""6"", ""library"": ""boost/parameter_python"", ""task_files"": 3, ""llm_estimated_task_effort"": ""low"", ""textual_description"": ""The testsuite for boost/parameter_python is being compiled and run."", ""command"": ""b2 --j 6 test"", ""directory"": "".../boost/libs/parameter_python""}"
11932,1767282661,1767282661,1767283165,"{""inverter"": 1, ""source"": ""workstation2_log"", ""device"": ""workstation2"", ""task_type"": ""CNN fitting, GPU load"", ""model"": ""wide_resnet50_2"", ""optim"": ""adam"", ""dataset"": ""CIFAR10"", ""batch_size"": 128, ""epochs"": 2, ""model_params"": 68883240, ""llm_estimated_task_effort"": ""high"", ""textual_description"": ""The model wide_resnet50_2 is fitted on CIFAR10 using adam for 2 epochs with bs=128.""}"
12309,1767283614,1767283614,1767283690,"{""inverter"": 1, ""source"": ""workstation1_log"", ""device"": ""workstation1"", ""task_type"": ""compilation, CPU load"", ""cpu_cores_active"": ""5"", ""library"": ""boost/throw_exception"", ""task_files"": 36, ""llm_estimated_task_effort"": ""low"", ""textual_description"": ""The testsuite for boost/throw_exception is being compiled and run."", ""command"": ""b2 --j 5 test"", ""directory"": "".../boost/libs/throw_exception""}"
12310,1767283791,1767283791,1767283792,"{""inverter"": 1, ""source"": ""workstation2_log"", ""device"": ""workstation2"", ""task_type"": ""compilation, CPU load"", ""cpu_cores_active"": ""1"", ""library"": ""boost/cobalt"", ""task_files"": 44, ""llm_estimated_task_effort"": ""medium"", ""textual_description"": ""The testsuite for boost/cobalt is being compiled and run."", ""command"": ""b2 --j 1 test"", ""directory"": "".../boost/libs/cobalt""}"
12311,1767283805,1767283805,1767283904,"{""inverter"": 1, ""source"": ""workstation1_log"", ""device"": ""workstation1"", ""task_type"": ""compilation, CPU load"", ""cpu_cores_active"": ""2"", ""library"": ""boost/tti"", ""task_files"": 147, ""llm_estimated_task_effort"": ""low"", ""textual_description"": ""The testsuite for boost/tti is being compiled and run."", ""command"": ""b2 --j 2 test"", ""directory"": "".../boost/libs/tti""}"
12231,1767283927,1767283927,1767285079,"{""inverter"": 1, ""source"": ""workstation2_log"", ""device"": ""workstation2"", ""task_type"": ""CNN fitting, GPU load"", ""model"": ""swin_v2_s"", ""optim"": ""sgd"", ""dataset"": ""CIFAR10"", ""batch_size"": 128, ""epochs"": 2, ""model_params"": 49737442, ""llm_estimated_task_effort"": ""high"", ""textual_description"": ""The model swin_v2_s is fitted on CIFAR10 using sgd for 2 epochs with bs=128.""}"
12312,1767284182,1767284182,1767284183,"{""inverter"": 1, ""source"": ""workstation2_log"", ""device"": ""workstation2"", ""task_type"": ""compilation, CPU load"", ""cpu_cores_active"": ""4"", ""library"": ""boost/numeric"", ""task_files"": 0, ""llm_estimated_task_effort"": ""low"", ""textual_description"": ""The testsuite for boost/numeric is being compiled and run."", ""command"": ""b2 --j 4 test"", ""directory"": "".../boost/libs/numeric""}"
12313,1767284494,1767284494,1767284572,"{""inverter"": 1, ""source"": ""workstation1_log"", ""device"": ""workstation1"", ""task_type"": ""compilation, CPU load"", ""cpu_cores_active"": ""5"", ""library"": ""boost/context"", ""task_files"": 7, ""llm_estimated_task_effort"": ""high"", ""textual_description"": ""The testsuite for boost/context is being compiled and run."", ""command"": ""b2 --j 5 test"", ""directory"": "".../boost/libs/context""}"
12232,1767285097,1767285097,1767285434,"{""inverter"": 1, ""source"": ""workstation2_log"", ""device"": ""workstation2"", ""task_type"": ""CNN fitting, GPU load"", ""model"": ""vgg19"", ""optim"": ""sgd"", ""dataset"": ""CIFAR10"", ""batch_size"": 128, ""epochs"": 2, ""model_params"": 143667240, ""llm_estimated_task_effort"": ""medium"", ""textual_description"": ""The model vgg19 is fitted on CIFAR10 using sgd for 2 epochs with bs=128.""}"
12314,1767285516,1767285516,1767285516,"{""inverter"": 1, ""source"": ""workstation2_log"", ""device"": ""workstation2"", ""task_type"": ""compilation, CPU load"", ""cpu_cores_active"": ""5"", ""library"": ""boost/tokenizer"", ""task_files"": 9, ""llm_estimated_task_effort"": ""low"", ""textual_description"": ""The testsuite for boost/tokenizer is being compiled and run."", ""command"": ""b2 --j 5 test"", ""directory"": "".../boost/libs/tokenizer""}"
12315,1767285668,1767285668,1767285743,"{""inverter"": 1, ""source"": ""workstation1_log"", ""device"": ""workstation1"", ""task_type"": ""compilation, CPU load"", ""cpu_cores_active"": ""8"", ""library"": ""boost/function"", ""task_files"": 43, ""llm_estimated_task_effort"": ""low"", ""textual_description"": ""The testsuite for boost/function is being compiled and run."", ""command"": ""b2 --j 8 test"", ""directory"": "".../boost/libs/function""}"
12316,1767286013,1767286013,1767286013,"{""inverter"": 1, ""source"": ""workstation2_log"", ""device"": ""workstation2"", ""task_type"": ""compilation, CPU load"", ""cpu_cores_active"": ""3"", ""library"": ""boost/mpl"", ""task_files"": 109, ""llm_estimated_task_effort"": ""low"", ""textual_description"": ""The testsuite for boost/mpl is being compiled and run."", ""command"": ""b2 --j 3 test"", ""directory"": "".../boost/libs/mpl""}"
12317,1767286262,1767286262,1767286263,"{""inverter"": 1, ""source"": ""workstation2_log"", ""device"": ""workstation2"", ""task_type"": ""compilation, CPU load"", ""cpu_cores_active"": ""10"", ""library"": ""boost/container"", ""task_files"": 98, ""llm_estimated_task_effort"": ""high"", ""textual_description"": ""The testsuite for boost/container is being compiled and run."", ""command"": ""b2 --j 10 test"", ""directory"": "".../boost/libs/container""}"
12233,1767286264,1767286264,1767286599,"{""inverter"": 1, ""source"": ""workstation2_log"", ""device"": ""workstation2"", ""task_type"": ""CNN fitting, GPU load"", ""model"": ""vgg13"", ""optim"": ""sgd"", ""dataset"": ""CIFAR10"", ""batch_size"": 128, ""epochs"": 2, ""model_params"": 133047848, ""llm_estimated_task_effort"": ""medium"", ""textual_description"": ""The model vgg13 is fitted on CIFAR10 using sgd for 2 epochs with bs=128.""}"
12318,1767286404,1767286404,1767286476,"{""inverter"": 1, ""source"": ""workstation1_log"", ""device"": ""workstation1"", ""task_type"": ""compilation, CPU load"", ""cpu_cores_active"": ""8"", ""library"": ""boost/static_assert"", ""task_files"": 17, ""llm_estimated_task_effort"": ""low"", ""textual_description"": ""The testsuite for boost/static_assert is being compiled and run."", ""command"": ""b2 --j 8 test"", ""directory"": "".../boost/libs/static_assert""}"
12319,1767286794,1767286794,1767286925,"{""inverter"": 1, ""source"": ""workstation1_log"", ""device"": ""workstation1"", ""task_type"": ""compilation, CPU load"", ""cpu_cores_active"": ""6"", ""library"": ""boost/sort"", ""task_files"": 17, ""llm_estimated_task_effort"": ""low"", ""textual_description"": ""The testsuite for boost/sort is being compiled and run."", ""command"": ""b2 --j 6 test"", ""directory"": "".../boost/libs/sort""}"
12234,1767286870,1767286870,1767287373,"{""inverter"": 1, ""source"": ""workstation2_log"", ""device"": ""workstation2"", ""task_type"": ""CNN fitting, GPU load"", ""model"": ""wide_resnet50_2"", ""optim"": ""adam"", ""dataset"": ""CIFAR10"", ""batch_size"": 128, ""epochs"": 2, ""model_params"": 68883240, ""llm_estimated_task_effort"": ""high"", ""textual_description"": ""The model wide_resnet50_2 is fitted on CIFAR10 using adam for 2 epochs with bs=128.""}"
12320,1767287305,1767287305,1767287423,"{""inverter"": 1, ""source"": ""workstation1_log"", ""device"": ""workstation1"", ""task_type"": ""compilation, CPU load"", ""cpu_cores_active"": ""5"", ""library"": ""boost/mp11"", ""task_files"": 241, ""llm_estimated_task_effort"": ""low"", ""textual_description"": ""The testsuite for boost/mp11 is being compiled and run."", ""command"": ""b2 --j 5 test"", ""directory"": "".../boost/libs/mp11""}"
12321,1767287694,1767287694,1767287694,"{""inverter"": 1, ""source"": ""workstation2_log"", ""device"": ""workstation2"", ""task_type"": ""compilation, CPU load"", ""cpu_cores_active"": ""6"", ""library"": ""boost/heap"", ""task_files"": 17, ""llm_estimated_task_effort"": ""low"", ""textual_description"": ""The testsuite for boost/heap is being compiled and run."", ""command"": ""b2 --j 6 test"", ""directory"": "".../boost/libs/heap""}"
12235,1767288041,1767288041,1767289308,"{""inverter"": 1, ""source"": ""workstation2_log"", ""device"": ""workstation2"", ""task_type"": ""CNN fitting, GPU load"", ""model"": ""swin_v2_s"", ""optim"": ""adam"", ""dataset"": ""CIFAR10"", ""batch_size"": 128, ""epochs"": 2, ""model_params"": 49737442, ""llm_estimated_task_effort"": ""high"", ""textual_description"": ""The model swin_v2_s is fitted on CIFAR10 using adam for 2 epochs with bs=128.""}"
12322,1767288235,1767288235,1767288319,"{""inverter"": 1, ""source"": ""workstation1_log"", ""device"": ""workstation1"", ""task_type"": ""compilation, CPU load"", ""cpu_cores_active"": ""9"", ""library"": ""boost/property_tree"", ""task_files"": 23, ""llm_estimated_task_effort"": ""low"", ""textual_description"": ""The testsuite for boost/property_tree is being compiled and run."", ""command"": ""b2 --j 9 test"", ""directory"": "".../boost/libs/property_tree""}"
12323,1767288324,1767288324,1767288408,"{""inverter"": 1, ""source"": ""workstation1_log"", ""device"": ""workstation1"", ""task_type"": ""compilation, CPU load"", ""cpu_cores_active"": ""10"", ""library"": ""boost/uuid"", ""task_files"": 68, ""llm_estimated_task_effort"": ""low"", ""textual_description"": ""The testsuite for boost/uuid is being compiled and run."", ""command"": ""b2 --j 10 test"", ""directory"": "".../boost/libs/uuid""}"
12236,1767289450,1767289450,1767290703,"{""inverter"": 1, ""source"": ""workstation2_log"", ""device"": ""workstation2"", ""task_type"": ""CNN fitting, GPU load"", ""model"": ""swin_v2_s"", ""optim"": ""adam"", ""dataset"": ""CIFAR10"", ""batch_size"": 128, ""epochs"": 2, ""model_params"": 49737442, ""llm_estimated_task_effort"": ""high"", ""textual_description"": ""The model swin_v2_s is fitted on CIFAR10 using adam for 2 epochs with bs=128.""}"
12324,1767290049,1767290049,1767290154,"{""inverter"": 1, ""source"": ""workstation1_log"", ""device"": ""workstation1"", ""task_type"": ""compilation, CPU load"", ""cpu_cores_active"": ""2"", ""library"": ""boost/metaparse"", ""task_files"": 113, ""llm_estimated_task_effort"": ""medium"", ""textual_description"": ""The testsuite for boost/metaparse is being compiled and run."", ""command"": ""b2 --j 2 test"", ""directory"": "".../boost/libs/metaparse""}"
12325,1767290057,1767290057,1767290058,"{""inverter"": 1, ""source"": ""workstation2_log"", ""device"": ""workstation2"", ""task_type"": ""compilation, CPU load"", ""cpu_cores_active"": ""8"", ""library"": ""boost/coroutine"", ""task_files"": 3, ""llm_estimated_task_effort"": ""high"", ""textual_description"": ""The testsuite for boost/coroutine is being compiled and run."", ""command"": ""b2 --j 8 test"", ""directory"": "".../boost/libs/coroutine""}"
12326,1767290334,1767290334,1767290335,"{""inverter"": 1, ""source"": ""workstation2_log"", ""device"": ""workstation2"", ""task_type"": ""compilation, CPU load"", ""cpu_cores_active"": ""6"", ""library"": ""boost/preprocessor"", ""task_files"": 73, ""llm_estimated_task_effort"": ""medium"", ""textual_description"": ""The testsuite for boost/preprocessor is being compiled and run."", ""command"": ""b2 --j 6 test"", ""directory"": "".../boost/libs/preprocessor""}"
12327,1767290495,1767290495,1767290696,"{""inverter"": 1, ""source"": ""workstation1_log"", ""device"": ""workstation1"", ""task_type"": ""compilation, CPU load"", ""cpu_cores_active"": ""4"", ""library"": ""boost/contract"", ""task_files"": 268, ""llm_estimated_task_effort"": ""medium"", ""textual_description"": ""The testsuite for boost/contract is being compiled and run."", ""command"": ""b2 --j 4 test"", ""directory"": "".../boost/libs/contract""}"
12237,1767290879,1767290879,1767291378,"{""inverter"": 1, ""source"": ""workstation2_log"", ""device"": ""workstation2"", ""task_type"": ""CNN fitting, GPU load"", ""model"": ""wide_resnet50_2"", ""optim"": ""adam"", ""dataset"": ""CIFAR10"", ""batch_size"": 128, ""epochs"": 2, ""model_params"": 68883240, ""llm_estimated_task_effort"": ""high"", ""textual_description"": ""The model wide_resnet50_2 is fitted on CIFAR10 using adam for 2 epochs with bs=128.""}"
12328,1767291324,1767291324,1767291543,"{""inverter"": 1, ""source"": ""workstation1_log"", ""device"": ""workstation1"", ""task_type"": ""compilation, CPU load"", ""cpu_cores_active"": ""7"", ""library"": ""boost/interprocess"", ""task_files"": 122, ""llm_estimated_task_effort"": ""high"", ""textual_description"": ""The testsuite for boost/interprocess is being compiled and run."", ""command"": ""b2 --j 7 test"", ""directory"": "".../boost/libs/interprocess""}"
12329,1767291788,1767291788,1767291885,"{""inverter"": 1, ""source"": ""workstation1_log"", ""device"": ""workstation1"", ""task_type"": ""compilation, CPU load"", ""cpu_cores_active"": ""2"", ""library"": ""boost/assign"", ""task_files"": 18, ""llm_estimated_task_effort"": ""low"", ""textual_description"": ""The testsuite for boost/assign is being compiled and run."", ""command"": ""b2 --j 2 test"", ""directory"": "".../boost/libs/assign""}"
12330,1767292223,1767292223,1767292224,"{""inverter"": 1, ""source"": ""workstation2_log"", ""device"": ""workstation2"", ""task_type"": ""compilation, CPU load"", ""cpu_cores_active"": ""1"", ""library"": ""boost/uuid"", ""task_files"": 68, ""llm_estimated_task_effort"": ""low"", ""textual_description"": ""The testsuite for boost/uuid is being compiled and run."", ""command"": ""b2 --j 1 test"", ""directory"": "".../boost/libs/uuid""}"
12238,1767292345,1767292345,1767292683,"{""inverter"": 1, ""source"": ""workstation2_log"", ""device"": ""workstation2"", ""task_type"": ""CNN fitting, GPU load"", ""model"": ""vgg11"", ""optim"": ""adam"", ""dataset"": ""CIFAR10"", ""batch_size"": 128, ""epochs"": 2, ""model_params"": 132863336, ""llm_estimated_task_effort"": ""low"", ""textual_description"": ""The model vgg11 is fitted on CIFAR10 using adam for 2 epochs with bs=128.""}"
12331,1767292635,1767292635,1767292636,"{""inverter"": 1, ""source"": ""workstation2_log"", ""device"": ""workstation2"", ""task_type"": ""compilation, CPU load"", ""cpu_cores_active"": ""2"", ""library"": ""boost/io"", ""task_files"": 9, ""llm_estimated_task_effort"": ""low"", ""textual_description"": ""The testsuite for boost/io is being compiled and run."", ""command"": ""b2 --j 2 test"", ""directory"": "".../boost/libs/io""}"
12332,1767292725,1767292725,1767292726,"{""inverter"": 1, ""source"": ""workstation2_log"", ""device"": ""workstation2"", ""task_type"": ""compilation, CPU load"", ""cpu_cores_active"": ""8"", ""library"": ""boost/yap"", ""task_files"": 4, ""llm_estimated_task_effort"": ""low"", ""textual_description"": ""The testsuite for boost/yap is being compiled and run."", ""command"": ""b2 --j 8 test"", ""directory"": "".../boost/libs/yap""}"
12333,1767292775,1767292775,1767292776,"{""inverter"": 1, ""source"": ""workstation2_log"", ""device"": ""workstation2"", ""task_type"": ""compilation, CPU load"", ""cpu_cores_active"": ""3"", ""library"": ""boost/accumulators"", ""task_files"": 52, ""llm_estimated_task_effort"": ""medium"", ""textual_description"": ""The testsuite for boost/accumulators is being compiled and run."", ""command"": ""b2 --j 3 test"", ""directory"": "".../boost/libs/accumulators""}"
12334,1767293278,1767293278,1767293278,"{""inverter"": 1, ""source"": ""workstation2_log"", ""device"": ""workstation2"", ""task_type"": ""compilation, CPU load"", ""cpu_cores_active"": ""3"", ""library"": ""boost/graph"", ""task_files"": 1290, ""llm_estimated_task_effort"": ""high"", ""textual_description"": ""The testsuite for boost/graph is being compiled and run."", ""command"": ""b2 --j 3 test"", ""directory"": "".../boost/libs/graph""}"
12335,1767293520,1767293520,1767293593,"{""inverter"": 1, ""source"": ""workstation1_log"", ""device"": ""workstation1"", ""task_type"": ""compilation, CPU load"", ""cpu_cores_active"": ""4"", ""library"": ""boost/typeof"", ""task_files"": 33, ""llm_estimated_task_effort"": ""low"", ""textual_description"": ""The testsuite for boost/typeof is being compiled and run."", ""command"": ""b2 --j 4 test"", ""directory"": "".../boost/libs/typeof""}"
12336,1767293833,1767293833,1767293901,"{""inverter"": 1, ""source"": ""workstation1_log"", ""device"": ""workstation1"", ""task_type"": ""compilation, CPU load"", ""cpu_cores_active"": ""2"", ""library"": ""boost/winapi"", ""task_files"": 59, ""llm_estimated_task_effort"": ""low"", ""textual_description"": ""The testsuite for boost/winapi is being compiled and run."", ""command"": ""b2 --j 2 test"", ""directory"": "".../boost/libs/winapi""}"
12239,1767293846,1767293846,1767294287,"{""inverter"": 1, ""source"": ""workstation2_log"", ""device"": ""workstation2"", ""task_type"": ""CNN fitting, GPU load"", ""model"": ""wide_resnet50_2"", ""optim"": ""sgd"", ""dataset"": ""CIFAR10"", ""batch_size"": 128, ""epochs"": 2, ""model_params"": 68883240, ""llm_estimated_task_effort"": ""high"", ""textual_description"": ""The model wide_resnet50_2 is fitted on CIFAR10 using sgd for 2 epochs with bs=128.""}"
12337,1767294928,1767294928,1767295007,"{""inverter"": 1, ""source"": ""workstation1_log"", ""device"": ""workstation1"", ""task_type"": ""compilation, CPU load"", ""cpu_cores_active"": ""9"", ""library"": ""boost/hof"", ""task_files"": 63, ""llm_estimated_task_effort"": ""low"", ""textual_description"": ""The testsuite for boost/hof is being compiled and run."", ""command"": ""b2 --j 9 test"", ""directory"": "".../boost/libs/hof""}"
12338,1767295059,1767295059,1767295059,"{""inverter"": 1, ""source"": ""workstation2_log"", ""device"": ""workstation2"", ""task_type"": ""compilation, CPU load"", ""cpu_cores_active"": ""1"", ""library"": ""boost/headers"", ""task_files"": 0, ""llm_estimated_task_effort"": ""low"", ""textual_description"": ""The testsuite for boost/headers is being compiled and run."", ""command"": ""b2 --j 1 test"", ""directory"": "".../boost/libs/headers""}"
12240,1767295285,1767295285,1767296441,"{""inverter"": 1, ""source"": ""workstation2_log"", ""device"": ""workstation2"", ""task_type"": ""CNN fitting, GPU load"", ""model"": ""swin_v2_s"", ""optim"": ""sgd"", ""dataset"": ""CIFAR10"", ""batch_size"": 128, ""epochs"": 2, ""model_params"": 49737442, ""llm_estimated_task_effort"": ""high"", ""textual_description"": ""The model swin_v2_s is fitted on CIFAR10 using sgd for 2 epochs with bs=128.""}"
12339,1767295615,1767295615,1767295617,"{""inverter"": 1, ""source"": ""workstation2_log"", ""device"": ""workstation2"", ""task_type"": ""compilation, CPU load"", ""cpu_cores_active"": ""10"", ""library"": ""boost/xpressive"", ""task_files"": 70, ""llm_estimated_task_effort"": ""high"", ""textual_description"": ""The testsuite for boost/xpressive is being compiled and run."", ""command"": ""b2 --j 10 test"", ""directory"": "".../boost/libs/xpressive""}"
12340,1767295880,1767295880,1767295882,"{""inverter"": 1, ""source"": ""workstation2_log"", ""device"": ""workstation2"", ""task_type"": ""compilation, CPU load"", ""cpu_cores_active"": ""3"", ""library"": ""boost/units"", ""task_files"": 51, ""llm_estimated_task_effort"": ""low"", ""textual_description"": ""The testsuite for boost/units is being compiled and run."", ""command"": ""b2 --j 3 test"", ""directory"": "".../boost/libs/units""}"
12341,1767296365,1767296365,1767296459,"{""inverter"": 1, ""source"": ""workstation1_log"", ""device"": ""workstation1"", ""task_type"": ""compilation, CPU load"", ""cpu_cores_active"": ""2"", ""library"": ""boost/yap"", ""task_files"": 4, ""llm_estimated_task_effort"": ""low"", ""textual_description"": ""The testsuite for boost/yap is being compiled and run."", ""command"": ""b2 --j 2 test"", ""directory"": "".../boost/libs/yap""}"
12241,1767297223,1767297223,1767297721,"{""inverter"": 1, ""source"": ""workstation2_log"", ""device"": ""workstation2"", ""task_type"": ""CNN fitting, GPU load"", ""model"": ""wide_resnet50_2"", ""optim"": ""adam"", ""dataset"": ""CIFAR10"", ""batch_size"": 128, ""epochs"": 2, ""model_params"": 68883240, ""llm_estimated_task_effort"": ""high"", ""textual_description"": ""The model wide_resnet50_2 is fitted on CIFAR10 using adam for 2 epochs with bs=128.""}"
12342,1767297299,1767297299,1767297300,"{""inverter"": 1, ""source"": ""workstation2_log"", ""device"": ""workstation2"", ""task_type"": ""compilation, CPU load"", ""cpu_cores_active"": ""8"", ""library"": ""boost/units"", ""task_files"": 51, ""llm_estimated_task_effort"": ""low"", ""textual_description"": ""The testsuite for boost/units is being compiled and run."", ""command"": ""b2 --j 8 test"", ""directory"": "".../boost/libs/units""}"
12343,1767297422,1767297422,1767297491,"{""inverter"": 1, ""source"": ""workstation1_log"", ""device"": ""workstation1"", ""task_type"": ""compilation, CPU load"", ""cpu_cores_active"": ""7"", ""library"": ""boost/io"", ""task_files"": 9, ""llm_estimated_task_effort"": ""low"", ""textual_description"": ""The testsuite for boost/io is being compiled and run."", ""command"": ""b2 --j 7 test"", ""directory"": "".../boost/libs/io""}"
12344,1767297581,1767297581,1767297582,"{""inverter"": 1, ""source"": ""workstation2_log"", ""device"": ""workstation2"", ""task_type"": ""compilation, CPU load"", ""cpu_cores_active"": ""10"", ""library"": ""boost/contract"", ""task_files"": 268, ""llm_estimated_task_effort"": ""medium"", ""textual_description"": ""The testsuite for boost/contract is being compiled and run."", ""command"": ""b2 --j 10 test"", ""directory"": "".../boost/libs/contract""}"
12345,1767297733,1767297733,1767297808,"{""inverter"": 1, ""source"": ""workstation1_log"", ""device"": ""workstation1"", ""task_type"": ""compilation, CPU load"", ""cpu_cores_active"": ""10"", ""library"": ""boost/container_hash"", ""task_files"": 90, ""llm_estimated_task_effort"": ""low"", ""textual_description"": ""The testsuite for boost/container_hash is being compiled and run."", ""command"": ""b2 --j 10 test"", ""directory"": "".../boost/libs/container_hash""}"
12346,1767298253,1767298253,1767298254,"{""inverter"": 1, ""source"": ""workstation2_log"", ""device"": ""workstation2"", ""task_type"": ""compilation, CPU load"", ""cpu_cores_active"": ""7"", ""library"": ""boost/msm"", ""task_files"": 57, ""llm_estimated_task_effort"": ""high"", ""textual_description"": ""The testsuite for boost/msm is being compiled and run."", ""command"": ""b2 --j 7 test"", ""directory"": "".../boost/libs/msm""}"
12242,1767298388,1767298388,1767298739,"{""inverter"": 1, ""source"": ""workstation2_log"", ""device"": ""workstation2"", ""task_type"": ""CNN fitting, GPU load"", ""model"": ""vgg19"", ""optim"": ""adam"", ""dataset"": ""CIFAR10"", ""batch_size"": 128, ""epochs"": 2, ""model_params"": 143667240, ""llm_estimated_task_effort"": ""medium"", ""textual_description"": ""The model vgg19 is fitted on CIFAR10 using adam for 2 epochs with bs=128.""}"
12347,1767298778,1767298778,1767298852,"{""inverter"": 1, ""source"": ""workstation1_log"", ""device"": ""workstation1"", ""task_type"": ""compilation, CPU load"", ""cpu_cores_active"": ""9"", ""library"": ""boost/utility"", ""task_files"": 30, ""llm_estimated_task_effort"": ""low"", ""textual_description"": ""The testsuite for boost/utility is being compiled and run."", ""command"": ""b2 --j 9 test"", ""directory"": "".../boost/libs/utility""}"
12243,1767299024,1767299024,1767299363,"{""inverter"": 1, ""source"": ""workstation2_log"", ""device"": ""workstation2"", ""task_type"": ""CNN fitting, GPU load"", ""model"": ""vgg13"", ""optim"": ""sgd"", ""dataset"": ""CIFAR10"", ""batch_size"": 128, ""epochs"": 2, ""model_params"": 133047848, ""llm_estimated_task_effort"": ""medium"", ""textual_description"": ""The model vgg13 is fitted on CIFAR10 using sgd for 2 epochs with bs=128.""}"
12348,1767299038,1767299038,1767299199,"{""inverter"": 1, ""source"": ""workstation1_log"", ""device"": ""workstation1"", ""task_type"": ""compilation, CPU load"", ""cpu_cores_active"": ""1"", ""library"": ""boost/property_tree"", ""task_files"": 23, ""llm_estimated_task_effort"": ""low"", ""textual_description"": ""The testsuite for boost/property_tree is being compiled and run."", ""command"": ""b2 --j 1 test"", ""directory"": "".../boost/libs/property_tree""}"
12349,1767299587,1767299587,1767299588,"{""inverter"": 1, ""source"": ""workstation2_log"", ""device"": ""workstation2"", ""task_type"": ""compilation, CPU load"", ""cpu_cores_active"": ""7"", ""library"": ""boost/serialization"", ""task_files"": 150, ""llm_estimated_task_effort"": ""high"", ""textual_description"": ""The testsuite for boost/serialization is being compiled and run."", ""command"": ""b2 --j 7 test"", ""directory"": "".../boost/libs/serialization""}"
12350,1767299709,1767299709,1767299907,"{""inverter"": 1, ""source"": ""workstation1_log"", ""device"": ""workstation1"", ""task_type"": ""compilation, CPU load"", ""cpu_cores_active"": ""2"", ""library"": ""boost/poly_collection"", ""task_files"": 46, ""llm_estimated_task_effort"": ""low"", ""textual_description"": ""The testsuite for boost/poly_collection is being compiled and run."", ""command"": ""b2 --j 2 test"", ""directory"": "".../boost/libs/poly_collection""}"
12244,1767299768,1767299768,1767300926,"{""inverter"": 1, ""source"": ""workstation2_log"", ""device"": ""workstation2"", ""task_type"": ""CNN fitting, GPU load"", ""model"": ""swin_v2_s"", ""optim"": ""sgd"", ""dataset"": ""CIFAR10"", ""batch_size"": 128, ""epochs"": 2, ""model_params"": 49737442, ""llm_estimated_task_effort"": ""high"", ""textual_description"": ""The model swin_v2_s is fitted on CIFAR10 using sgd for 2 epochs with bs=128.""}"
12351,1767300354,1767300354,1767300446,"{""inverter"": 1, ""source"": ""workstation1_log"", ""device"": ""workstation1"", ""task_type"": ""compilation, CPU load"", ""cpu_cores_active"": ""7"", ""library"": ""boost/core"", ""task_files"": 278, ""llm_estimated_task_effort"": ""low"", ""textual_description"": ""The testsuite for boost/core is being compiled and run."", ""command"": ""b2 --j 7 test"", ""directory"": "".../boost/libs/core""}"
12352,1767300560,1767300560,1767300561,"{""inverter"": 1, ""source"": ""workstation2_log"", ""device"": ""workstation2"", ""task_type"": ""compilation, CPU load"", ""cpu_cores_active"": ""1"", ""library"": ""boost/spirit"", ""task_files"": 331, ""llm_estimated_task_effort"": ""high"", ""textual_description"": ""The testsuite for boost/spirit is being compiled and run."", ""command"": ""b2 --j 1 test"", ""directory"": "".../boost/libs/spirit""}"
12353,1767300730,1767300730,1767300802,"{""inverter"": 1, ""source"": ""workstation1_log"", ""device"": ""workstation1"", ""task_type"": ""compilation, CPU load"", ""cpu_cores_active"": ""10"", ""library"": ""boost/bloom"", ""task_files"": 14, ""llm_estimated_task_effort"": ""low"", ""textual_description"": ""The testsuite for boost/bloom is being compiled and run."", ""command"": ""b2 --j 10 test"", ""directory"": "".../boost/libs/bloom""}"
12354,1767300822,1767300822,1767300904,"{""inverter"": 1, ""source"": ""workstation1_log"", ""device"": ""workstation1"", ""task_type"": ""compilation, CPU load"", ""cpu_cores_active"": ""2"", ""library"": ""boost/scope_exit"", ""task_files"": 32, ""llm_estimated_task_effort"": ""low"", ""textual_description"": ""The testsuite for boost/scope_exit is being compiled and run."", ""command"": ""b2 --j 2 test"", ""directory"": "".../boost/libs/scope_exit""}"
12245,1767300931,1767300931,1767301666,"{""inverter"": 1, ""source"": ""workstation2_log"", ""device"": ""workstation2"", ""task_type"": ""CNN fitting, GPU load"", ""model"": ""densenet121"", ""optim"": ""sgd"", ""dataset"": ""CIFAR10"", ""batch_size"": 128, ""epochs"": 2, ""model_params"": 7978856, ""llm_estimated_task_effort"": ""medium"", ""textual_description"": ""The model densenet121 is fitted on CIFAR10 using sgd for 2 epochs with bs=128.""}"
12355,1767300982,1767300982,1767301258,"{""inverter"": 1, ""source"": ""workstation1_log"", ""device"": ""workstation1"", ""task_type"": ""compilation, CPU load"", ""cpu_cores_active"": ""1"", ""library"": ""boost/stacktrace"", ""task_files"": 18, ""llm_estimated_task_effort"": ""medium"", ""textual_description"": ""The testsuite for boost/stacktrace is being compiled and run."", ""command"": ""b2 --j 1 test"", ""directory"": "".../boost/libs/stacktrace""}"
12356,1767300998,1767300998,1767300998,"{""inverter"": 1, ""source"": ""workstation2_log"", ""device"": ""workstation2"", ""task_type"": ""compilation, CPU load"", ""cpu_cores_active"": ""10"", ""library"": ""boost/histogram"", ""task_files"": 131, ""llm_estimated_task_effort"": ""medium"", ""textual_description"": ""The testsuite for boost/histogram is being compiled and run."", ""command"": ""b2 --j 10 test"", ""directory"": "".../boost/libs/histogram""}"
12357,1767301330,1767301330,1767301330,"{""inverter"": 1, ""source"": ""workstation2_log"", ""device"": ""workstation2"", ""task_type"": ""compilation, CPU load"", ""cpu_cores_active"": ""2"", ""library"": ""boost/fiber"", ""task_files"": 33, ""llm_estimated_task_effort"": ""high"", ""textual_description"": ""The testsuite for boost/fiber is being compiled and run."", ""command"": ""b2 --j 2 test"", ""directory"": "".../boost/libs/fiber""}"
12358,1767301360,1767301360,1767301361,"{""inverter"": 1, ""source"": ""workstation2_log"", ""device"": ""workstation2"", ""task_type"": ""compilation, CPU load"", ""cpu_cores_active"": ""3"", ""library"": ""boost/tti"", ""task_files"": 147, ""llm_estimated_task_effort"": ""low"", ""textual_description"": ""The testsuite for boost/tti is being compiled and run."", ""command"": ""b2 --j 3 test"", ""directory"": "".../boost/libs/tti""}"
12359,1767301420,1767301420,1767301420,"{""inverter"": 1, ""source"": ""workstation2_log"", ""device"": ""workstation2"", ""task_type"": ""compilation, CPU load"", ""cpu_cores_active"": ""1"", ""library"": ""boost/icl"", ""task_files"": 288, ""llm_estimated_task_effort"": ""low"", ""textual_description"": ""The testsuite for boost/icl is being compiled and run."", ""command"": ""b2 --j 1 test"", ""directory"": "".../boost/libs/icl""}"
12360,1767301914,1767301914,1767301989,"{""inverter"": 1, ""source"": ""workstation1_log"", ""device"": ""workstation1"", ""task_type"": ""compilation, CPU load"", ""cpu_cores_active"": ""10"", ""library"": ""boost/function_types"", ""task_files"": 47, ""llm_estimated_task_effort"": ""low"", ""textual_description"": ""The testsuite for boost/function_types is being compiled and run."", ""command"": ""b2 --j 10 test"", ""directory"": "".../boost/libs/function_types""}"
12361,1767302280,1767302280,1767302281,"{""inverter"": 1, ""source"": ""workstation2_log"", ""device"": ""workstation2"", ""task_type"": ""compilation, CPU load"", ""cpu_cores_active"": ""6"", ""library"": ""boost/multiprecision"", ""task_files"": 471, ""llm_estimated_task_effort"": ""high"", ""textual_description"": ""The testsuite for boost/multiprecision is being compiled and run."", ""command"": ""b2 --j 6 test"", ""directory"": "".../boost/libs/multiprecision""}"
12362,1767302425,1767302425,1767302426,"{""inverter"": 1, ""source"": ""workstation2_log"", ""device"": ""workstation2"", ""task_type"": ""compilation, CPU load"", ""cpu_cores_active"": ""8"", ""library"": ""boost/leaf"", ""task_files"": 125, ""llm_estimated_task_effort"": ""low"", ""textual_description"": ""The testsuite for boost/leaf is being compiled and run."", ""command"": ""b2 --j 8 test"", ""directory"": "".../boost/libs/leaf""}"
12363,1767302440,1767302440,1767302591,"{""inverter"": 1, ""source"": ""workstation1_log"", ""device"": ""workstation1"", ""task_type"": ""compilation, CPU load"", ""cpu_cores_active"": ""4"", ""library"": ""boost/beast"", ""task_files"": 471, ""llm_estimated_task_effort"": ""high"", ""textual_description"": ""The testsuite for boost/beast is being compiled and run."", ""command"": ""b2 --j 4 test"", ""directory"": "".../boost/libs/beast""}"
12364,1767302749,1767302749,1767302962,"{""inverter"": 1, ""source"": ""workstation1_log"", ""device"": ""workstation1"", ""task_type"": ""compilation, CPU load"", ""cpu_cores_active"": ""1"", ""library"": ""boost/signals2"", ""task_files"": 23, ""llm_estimated_task_effort"": ""low"", ""textual_description"": ""The testsuite for boost/signals2 is being compiled and run."", ""command"": ""b2 --j 1 test"", ""directory"": "".../boost/libs/signals2""}"
12246,1767302762,1767302762,1767303922,"{""inverter"": 1, ""source"": ""workstation2_log"", ""device"": ""workstation2"", ""task_type"": ""CNN fitting, GPU load"", ""model"": ""swin_v2_s"", ""optim"": ""sgd"", ""dataset"": ""CIFAR10"", ""batch_size"": 128, ""epochs"": 2, ""model_params"": 49737442, ""llm_estimated_task_effort"": ""high"", ""textual_description"": ""The model swin_v2_s is fitted on CIFAR10 using sgd for 2 epochs with bs=128.""}"
12365,1767303327,1767303327,1767303327,"{""inverter"": 1, ""source"": ""workstation2_log"", ""device"": ""workstation2"", ""task_type"": ""compilation, CPU load"", ""cpu_cores_active"": ""10"", ""library"": ""boost/mpl"", ""task_files"": 109, ""llm_estimated_task_effort"": ""low"", ""textual_description"": ""The testsuite for boost/mpl is being compiled and run."", ""command"": ""b2 --j 10 test"", ""directory"": "".../boost/libs/mpl""}"
12366,1767303387,1767303387,1767303461,"{""inverter"": 1, ""source"": ""workstation1_log"", ""device"": ""workstation1"", ""task_type"": ""compilation, CPU load"", ""cpu_cores_active"": ""10"", ""library"": ""boost/lexical_cast"", ""task_files"": 31, ""llm_estimated_task_effort"": ""low"", ""textual_description"": ""The testsuite for boost/lexical_cast is being compiled and run."", ""command"": ""b2 --j 10 test"", ""directory"": "".../boost/libs/lexical_cast""}"
12367,1767303724,1767303724,1767303725,"{""inverter"": 1, ""source"": ""workstation2_log"", ""device"": ""workstation2"", ""task_type"": ""compilation, CPU load"", ""cpu_cores_active"": ""1"", ""library"": ""boost/exception"", ""task_files"": 59, ""llm_estimated_task_effort"": ""low"", ""textual_description"": ""The testsuite for boost/exception is being compiled and run."", ""command"": ""b2 --j 1 test"", ""directory"": "".../boost/libs/exception""}"
12368,1767303912,1767303912,1767304079,"{""inverter"": 1, ""source"": ""workstation1_log"", ""device"": ""workstation1"", ""task_type"": ""compilation, CPU load"", ""cpu_cores_active"": ""1"", ""library"": ""boost/variant"", ""task_files"": 37, ""llm_estimated_task_effort"": ""low"", ""textual_description"": ""The testsuite for boost/variant is being compiled and run."", ""command"": ""b2 --j 1 test"", ""directory"": "".../boost/libs/variant""}"
12369,1767304185,1767304185,1767304186,"{""inverter"": 1, ""source"": ""workstation2_log"", ""device"": ""workstation2"", ""task_type"": ""compilation, CPU load"", ""cpu_cores_active"": ""9"", ""library"": ""boost/ratio"", ""task_files"": 34, ""llm_estimated_task_effort"": ""low"", ""textual_description"": ""The testsuite for boost/ratio is being compiled and run."", ""command"": ""b2 --j 9 test"", ""directory"": "".../boost/libs/ratio""}"
12247,1767304198,1767304198,1767304206,"{""inverter"": 1, ""source"": ""workstation2_log"", ""device"": ""workstation2"", ""task_type"": ""CNN fitting, GPU load"", ""model"": ""resnet18"", ""optim"": ""adam"", ""dataset"": ""CIFAR10"", ""batch_size"": 128, ""epochs"": 2, ""model_params"": 11689512, ""llm_estimated_task_effort"": ""low"", ""textual_description"": ""The model resnet18 is fitted on CIFAR10 using adam for 2 epochs with bs=128.""}"
12248,1767304625,1767304625,1767305775,"{""inverter"": 1, ""source"": ""workstation2_log"", ""device"": ""workstation2"", ""task_type"": ""CNN fitting, GPU load"", ""model"": ""swin_v2_s"", ""optim"": ""sgd"", ""dataset"": ""CIFAR10"", ""batch_size"": 128, ""epochs"": 2, ""model_params"": 49737442, ""llm_estimated_task_effort"": ""high"", ""textual_description"": ""The model swin_v2_s is fitted on CIFAR10 using sgd for 2 epochs with bs=128.""}"
12370,1767304752,1767304752,1767304868,"{""inverter"": 1, ""source"": ""workstation1_log"", ""device"": ""workstation1"", ""task_type"": ""compilation, CPU load"", ""cpu_cores_active"": ""10"", ""library"": ""boost/random"", ""task_files"": 141, ""llm_estimated_task_effort"": ""low"", ""textual_description"": ""The testsuite for boost/random is being compiled and run."", ""command"": ""b2 --j 10 test"", ""directory"": "".../boost/libs/random""}"
12371,1767305511,1767305511,1767305512,"{""inverter"": 1, ""source"": ""workstation2_log"", ""device"": ""workstation2"", ""task_type"": ""compilation, CPU load"", ""cpu_cores_active"": ""2"", ""library"": ""boost/bind"", ""task_files"": 81, ""llm_estimated_task_effort"": ""low"", ""textual_description"": ""The testsuite for boost/bind is being compiled and run."", ""command"": ""b2 --j 2 test"", ""directory"": "".../boost/libs/bind""}"
12372,1767305948,1767305948,1767306027,"{""inverter"": 1, ""source"": ""workstation1_log"", ""device"": ""workstation1"", ""task_type"": ""compilation, CPU load"", ""cpu_cores_active"": ""8"", ""library"": ""boost/yap"", ""task_files"": 4, ""llm_estimated_task_effort"": ""low"", ""textual_description"": ""The testsuite for boost/yap is being compiled and run."", ""command"": ""b2 --j 8 test"", ""directory"": "".../boost/libs/yap""}"
12373,1767306139,1767306139,1767306140,"{""inverter"": 1, ""source"": ""workstation2_log"", ""device"": ""workstation2"", ""task_type"": ""compilation, CPU load"", ""cpu_cores_active"": ""1"", ""library"": ""boost/url"", ""task_files"": 105, ""llm_estimated_task_effort"": ""low"", ""textual_description"": ""The testsuite for boost/url is being compiled and run."", ""command"": ""b2 --j 1 test"", ""directory"": "".../boost/libs/url""}"
12374,1767306158,1767306158,1767306159,"{""inverter"": 1, ""source"": ""workstation2_log"", ""device"": ""workstation2"", ""task_type"": ""compilation, CPU load"", ""cpu_cores_active"": ""6"", ""library"": ""boost/poly_collection"", ""task_files"": 46, ""llm_estimated_task_effort"": ""low"", ""textual_description"": ""The testsuite for boost/poly_collection is being compiled and run."", ""command"": ""b2 --j 6 test"", ""directory"": "".../boost/libs/poly_collection""}"
12249,1767306277,1767306277,1767307019,"{""inverter"": 1, ""source"": ""workstation2_log"", ""device"": ""workstation2"", ""task_type"": ""CNN fitting, GPU load"", ""model"": ""densenet121"", ""optim"": ""sgd"", ""dataset"": ""CIFAR10"", ""batch_size"": 128, ""epochs"": 2, ""model_params"": 7978856, ""llm_estimated_task_effort"": ""medium"", ""textual_description"": ""The model densenet121 is fitted on CIFAR10 using sgd for 2 epochs with bs=128.""}"
12375,1767306576,1767306576,1767306577,"{""inverter"": 1, ""source"": ""workstation2_log"", ""device"": ""workstation2"", ""task_type"": ""compilation, CPU load"", ""cpu_cores_active"": ""10"", ""library"": ""boost/container_hash"", ""task_files"": 90, ""llm_estimated_task_effort"": ""low"", ""textual_description"": ""The testsuite for boost/container_hash is being compiled and run."", ""command"": ""b2 --j 10 test"", ""directory"": "".../boost/libs/container_hash""}"
12376,1767306722,1767306722,1767306723,"{""inverter"": 1, ""source"": ""workstation2_log"", ""device"": ""workstation2"", ""task_type"": ""compilation, CPU load"", ""cpu_cores_active"": ""2"", ""library"": ""boost/circular_buffer"", ""task_files"": 8, ""llm_estimated_task_effort"": ""low"", ""textual_description"": ""The testsuite for boost/circular_buffer is being compiled and run."", ""command"": ""b2 --j 2 test"", ""directory"": "".../boost/libs/circular_buffer""}"
12250,1767307035,1767307035,1767307772,"{""inverter"": 1, ""source"": ""workstation2_log"", ""device"": ""workstation2"", ""task_type"": ""CNN fitting, GPU load"", ""model"": ""densenet121"", ""optim"": ""sgd"", ""dataset"": ""CIFAR10"", ""batch_size"": 128, ""epochs"": 2, ""model_params"": 7978856, ""llm_estimated_task_effort"": ""medium"", ""textual_description"": ""The model densenet121 is fitted on CIFAR10 using sgd for 2 epochs with bs=128.""}"
12377,1767307274,1767307274,1767307275,"{""inverter"": 1, ""source"": ""workstation2_log"", ""device"": ""workstation2"", ""task_type"": ""compilation, CPU load"", ""cpu_cores_active"": ""6"", ""library"": ""boost/lockfree"", ""task_files"": 24, ""llm_estimated_task_effort"": ""high"", ""textual_description"": ""The testsuite for boost/lockfree is being compiled and run."", ""command"": ""b2 --j 6 test"", ""directory"": "".../boost/libs/lockfree""}"
12378,1767307453,1767307453,1767307454,"{""inverter"": 1, ""source"": ""workstation2_log"", ""device"": ""workstation2"", ""task_type"": ""compilation, CPU load"", ""cpu_cores_active"": ""8"", ""library"": ""boost/cobalt"", ""task_files"": 44, ""llm_estimated_task_effort"": ""medium"", ""textual_description"": ""The testsuite for boost/cobalt is being compiled and run."", ""command"": ""b2 --j 8 test"", ""directory"": "".../boost/libs/cobalt""}"
12379,1767307669,1767307669,1767307847,"{""inverter"": 1, ""source"": ""workstation1_log"", ""device"": ""workstation1"", ""task_type"": ""compilation, CPU load"", ""cpu_cores_active"": ""3"", ""library"": ""boost/sort"", ""task_files"": 17, ""llm_estimated_task_effort"": ""low"", ""textual_description"": ""The testsuite for boost/sort is being compiled and run."", ""command"": ""b2 --j 3 test"", ""directory"": "".../boost/libs/sort""}"
12380,1767307939,1767307939,1767308020,"{""inverter"": 1, ""source"": ""workstation1_log"", ""device"": ""workstation1"", ""task_type"": ""compilation, CPU load"", ""cpu_cores_active"": ""8"", ""library"": ""boost/chrono"", ""task_files"": 67, ""llm_estimated_task_effort"": ""low"", ""textual_description"": ""The testsuite for boost/chrono is being compiled and run."", ""command"": ""b2 --j 8 test"", ""directory"": "".../boost/libs/chrono""}"
12381,1767308222,1767308222,1767308296,"{""inverter"": 1, ""source"": ""workstation1_log"", ""device"": ""workstation1"", ""task_type"": ""compilation, CPU load"", ""cpu_cores_active"": ""10"", ""library"": ""boost/locale"", ""task_files"": 48, ""llm_estimated_task_effort"": ""high"", ""textual_description"": ""The testsuite for boost/locale is being compiled and run."", ""command"": ""b2 --j 10 test"", ""directory"": "".../boost/libs/locale""}"
12251,1767309440,1767309440,1767309944,"{""inverter"": 1, ""source"": ""workstation2_log"", ""device"": ""workstation2"", ""task_type"": ""CNN fitting, GPU load"", ""model"": ""wide_resnet50_2"", ""optim"": ""adam"", ""dataset"": ""CIFAR10"", ""batch_size"": 128, ""epochs"": 2, ""model_params"": 68883240, ""llm_estimated_task_effort"": ""high"", ""textual_description"": ""The model wide_resnet50_2 is fitted on CIFAR10 using adam for 2 epochs with bs=128.""}"
12382,1767309633,1767309633,1767309708,"{""inverter"": 1, ""source"": ""workstation1_log"", ""device"": ""workstation1"", ""task_type"": ""compilation, CPU load"", ""cpu_cores_active"": ""7"", ""library"": ""boost/context"", ""task_files"": 7, ""llm_estimated_task_effort"": ""high"", ""textual_description"": ""The testsuite for boost/context is being compiled and run."", ""command"": ""b2 --j 7 test"", ""directory"": "".../boost/libs/context""}"
12383,1767309991,1767309991,1767309992,"{""inverter"": 1, ""source"": ""workstation2_log"", ""device"": ""workstation2"", ""task_type"": ""compilation, CPU load"", ""cpu_cores_active"": ""6"", ""library"": ""boost/rational"", ""task_files"": 19, ""llm_estimated_task_effort"": ""low"", ""textual_description"": ""The testsuite for boost/rational is being compiled and run."", ""command"": ""b2 --j 6 test"", ""directory"": "".../boost/libs/rational""}"
12252,1767310071,1767310071,1767310509,"{""inverter"": 1, ""source"": ""workstation2_log"", ""device"": ""workstation2"", ""task_type"": ""CNN fitting, GPU load"", ""model"": ""wide_resnet50_2"", ""optim"": ""sgd"", ""dataset"": ""CIFAR10"", ""batch_size"": 128, ""epochs"": 2, ""model_params"": 68883240, ""llm_estimated_task_effort"": ""high"", ""textual_description"": ""The model wide_resnet50_2 is fitted on CIFAR10 using sgd for 2 epochs with bs=128.""}"
12384,1767310329,1767310329,1767310405,"{""inverter"": 1, ""source"": ""workstation1_log"", ""device"": ""workstation1"", ""task_type"": ""compilation, CPU load"", ""cpu_cores_active"": ""8"", ""library"": ""boost/function_types"", ""task_files"": 47, ""llm_estimated_task_effort"": ""low"", ""textual_description"": ""The testsuite for boost/function_types is being compiled and run."", ""command"": ""b2 --j 8 test"", ""directory"": "".../boost/libs/function_types""}"
12385,1767310432,1767310432,1767310503,"{""inverter"": 1, ""source"": ""workstation1_log"", ""device"": ""workstation1"", ""task_type"": ""compilation, CPU load"", ""cpu_cores_active"": ""3"", ""library"": ""boost/cobalt"", ""task_files"": 44, ""llm_estimated_task_effort"": ""medium"", ""textual_description"": ""The testsuite for boost/cobalt is being compiled and run."", ""command"": ""b2 --j 3 test"", ""directory"": "".../boost/libs/cobalt""}"
12386,1767310514,1767310514,1767310598,"{""inverter"": 1, ""source"": ""workstation1_log"", ""device"": ""workstation1"", ""task_type"": ""compilation, CPU load"", ""cpu_cores_active"": ""4"", ""library"": ""boost/function"", ""task_files"": 43, ""llm_estimated_task_effort"": ""low"", ""textual_description"": ""The testsuite for boost/function is being compiled and run."", ""command"": ""b2 --j 4 test"", ""directory"": "".../boost/libs/function""}"
12253,1767310785,1767310785,1767311160,"{""inverter"": 1, ""source"": ""workstation2_log"", ""device"": ""workstation2"", ""task_type"": ""CNN fitting, GPU load"", ""model"": ""resnet18"", ""optim"": ""adam"", ""dataset"": ""CIFAR10"", ""batch_size"": 128, ""epochs"": 2, ""model_params"": 11689512, ""llm_estimated_task_effort"": ""low"", ""textual_description"": ""The model resnet18 is fitted on CIFAR10 using adam for 2 epochs with bs=128.""}"
12387,1767310852,1767310852,1767310924,"{""inverter"": 1, ""source"": ""workstation1_log"", ""device"": ""workstation1"", ""task_type"": ""compilation, CPU load"", ""cpu_cores_active"": ""9"", ""library"": ""boost/predef"", ""task_files"": 19, ""llm_estimated_task_effort"": ""low"", ""textual_description"": ""The testsuite for boost/predef is being compiled and run."", ""command"": ""b2 --j 9 test"", ""directory"": "".../boost/libs/predef""}"
12388,1767311142,1767311142,1767311302,"{""inverter"": 1, ""source"": ""workstation1_log"", ""device"": ""workstation1"", ""task_type"": ""compilation, CPU load"", ""cpu_cores_active"": ""3"", ""library"": ""boost/histogram"", ""task_files"": 131, ""llm_estimated_task_effort"": ""medium"", ""textual_description"": ""The testsuite for boost/histogram is being compiled and run."", ""command"": ""b2 --j 3 test"", ""directory"": "".../boost/libs/histogram""}"
12254,1767311199,1767311199,1767311532,"{""inverter"": 1, ""source"": ""workstation2_log"", ""device"": ""workstation2"", ""task_type"": ""CNN fitting, GPU load"", ""model"": ""vgg11"", ""optim"": ""sgd"", ""dataset"": ""CIFAR10"", ""batch_size"": 128, ""epochs"": 2, ""model_params"": 132863336, ""llm_estimated_task_effort"": ""low"", ""textual_description"": ""The model vgg11 is fitted on CIFAR10 using sgd for 2 epochs with bs=128.""}"
12389,1767311312,1767311312,1767311422,"{""inverter"": 1, ""source"": ""workstation1_log"", ""device"": ""workstation1"", ""task_type"": ""compilation, CPU load"", ""cpu_cores_active"": ""4"", ""library"": ""boost/qvm"", ""task_files"": 141, ""llm_estimated_task_effort"": ""low"", ""textual_description"": ""The testsuite for boost/qvm is being compiled and run."", ""command"": ""b2 --j 4 test"", ""directory"": "".../boost/libs/qvm""}"
12255,1767312354,1767312354,1767312695,"{""inverter"": 1, ""source"": ""workstation2_log"", ""device"": ""workstation2"", ""task_type"": ""CNN fitting, GPU load"", ""model"": ""vgg19"", ""optim"": ""adam"", ""dataset"": ""CIFAR10"", ""batch_size"": 128, ""epochs"": 2, ""model_params"": 143667240, ""llm_estimated_task_effort"": ""medium"", ""textual_description"": ""The model vgg19 is fitted on CIFAR10 using adam for 2 epochs with bs=128.""}"
12390,1767312365,1767312365,1767312365,"{""inverter"": 1, ""source"": ""workstation2_log"", ""device"": ""workstation2"", ""task_type"": ""compilation, CPU load"", ""cpu_cores_active"": ""3"", ""library"": ""boost/multiprecision"", ""task_files"": 471, ""llm_estimated_task_effort"": ""high"", ""textual_description"": ""The testsuite for boost/multiprecision is being compiled and run."", ""command"": ""b2 --j 3 test"", ""directory"": "".../boost/libs/multiprecision""}"
12391,1767312477,1767312477,1767312478,"{""inverter"": 1, ""source"": ""workstation2_log"", ""device"": ""workstation2"", ""task_type"": ""compilation, CPU load"", ""cpu_cores_active"": ""1"", ""library"": ""boost/utility"", ""task_files"": 30, ""llm_estimated_task_effort"": ""low"", ""textual_description"": ""The testsuite for boost/utility is being compiled and run."", ""command"": ""b2 --j 1 test"", ""directory"": "".../boost/libs/utility""}"
12392,1767312580,1767312580,1767312655,"{""inverter"": 1, ""source"": ""workstation1_log"", ""device"": ""workstation1"", ""task_type"": ""compilation, CPU load"", ""cpu_cores_active"": ""5"", ""library"": ""boost/stl_interfaces"", ""task_files"": 18, ""llm_estimated_task_effort"": ""low"", ""textual_description"": ""The testsuite for boost/stl_interfaces is being compiled and run."", ""command"": ""b2 --j 5 test"", ""directory"": "".../boost/libs/stl_interfaces""}"
12256,1767312707,1767312707,1767313082,"{""inverter"": 1, ""source"": ""workstation2_log"", ""device"": ""workstation2"", ""task_type"": ""CNN fitting, GPU load"", ""model"": ""resnet18"", ""optim"": ""adam"", ""dataset"": ""CIFAR10"", ""batch_size"": 128, ""epochs"": 2, ""model_params"": 11689512, ""llm_estimated_task_effort"": ""low"", ""textual_description"": ""The model resnet18 is fitted on CIFAR10 using adam for 2 epochs with bs=128.""}"
12393,1767312729,1767312729,1767312801,"{""inverter"": 1, ""source"": ""workstation1_log"", ""device"": ""workstation1"", ""task_type"": ""compilation, CPU load"", ""cpu_cores_active"": ""10"", ""library"": ""boost/lambda2"", ""task_files"": 16, ""llm_estimated_task_effort"": ""low"", ""textual_description"": ""The testsuite for boost/lambda2 is being compiled and run."", ""command"": ""b2 --j 10 test"", ""directory"": "".../boost/libs/lambda2""}"
12257,1767313322,1767313322,1767314594,"{""inverter"": 1, ""source"": ""workstation2_log"", ""device"": ""workstation2"", ""task_type"": ""CNN fitting, GPU load"", ""model"": ""swin_v2_s"", ""optim"": ""adam"", ""dataset"": ""CIFAR10"", ""batch_size"": 128, ""epochs"": 2, ""model_params"": 49737442, ""llm_estimated_task_effort"": ""high"", ""textual_description"": ""The model swin_v2_s is fitted on CIFAR10 using adam for 2 epochs with bs=128.""}"
12394,1767313391,1767313391,1767313391,"{""inverter"": 1, ""source"": ""workstation2_log"", ""device"": ""workstation2"", ""task_type"": ""compilation, CPU load"", ""cpu_cores_active"": ""6"", ""library"": ""boost/context"", ""task_files"": 7, ""llm_estimated_task_effort"": ""high"", ""textual_description"": ""The testsuite for boost/context is being compiled and run."", ""command"": ""b2 --j 6 test"", ""directory"": "".../boost/libs/context""}"
12395,1767313679,1767313679,1767313779,"{""inverter"": 1, ""source"": ""workstation1_log"", ""device"": ""workstation1"", ""task_type"": ""compilation, CPU load"", ""cpu_cores_active"": ""2"", ""library"": ""boost/charconv"", ""task_files"": 44, ""llm_estimated_task_effort"": ""low"", ""textual_description"": ""The testsuite for boost/charconv is being compiled and run."", ""command"": ""b2 --j 2 test"", ""directory"": "".../boost/libs/charconv""}"
12396,1767313747,1767313747,1767313747,"{""inverter"": 1, ""source"": ""workstation2_log"", ""device"": ""workstation2"", ""task_type"": ""compilation, CPU load"", ""cpu_cores_active"": ""3"", ""library"": ""boost/redis"", ""task_files"": 45, ""llm_estimated_task_effort"": ""medium"", ""textual_description"": ""The testsuite for boost/redis is being compiled and run."", ""command"": ""b2 --j 3 test"", ""directory"": "".../boost/libs/redis""}"
12397,1767313789,1767313789,1767313883,"{""inverter"": 1, ""source"": ""workstation1_log"", ""device"": ""workstation1"", ""task_type"": ""compilation, CPU load"", ""cpu_cores_active"": ""8"", ""library"": ""boost/system"", ""task_files"": 126, ""llm_estimated_task_effort"": ""low"", ""textual_description"": ""The testsuite for boost/system is being compiled and run."", ""command"": ""b2 --j 8 test"", ""directory"": "".../boost/libs/system""}"
12398,1767314155,1767314155,1767314284,"{""inverter"": 1, ""source"": ""workstation1_log"", ""device"": ""workstation1"", ""task_type"": ""compilation, CPU load"", ""cpu_cores_active"": ""4"", ""library"": ""boost/core"", ""task_files"": 278, ""llm_estimated_task_effort"": ""low"", ""textual_description"": ""The testsuite for boost/core is being compiled and run."", ""command"": ""b2 --j 4 test"", ""directory"": "".../boost/libs/core""}"
12399,1767314382,1767314382,1767314383,"{""inverter"": 1, ""source"": ""workstation2_log"", ""device"": ""workstation2"", ""task_type"": ""compilation, CPU load"", ""cpu_cores_active"": ""3"", ""library"": ""boost/bimap"", ""task_files"": 36, ""llm_estimated_task_effort"": ""low"", ""textual_description"": ""The testsuite for boost/bimap is being compiled and run."", ""command"": ""b2 --j 3 test"", ""directory"": "".../boost/libs/bimap""}"
12400,1767314393,1767314393,1767314476,"{""inverter"": 1, ""source"": ""workstation1_log"", ""device"": ""workstation1"", ""task_type"": ""compilation, CPU load"", ""cpu_cores_active"": ""4"", ""library"": ""boost/metaparse"", ""task_files"": 113, ""llm_estimated_task_effort"": ""medium"", ""textual_description"": ""The testsuite for boost/metaparse is being compiled and run."", ""command"": ""b2 --j 4 test"", ""directory"": "".../boost/libs/metaparse""}"
12401,1767314399,1767314399,1767314399,"{""inverter"": 1, ""source"": ""workstation2_log"", ""device"": ""workstation2"", ""task_type"": ""compilation, CPU load"", ""cpu_cores_active"": ""8"", ""library"": ""boost/cobalt"", ""task_files"": 44, ""llm_estimated_task_effort"": ""medium"", ""textual_description"": ""The testsuite for boost/cobalt is being compiled and run."", ""command"": ""b2 --j 8 test"", ""directory"": "".../boost/libs/cobalt""}"
12402,1767314438,1767314438,1767314439,"{""inverter"": 1, ""source"": ""workstation2_log"", ""device"": ""workstation2"", ""task_type"": ""compilation, CPU load"", ""cpu_cores_active"": ""5"", ""library"": ""boost/openmethod"", ""task_files"": 41, ""llm_estimated_task_effort"": ""n/a"", ""textual_description"": ""The testsuite for boost/openmethod is being compiled and run."", ""command"": ""b2 --j 5 test"", ""directory"": "".../boost/libs/openmethod""}"
12403,1767315054,1767315054,1767315120,"{""inverter"": 1, ""source"": ""workstation1_log"", ""device"": ""workstation1"", ""task_type"": ""compilation, CPU load"", ""cpu_cores_active"": ""9"", ""library"": ""boost/graph_parallel"", ""task_files"": 30, ""llm_estimated_task_effort"": ""high"", ""textual_description"": ""The testsuite for boost/graph_parallel is being compiled and run."", ""command"": ""b2 --j 9 test"", ""directory"": "".../boost/libs/graph_parallel""}"
12404,1767315151,1767315151,1767315152,"{""inverter"": 1, ""source"": ""workstation2_log"", ""device"": ""workstation2"", ""task_type"": ""compilation, CPU load"", ""cpu_cores_active"": ""4"", ""library"": ""boost/units"", ""task_files"": 51, ""llm_estimated_task_effort"": ""low"", ""textual_description"": ""The testsuite for boost/units is being compiled and run."", ""command"": ""b2 --j 4 test"", ""directory"": "".../boost/libs/units""}"
12405,1767315328,1767315328,1767315328,"{""inverter"": 1, ""source"": ""workstation2_log"", ""device"": ""workstation2"", ""task_type"": ""compilation, CPU load"", ""cpu_cores_active"": ""8"", ""library"": ""boost/stacktrace"", ""task_files"": 18, ""llm_estimated_task_effort"": ""medium"", ""textual_description"": ""The testsuite for boost/stacktrace is being compiled and run."", ""command"": ""b2 --j 8 test"", ""directory"": "".../boost/libs/stacktrace""}"
12258,1767315616,1767315616,1767316874,"{""inverter"": 1, ""source"": ""workstation2_log"", ""device"": ""workstation2"", ""task_type"": ""CNN fitting, GPU load"", ""model"": ""swin_v2_s"", ""optim"": ""adam"", ""dataset"": ""CIFAR10"", ""batch_size"": 128, ""epochs"": 2, ""model_params"": 49737442, ""llm_estimated_task_effort"": ""high"", ""textual_description"": ""The model swin_v2_s is fitted on CIFAR10 using adam for 2 epochs with bs=128.""}"
12406,1767315664,1767315664,1767315741,"{""inverter"": 1, ""source"": ""workstation1_log"", ""device"": ""workstation1"", ""task_type"": ""compilation, CPU load"", ""cpu_cores_active"": ""9"", ""library"": ""boost/coroutine2"", ""task_files"": 2, ""llm_estimated_task_effort"": ""high"", ""textual_description"": ""The testsuite for boost/coroutine2 is being compiled and run."", ""command"": ""b2 --j 9 test"", ""directory"": "".../boost/libs/coroutine2""}"
12407,1767316261,1767316261,1767316334,"{""inverter"": 1, ""source"": ""workstation1_log"", ""device"": ""workstation1"", ""task_type"": ""compilation, CPU load"", ""cpu_cores_active"": ""8"", ""library"": ""boost/scope"", ""task_files"": 27, ""llm_estimated_task_effort"": ""low"", ""textual_description"": ""The testsuite for boost/scope is being compiled and run."", ""command"": ""b2 --j 8 test"", ""directory"": "".../boost/libs/scope""}"
12408,1767316707,1767316707,1767316708,"{""inverter"": 1, ""source"": ""workstation2_log"", ""device"": ""workstation2"", ""task_type"": ""compilation, CPU load"", ""cpu_cores_active"": ""3"", ""library"": ""boost/numeric"", ""task_files"": 0, ""llm_estimated_task_effort"": ""low"", ""textual_description"": ""The testsuite for boost/numeric is being compiled and run."", ""command"": ""b2 --j 3 test"", ""directory"": "".../boost/libs/numeric""}"
12409,1767317689,1767317689,1767317764,"{""inverter"": 1, ""source"": ""workstation1_log"", ""device"": ""workstation1"", ""task_type"": ""compilation, CPU load"", ""cpu_cores_active"": ""8"", ""library"": ""boost/callable_traits"", ""task_files"": 52, ""llm_estimated_task_effort"": ""low"", ""textual_description"": ""The testsuite for boost/callable_traits is being compiled and run."", ""command"": ""b2 --j 8 test"", ""directory"": "".../boost/libs/callable_traits""}"
12259,1767317746,1767317746,1767318092,"{""inverter"": 1, ""source"": ""workstation2_log"", ""device"": ""workstation2"", ""task_type"": ""CNN fitting, GPU load"", ""model"": ""resnet18"", ""optim"": ""sgd"", ""dataset"": ""CIFAR10"", ""batch_size"": 128, ""epochs"": 2, ""model_params"": 11689512, ""llm_estimated_task_effort"": ""low"", ""textual_description"": ""The model resnet18 is fitted on CIFAR10 using sgd for 2 epochs with bs=128.""}"
12410,1767317867,1767317867,1767317951,"{""inverter"": 1, ""source"": ""workstation1_log"", ""device"": ""workstation1"", ""task_type"": ""compilation, CPU load"", ""cpu_cores_active"": ""3"", ""library"": ""boost/rational"", ""task_files"": 19, ""llm_estimated_task_effort"": ""low"", ""textual_description"": ""The testsuite for boost/rational is being compiled and run."", ""command"": ""b2 --j 3 test"", ""directory"": "".../boost/libs/rational""}"
12411,1767318013,1767318013,1767318015,"{""inverter"": 1, ""source"": ""workstation2_log"", ""device"": ""workstation2"", ""task_type"": ""compilation, CPU load"", ""cpu_cores_active"": ""6"", ""library"": ""boost/utility"", ""task_files"": 30, ""llm_estimated_task_effort"": ""low"", ""textual_description"": ""The testsuite for boost/utility is being compiled and run."", ""command"": ""b2 --j 6 test"", ""directory"": "".../boost/libs/utility""}"
12412,1767318153,1767318153,1767318227,"{""inverter"": 1, ""source"": ""workstation1_log"", ""device"": ""workstation1"", ""task_type"": ""compilation, CPU load"", ""cpu_cores_active"": ""7"", ""library"": ""boost/type_index"", ""task_files"": 19, ""llm_estimated_task_effort"": ""low"", ""textual_description"": ""The testsuite for boost/type_index is being compiled and run."", ""command"": ""b2 --j 7 test"", ""directory"": "".../boost/libs/type_index""}"
12413,1767318155,1767318155,1767318155,"{""inverter"": 1, ""source"": ""workstation2_log"", ""device"": ""workstation2"", ""task_type"": ""compilation, CPU load"", ""cpu_cores_active"": ""10"", ""library"": ""boost/config"", ""task_files"": 754, ""llm_estimated_task_effort"": ""low"", ""textual_description"": ""The testsuite for boost/config is being compiled and run."", ""command"": ""b2 --j 10 test"", ""directory"": "".../boost/libs/config""}"
12414,1767318221,1767318221,1767318221,"{""inverter"": 1, ""source"": ""workstation2_log"", ""device"": ""workstation2"", ""task_type"": ""compilation, CPU load"", ""cpu_cores_active"": ""5"", ""library"": ""boost/throw_exception"", ""task_files"": 36, ""llm_estimated_task_effort"": ""low"", ""textual_description"": ""The testsuite for boost/throw_exception is being compiled and run."", ""command"": ""b2 --j 5 test"", ""directory"": "".../boost/libs/throw_exception""}"
12260,1767318480,1767318480,1767318982,"{""inverter"": 1, ""source"": ""workstation2_log"", ""device"": ""workstation2"", ""task_type"": ""CNN fitting, GPU load"", ""model"": ""wide_resnet50_2"", ""optim"": ""adam"", ""dataset"": ""CIFAR10"", ""batch_size"": 128, ""epochs"": 2, ""model_params"": 68883240, ""llm_estimated_task_effort"": ""high"", ""textual_description"": ""The model wide_resnet50_2 is fitted on CIFAR10 using adam for 2 epochs with bs=128.""}"
12415,1767318656,1767318656,1767318657,"{""inverter"": 1, ""source"": ""workstation2_log"", ""device"": ""workstation2"", ""task_type"": ""compilation, CPU load"", ""cpu_cores_active"": ""9"", ""library"": ""boost/parser"", ""task_files"": 40, ""llm_estimated_task_effort"": ""low"", ""textual_description"": ""The testsuite for boost/parser is being compiled and run."", ""command"": ""b2 --j 9 test"", ""directory"": "".../boost/libs/parser""}"
12416,1767319225,1767319225,1767319225,"{""inverter"": 1, ""source"": ""workstation2_log"", ""device"": ""workstation2"", ""task_type"": ""compilation, CPU load"", ""cpu_cores_active"": ""3"", ""library"": ""boost/program_options"", ""task_files"": 26, ""llm_estimated_task_effort"": ""high"", ""textual_description"": ""The testsuite for boost/program_options is being compiled and run."", ""command"": ""b2 --j 3 test"", ""directory"": "".../boost/libs/program_options""}"
12417,1767319296,1767319296,1767319297,"{""inverter"": 1, ""source"": ""workstation2_log"", ""device"": ""workstation2"", ""task_type"": ""compilation, CPU load"", ""cpu_cores_active"": ""10"", ""library"": ""boost/geometry"", ""task_files"": 665, ""llm_estimated_task_effort"": ""high"", ""textual_description"": ""The testsuite for boost/geometry is being compiled and run."", ""command"": ""b2 --j 10 test"", ""directory"": "".../boost/libs/geometry""}"
12418,1767319346,1767319346,1767319348,"{""inverter"": 1, ""source"": ""workstation2_log"", ""device"": ""workstation2"", ""task_type"": ""compilation, CPU load"", ""cpu_cores_active"": ""8"", ""library"": ""boost/asio"", ""task_files"": 386, ""llm_estimated_task_effort"": ""high"", ""textual_description"": ""The testsuite for boost/asio is being compiled and run."", ""command"": ""b2 --j 8 test"", ""directory"": "".../boost/libs/asio""}"
12419,1767319477,1767319477,1767319477,"{""inverter"": 1, ""source"": ""workstation2_log"", ""device"": ""workstation2"", ""task_type"": ""compilation, CPU load"", ""cpu_cores_active"": ""10"", ""library"": ""boost/bloom"", ""task_files"": 14, ""llm_estimated_task_effort"": ""low"", ""textual_description"": ""The testsuite for boost/bloom is being compiled and run."", ""command"": ""b2 --j 10 test"", ""directory"": "".../boost/libs/bloom""}"
12420,1767319737,1767319737,1767319841,"{""inverter"": 1, ""source"": ""workstation1_log"", ""device"": ""workstation1"", ""task_type"": ""compilation, CPU load"", ""cpu_cores_active"": ""2"", ""library"": ""boost/flyweight"", ""task_files"": 40, ""llm_estimated_task_effort"": ""low"", ""textual_description"": ""The testsuite for boost/flyweight is being compiled and run."", ""command"": ""b2 --j 2 test"", ""directory"": "".../boost/libs/flyweight""}"
12421,1767319846,1767319846,1767319846,"{""inverter"": 1, ""source"": ""workstation2_log"", ""device"": ""workstation2"", ""task_type"": ""compilation, CPU load"", ""cpu_cores_active"": ""8"", ""library"": ""boost/iostreams"", ""task_files"": 407, ""llm_estimated_task_effort"": ""high"", ""textual_description"": ""The testsuite for boost/iostreams is being compiled and run."", ""command"": ""b2 --j 8 test"", ""directory"": "".../boost/libs/iostreams""}"
12422,1767320037,1767320037,1767320139,"{""inverter"": 1, ""source"": ""workstation1_log"", ""device"": ""workstation1"", ""task_type"": ""compilation, CPU load"", ""cpu_cores_active"": ""2"", ""library"": ""boost/compat"", ""task_files"": 65, ""llm_estimated_task_effort"": ""low"", ""textual_description"": ""The testsuite for boost/compat is being compiled and run."", ""command"": ""b2 --j 2 test"", ""directory"": "".../boost/libs/compat""}"
12423,1767320227,1767320227,1767320228,"{""inverter"": 1, ""source"": ""workstation2_log"", ""device"": ""workstation2"", ""task_type"": ""compilation, CPU load"", ""cpu_cores_active"": ""7"", ""library"": ""boost/scope"", ""task_files"": 27, ""llm_estimated_task_effort"": ""low"", ""textual_description"": ""The testsuite for boost/scope is being compiled and run."", ""command"": ""b2 --j 7 test"", ""directory"": "".../boost/libs/scope""}"
12424,1767320357,1767320357,1767320358,"{""inverter"": 1, ""source"": ""workstation2_log"", ""device"": ""workstation2"", ""task_type"": ""compilation, CPU load"", ""cpu_cores_active"": ""9"", ""library"": ""boost/array"", ""task_files"": 52, ""llm_estimated_task_effort"": ""low"", ""textual_description"": ""The testsuite for boost/array is being compiled and run."", ""command"": ""b2 --j 9 test"", ""directory"": "".../boost/libs/array""}"
12425,1767320562,1767320562,1767320563,"{""inverter"": 1, ""source"": ""workstation2_log"", ""device"": ""workstation2"", ""task_type"": ""compilation, CPU load"", ""cpu_cores_active"": ""6"", ""library"": ""boost/nowide"", ""task_files"": 25, ""llm_estimated_task_effort"": ""low"", ""textual_description"": ""The testsuite for boost/nowide is being compiled and run."", ""command"": ""b2 --j 6 test"", ""directory"": "".../boost/libs/nowide""}"
12426,1767320685,1767320685,1767320771,"{""inverter"": 1, ""source"": ""workstation1_log"", ""device"": ""workstation1"", ""task_type"": ""compilation, CPU load"", ""cpu_cores_active"": ""6"", ""library"": ""boost/local_function"", ""task_files"": 86, ""llm_estimated_task_effort"": ""low"", ""textual_description"": ""The testsuite for boost/local_function is being compiled and run."", ""command"": ""b2 --j 6 test"", ""directory"": "".../boost/libs/local_function""}"
12427,1767321756,1767321756,1767321829,"{""inverter"": 1, ""source"": ""workstation1_log"", ""device"": ""workstation1"", ""task_type"": ""compilation, CPU load"", ""cpu_cores_active"": ""4"", ""library"": ""boost/function_types"", ""task_files"": 47, ""llm_estimated_task_effort"": ""low"", ""textual_description"": ""The testsuite for boost/function_types is being compiled and run."", ""command"": ""b2 --j 4 test"", ""directory"": "".../boost/libs/function_types""}"
12428,1767321868,1767321868,1767321954,"{""inverter"": 1, ""source"": ""workstation1_log"", ""device"": ""workstation1"", ""task_type"": ""compilation, CPU load"", ""cpu_cores_active"": ""3"", ""library"": ""boost/charconv"", ""task_files"": 44, ""llm_estimated_task_effort"": ""low"", ""textual_description"": ""The testsuite for boost/charconv is being compiled and run."", ""command"": ""b2 --j 3 test"", ""directory"": "".../boost/libs/charconv""}"
12261,1767322025,1767322025,1767322369,"{""inverter"": 1, ""source"": ""workstation2_log"", ""device"": ""workstation2"", ""task_type"": ""CNN fitting, GPU load"", ""model"": ""resnet18"", ""optim"": ""sgd"", ""dataset"": ""CIFAR10"", ""batch_size"": 128, ""epochs"": 2, ""model_params"": 11689512, ""llm_estimated_task_effort"": ""low"", ""textual_description"": ""The model resnet18 is fitted on CIFAR10 using sgd for 2 epochs with bs=128.""}"
12429,1767322520,1767322520,1767322696,"{""inverter"": 1, ""source"": ""workstation1_log"", ""device"": ""workstation1"", ""task_type"": ""compilation, CPU load"", ""cpu_cores_active"": ""1"", ""library"": ""boost/outcome"", ""task_files"": 55, ""llm_estimated_task_effort"": ""low"", ""textual_description"": ""The testsuite for boost/outcome is being compiled and run."", ""command"": ""b2 --j 1 test"", ""directory"": "".../boost/libs/outcome""}"
12262,1767322656,1767322656,1767323815,"{""inverter"": 1, ""source"": ""workstation2_log"", ""device"": ""workstation2"", ""task_type"": ""CNN fitting, GPU load"", ""model"": ""swin_v2_s"", ""optim"": ""sgd"", ""dataset"": ""CIFAR10"", ""batch_size"": 128, ""epochs"": 2, ""model_params"": 49737442, ""llm_estimated_task_effort"": ""high"", ""textual_description"": ""The model swin_v2_s is fitted on CIFAR10 using sgd for 2 epochs with bs=128.""}"
12430,1767322825,1767322825,1767322826,"{""inverter"": 1, ""source"": ""workstation2_log"", ""device"": ""workstation2"", ""task_type"": ""compilation, CPU load"", ""cpu_cores_active"": ""4"", ""library"": ""boost/smart_ptr"", ""task_files"": 292, ""llm_estimated_task_effort"": ""low"", ""textual_description"": ""The testsuite for boost/smart_ptr is being compiled and run."", ""command"": ""b2 --j 4 test"", ""directory"": "".../boost/libs/smart_ptr""}"
12431,1767323034,1767323034,1767323034,"{""inverter"": 1, ""source"": ""workstation2_log"", ""device"": ""workstation2"", ""task_type"": ""compilation, CPU load"", ""cpu_cores_active"": ""8"", ""library"": ""boost/locale"", ""task_files"": 48, ""llm_estimated_task_effort"": ""high"", ""textual_description"": ""The testsuite for boost/locale is being compiled and run."", ""command"": ""b2 --j 8 test"", ""directory"": "".../boost/libs/locale""}"
12432,1767323054,1767323054,1767323126,"{""inverter"": 1, ""source"": ""workstation1_log"", ""device"": ""workstation1"", ""task_type"": ""compilation, CPU load"", ""cpu_cores_active"": ""7"", ""library"": ""boost/functional"", ""task_files"": 2, ""llm_estimated_task_effort"": ""low"", ""textual_description"": ""The testsuite for boost/functional is being compiled and run."", ""command"": ""b2 --j 7 test"", ""directory"": "".../boost/libs/functional""}"
12433,1767323768,1767323768,1767323769,"{""inverter"": 1, ""source"": ""workstation2_log"", ""device"": ""workstation2"", ""task_type"": ""compilation, CPU load"", ""cpu_cores_active"": ""6"", ""library"": ""boost/scope_exit"", ""task_files"": 32, ""llm_estimated_task_effort"": ""low"", ""textual_description"": ""The testsuite for boost/scope_exit is being compiled and run."", ""command"": ""b2 --j 6 test"", ""directory"": "".../boost/libs/scope_exit""}"
12263,1767324016,1767324016,1767324347,"{""inverter"": 1, ""source"": ""workstation2_log"", ""device"": ""workstation2"", ""task_type"": ""CNN fitting, GPU load"", ""model"": ""vgg19"", ""optim"": ""sgd"", ""dataset"": ""CIFAR10"", ""batch_size"": 128, ""epochs"": 2, ""model_params"": 143667240, ""llm_estimated_task_effort"": ""medium"", ""textual_description"": ""The model vgg19 is fitted on CIFAR10 using sgd for 2 epochs with bs=128.""}"
12434,1767324125,1767324125,1767324126,"{""inverter"": 1, ""source"": ""workstation2_log"", ""device"": ""workstation2"", ""task_type"": ""compilation, CPU load"", ""cpu_cores_active"": ""5"", ""library"": ""boost/concept_check"", ""task_files"": 18, ""llm_estimated_task_effort"": ""low"", ""textual_description"": ""The testsuite for boost/concept_check is being compiled and run."", ""command"": ""b2 --j 5 test"", ""directory"": "".../boost/libs/concept_check""}"
12435,1767324500,1767324500,1767324569,"{""inverter"": 1, ""source"": ""workstation1_log"", ""device"": ""workstation1"", ""task_type"": ""compilation, CPU load"", ""cpu_cores_active"": ""9"", ""library"": ""boost/ratio"", ""task_files"": 34, ""llm_estimated_task_effort"": ""low"", ""textual_description"": ""The testsuite for boost/ratio is being compiled and run."", ""command"": ""b2 --j 9 test"", ""directory"": "".../boost/libs/ratio""}"
12436,1767324726,1767324726,1767324726,"{""inverter"": 1, ""source"": ""workstation2_log"", ""device"": ""workstation2"", ""task_type"": ""compilation, CPU load"", ""cpu_cores_active"": ""8"", ""library"": ""boost/mpl"", ""task_files"": 109, ""llm_estimated_task_effort"": ""low"", ""textual_description"": ""The testsuite for boost/mpl is being compiled and run."", ""command"": ""b2 --j 8 test"", ""directory"": "".../boost/libs/mpl""}"
12264,1767325425,1767325425,1767325801,"{""inverter"": 1, ""source"": ""workstation2_log"", ""device"": ""workstation2"", ""task_type"": ""CNN fitting, GPU load"", ""model"": ""resnet18"", ""optim"": ""adam"", ""dataset"": ""CIFAR10"", ""batch_size"": 128, ""epochs"": 2, ""model_params"": 11689512, ""llm_estimated_task_effort"": ""low"", ""textual_description"": ""The model resnet18 is fitted on CIFAR10 using adam for 2 epochs with bs=128.""}"
12437,1767325787,1767325787,1767325910,"{""inverter"": 1, ""source"": ""workstation1_log"", ""device"": ""workstation1"", ""task_type"": ""compilation, CPU load"", ""cpu_cores_active"": ""7"", ""library"": ""boost/range"", ""task_files"": 205, ""llm_estimated_task_effort"": ""low"", ""textual_description"": ""The testsuite for boost/range is being compiled and run."", ""command"": ""b2 --j 7 test"", ""directory"": "".../boost/libs/range""}"
12265,1767326391,1767326391,1767326772,"{""inverter"": 1, ""source"": ""workstation2_log"", ""device"": ""workstation2"", ""task_type"": ""CNN fitting, GPU load"", ""model"": ""resnet18"", ""optim"": ""adam"", ""dataset"": ""CIFAR10"", ""batch_size"": 128, ""epochs"": 2, ""model_params"": 11689512, ""llm_estimated_task_effort"": ""low"", ""textual_description"": ""The model resnet18 is fitted on CIFAR10 using adam for 2 epochs with bs=128.""}"
12266,1767326957,1767326957,1767327800,"{""inverter"": 1, ""source"": ""workstation2_log"", ""device"": ""workstation2"", ""task_type"": ""CNN fitting, GPU load"", ""model"": ""densenet121"", ""optim"": ""adam"", ""dataset"": ""CIFAR10"", ""batch_size"": 128, ""epochs"": 2, ""model_params"": 7978856, ""llm_estimated_task_effort"": ""medium"", ""textual_description"": ""The model densenet121 is fitted on CIFAR10 using adam for 2 epochs with bs=128.""}"
12438,1767327231,1767327231,1767327233,"{""inverter"": 1, ""source"": ""workstation2_log"", ""device"": ""workstation2"", ""task_type"": ""compilation, CPU load"", ""cpu_cores_active"": ""2"", ""library"": ""boost/local_function"", ""task_files"": 86, ""llm_estimated_task_effort"": ""low"", ""textual_description"": ""The testsuite for boost/local_function is being compiled and run."", ""command"": ""b2 --j 2 test"", ""directory"": "".../boost/libs/local_function""}"
12439,1767327599,1767327599,1767327675,"{""inverter"": 1, ""source"": ""workstation1_log"", ""device"": ""workstation1"", ""task_type"": ""compilation, CPU load"", ""cpu_cores_active"": ""2"", ""library"": ""boost/preprocessor"", ""task_files"": 73, ""llm_estimated_task_effort"": ""medium"", ""textual_description"": ""The testsuite for boost/preprocessor is being compiled and run."", ""command"": ""b2 --j 2 test"", ""directory"": "".../boost/libs/preprocessor""}"
12267,1767328609,1767328609,1767328950,"{""inverter"": 1, ""source"": ""workstation2_log"", ""device"": ""workstation2"", ""task_type"": ""CNN fitting, GPU load"", ""model"": ""resnet18"", ""optim"": ""sgd"", ""dataset"": ""CIFAR10"", ""batch_size"": 128, ""epochs"": 2, ""model_params"": 11689512, ""llm_estimated_task_effort"": ""low"", ""textual_description"": ""The model resnet18 is fitted on CIFAR10 using sgd for 2 epochs with bs=128.""}"
12440,1767328785,1767328785,1767328854,"{""inverter"": 1, ""source"": ""workstation1_log"", ""device"": ""workstation1"", ""task_type"": ""compilation, CPU load"", ""cpu_cores_active"": ""10"", ""library"": ""boost/foreach"", ""task_files"": 27, ""llm_estimated_task_effort"": ""low"", ""textual_description"": ""The testsuite for boost/foreach is being compiled and run."", ""command"": ""b2 --j 10 test"", ""directory"": "".../boost/libs/foreach""}"
12441,1767328988,1767328988,1767328988,"{""inverter"": 1, ""source"": ""workstation2_log"", ""device"": ""workstation2"", ""task_type"": ""compilation, CPU load"", ""cpu_cores_active"": ""5"", ""library"": ""boost/outcome"", ""task_files"": 55, ""llm_estimated_task_effort"": ""low"", ""textual_description"": ""The testsuite for boost/outcome is being compiled and run."", ""command"": ""b2 --j 5 test"", ""directory"": "".../boost/libs/outcome""}"
12268,1767329026,1767329026,1767329358,"{""inverter"": 1, ""source"": ""workstation2_log"", ""device"": ""workstation2"", ""task_type"": ""CNN fitting, GPU load"", ""model"": ""vgg11"", ""optim"": ""sgd"", ""dataset"": ""CIFAR10"", ""batch_size"": 128, ""epochs"": 2, ""model_params"": 132863336, ""llm_estimated_task_effort"": ""low"", ""textual_description"": ""The model vgg11 is fitted on CIFAR10 using sgd for 2 epochs with bs=128.""}"
12442,1767329289,1767329289,1767329290,"{""inverter"": 1, ""source"": ""workstation2_log"", ""device"": ""workstation2"", ""task_type"": ""compilation, CPU load"", ""cpu_cores_active"": ""8"", ""library"": ""boost/parameter_python"", ""task_files"": 3, ""llm_estimated_task_effort"": ""low"", ""textual_description"": ""The testsuite for boost/parameter_python is being compiled and run."", ""command"": ""b2 --j 8 test"", ""directory"": "".../boost/libs/parameter_python""}"
12443,1767329307,1767329307,1767329381,"{""inverter"": 1, ""source"": ""workstation1_log"", ""device"": ""workstation1"", ""task_type"": ""compilation, CPU load"", ""cpu_cores_active"": ""7"", ""library"": ""boost/exception"", ""task_files"": 59, ""llm_estimated_task_effort"": ""low"", ""textual_description"": ""The testsuite for boost/exception is being compiled and run."", ""command"": ""b2 --j 7 test"", ""directory"": "".../boost/libs/exception""}"
12269,1767329461,1767329461,1767330202,"{""inverter"": 1, ""source"": ""workstation2_log"", ""device"": ""workstation2"", ""task_type"": ""CNN fitting, GPU load"", ""model"": ""densenet121"", ""optim"": ""sgd"", ""dataset"": ""CIFAR10"", ""batch_size"": 128, ""epochs"": 2, ""model_params"": 7978856, ""llm_estimated_task_effort"": ""medium"", ""textual_description"": ""The model densenet121 is fitted on CIFAR10 using sgd for 2 epochs with bs=128.""}"
12444,1767330037,1767330037,1767330111,"{""inverter"": 1, ""source"": ""workstation1_log"", ""device"": ""workstation1"", ""task_type"": ""compilation, CPU load"", ""cpu_cores_active"": ""8"", ""library"": ""boost/predef"", ""task_files"": 19, ""llm_estimated_task_effort"": ""low"", ""textual_description"": ""The testsuite for boost/predef is being compiled and run."", ""command"": ""b2 --j 8 test"", ""directory"": "".../boost/libs/predef""}"
12445,1767330264,1767330264,1767330354,"{""inverter"": 1, ""source"": ""workstation1_log"", ""device"": ""workstation1"", ""task_type"": ""compilation, CPU load"", ""cpu_cores_active"": ""6"", ""library"": ""boost/qvm"", ""task_files"": 141, ""llm_estimated_task_effort"": ""low"", ""textual_description"": ""The testsuite for boost/qvm is being compiled and run."", ""command"": ""b2 --j 6 test"", ""directory"": "".../boost/libs/qvm""}"
12446,1767330294,1767330294,1767330295,"{""inverter"": 1, ""source"": ""workstation2_log"", ""device"": ""workstation2"", ""task_type"": ""compilation, CPU load"", ""cpu_cores_active"": ""6"", ""library"": ""boost/assign"", ""task_files"": 18, ""llm_estimated_task_effort"": ""low"", ""textual_description"": ""The testsuite for boost/assign is being compiled and run."", ""command"": ""b2 --j 6 test"", ""directory"": "".../boost/libs/assign""}"
12447,1767330338,1767330338,1767330338,"{""inverter"": 1, ""source"": ""workstation2_log"", ""device"": ""workstation2"", ""task_type"": ""compilation, CPU load"", ""cpu_cores_active"": ""1"", ""library"": ""boost/describe"", ""task_files"": 53, ""llm_estimated_task_effort"": ""low"", ""textual_description"": ""The testsuite for boost/describe is being compiled and run."", ""command"": ""b2 --j 1 test"", ""directory"": "".../boost/libs/describe""}"
12448,1767330388,1767330388,1767330388,"{""inverter"": 1, ""source"": ""workstation2_log"", ""device"": ""workstation2"", ""task_type"": ""compilation, CPU load"", ""cpu_cores_active"": ""7"", ""library"": ""boost/array"", ""task_files"": 52, ""llm_estimated_task_effort"": ""low"", ""textual_description"": ""The testsuite for boost/array is being compiled and run."", ""command"": ""b2 --j 7 test"", ""directory"": "".../boost/libs/array""}"
12449,1767330523,1767330523,1767330523,"{""inverter"": 1, ""source"": ""workstation2_log"", ""device"": ""workstation2"", ""task_type"": ""compilation, CPU load"", ""cpu_cores_active"": ""8"", ""library"": ""boost/type_traits"", ""task_files"": 229, ""llm_estimated_task_effort"": ""low"", ""textual_description"": ""The testsuite for boost/type_traits is being compiled and run."", ""command"": ""b2 --j 8 test"", ""directory"": "".../boost/libs/type_traits""}"
12270,1767330658,1767330658,1767330994,"{""inverter"": 1, ""source"": ""workstation2_log"", ""device"": ""workstation2"", ""task_type"": ""CNN fitting, GPU load"", ""model"": ""vgg11"", ""optim"": ""adam"", ""dataset"": ""CIFAR10"", ""batch_size"": 128, ""epochs"": 2, ""model_params"": 132863336, ""llm_estimated_task_effort"": ""low"", ""textual_description"": ""The model vgg11 is fitted on CIFAR10 using adam for 2 epochs with bs=128.""}"
12450,1767330785,1767330785,1767330786,"{""inverter"": 1, ""source"": ""workstation2_log"", ""device"": ""workstation2"", ""task_type"": ""compilation, CPU load"", ""cpu_cores_active"": ""6"", ""library"": ""boost/scope_exit"", ""task_files"": 32, ""llm_estimated_task_effort"": ""low"", ""textual_description"": ""The testsuite for boost/scope_exit is being compiled and run."", ""command"": ""b2 --j 6 test"", ""directory"": "".../boost/libs/scope_exit""}"
12451,1767330895,1767330895,1767332937,"{""inverter"": 1, ""source"": ""workstation1_log"", ""device"": ""workstation1"", ""task_type"": ""compilation, CPU load"", ""cpu_cores_active"": ""5"", ""library"": ""boost/geometry"", ""task_files"": 665, ""llm_estimated_task_effort"": ""high"", ""textual_description"": ""The testsuite for boost/geometry is being compiled and run."", ""command"": ""b2 --j 5 test"", ""directory"": "".../boost/libs/geometry""}"
12452,1767331312,1767331312,1767331312,"{""inverter"": 1, ""source"": ""workstation2_log"", ""device"": ""workstation2"", ""task_type"": ""compilation, CPU load"", ""cpu_cores_active"": ""1"", ""library"": ""boost/phoenix"", ""task_files"": 266, ""llm_estimated_task_effort"": ""low"", ""textual_description"": ""The testsuite for boost/phoenix is being compiled and run."", ""command"": ""b2 --j 1 test"", ""directory"": "".../boost/libs/phoenix""}"
12453,1767331339,1767331339,1767331340,"{""inverter"": 1, ""source"": ""workstation2_log"", ""device"": ""workstation2"", ""task_type"": ""compilation, CPU load"", ""cpu_cores_active"": ""7"", ""library"": ""boost/leaf"", ""task_files"": 125, ""llm_estimated_task_effort"": ""low"", ""textual_description"": ""The testsuite for boost/leaf is being compiled and run."", ""command"": ""b2 --j 7 test"", ""directory"": "".../boost/libs/leaf""}"
12271,1767331530,1767331530,1767331877,"{""inverter"": 1, ""source"": ""workstation2_log"", ""device"": ""workstation2"", ""task_type"": ""CNN fitting, GPU load"", ""model"": ""vgg19"", ""optim"": ""adam"", ""dataset"": ""CIFAR10"", ""batch_size"": 128, ""epochs"": 2, ""model_params"": 143667240, ""llm_estimated_task_effort"": ""medium"", ""textual_description"": ""The model vgg19 is fitted on CIFAR10 using adam for 2 epochs with bs=128.""}"
12454,1767331574,1767331574,1767331576,"{""inverter"": 1, ""source"": ""workstation2_log"", ""device"": ""workstation2"", ""task_type"": ""compilation, CPU load"", ""cpu_cores_active"": ""6"", ""library"": ""boost/python"", ""task_files"": 188, ""llm_estimated_task_effort"": ""high"", ""textual_description"": ""The testsuite for boost/python is being compiled and run."", ""command"": ""b2 --j 6 test"", ""directory"": "".../boost/libs/python""}"
12455,1767332194,1767332194,1767332195,"{""inverter"": 1, ""source"": ""workstation2_log"", ""device"": ""workstation2"", ""task_type"": ""compilation, CPU load"", ""cpu_cores_active"": ""10"", ""library"": ""boost/context"", ""task_files"": 7, ""llm_estimated_task_effort"": ""high"", ""textual_description"": ""The testsuite for boost/context is being compiled and run."", ""command"": ""b2 --j 10 test"", ""directory"": "".../boost/libs/context""}"
12272,1767332271,1767332271,1767332711,"{""inverter"": 1, ""source"": ""workstation2_log"", ""device"": ""workstation2"", ""task_type"": ""CNN fitting, GPU load"", ""model"": ""wide_resnet50_2"", ""optim"": ""sgd"", ""dataset"": ""CIFAR10"", ""batch_size"": 128, ""epochs"": 2, ""model_params"": 68883240, ""llm_estimated_task_effort"": ""high"", ""textual_description"": ""The model wide_resnet50_2 is fitted on CIFAR10 using sgd for 2 epochs with bs=128.""}"
12273,1767332744,1767332744,1767333242,"{""inverter"": 1, ""source"": ""workstation2_log"", ""device"": ""workstation2"", ""task_type"": ""CNN fitting, GPU load"", ""model"": ""wide_resnet50_2"", ""optim"": ""adam"", ""dataset"": ""CIFAR10"", ""batch_size"": 128, ""epochs"": 2, ""model_params"": 68883240, ""llm_estimated_task_effort"": ""high"", ""textual_description"": ""The model wide_resnet50_2 is fitted on CIFAR10 using adam for 2 epochs with bs=128.""}"
12456,1767333108,1767333108,1767333186,"{""inverter"": 1, ""source"": ""workstation1_log"", ""device"": ""workstation1"", ""task_type"": ""compilation, CPU load"", ""cpu_cores_active"": ""7"", ""library"": ""boost/crc"", ""task_files"": 10, ""llm_estimated_task_effort"": ""low"", ""textual_description"": ""The testsuite for boost/crc is being compiled and run."", ""command"": ""b2 --j 7 test"", ""directory"": "".../boost/libs/crc""}"
12274,1767333282,1767333282,1767333624,"{""inverter"": 1, ""source"": ""workstation2_log"", ""device"": ""workstation2"", ""task_type"": ""CNN fitting, GPU load"", ""model"": ""vgg13"", ""optim"": ""adam"", ""dataset"": ""CIFAR10"", ""batch_size"": 128, ""epochs"": 2, ""model_params"": 133047848, ""llm_estimated_task_effort"": ""medium"", ""textual_description"": ""The model vgg13 is fitted on CIFAR10 using adam for 2 epochs with bs=128.""}"
12457,1767333365,1767333365,1767333434,"{""inverter"": 1, ""source"": ""workstation1_log"", ""device"": ""workstation1"", ""task_type"": ""compilation, CPU load"", ""cpu_cores_active"": ""6"", ""library"": ""boost/logic"", ""task_files"": 13, ""llm_estimated_task_effort"": ""low"", ""textual_description"": ""The testsuite for boost/logic is being compiled and run."", ""command"": ""b2 --j 6 test"", ""directory"": "".../boost/libs/logic""}"
12458,1767333659,1767333659,1767333769,"{""inverter"": 1, ""source"": ""workstation1_log"", ""device"": ""workstation1"", ""task_type"": ""compilation, CPU load"", ""cpu_cores_active"": ""8"", ""library"": ""boost/beast"", ""task_files"": 471, ""llm_estimated_task_effort"": ""high"", ""textual_description"": ""The testsuite for boost/beast is being compiled and run."", ""command"": ""b2 --j 8 test"", ""directory"": "".../boost/libs/beast""}"
12275,1767333911,1767333911,1767334241,"{""inverter"": 1, ""source"": ""workstation2_log"", ""device"": ""workstation2"", ""task_type"": ""CNN fitting, GPU load"", ""model"": ""vgg13"", ""optim"": ""sgd"", ""dataset"": ""CIFAR10"", ""batch_size"": 128, ""epochs"": 2, ""model_params"": 133047848, ""llm_estimated_task_effort"": ""medium"", ""textual_description"": ""The model vgg13 is fitted on CIFAR10 using sgd for 2 epochs with bs=128.""}"
12459,1767334024,1767334024,1767334116,"{""inverter"": 1, ""source"": ""workstation1_log"", ""device"": ""workstation1"", ""task_type"": ""compilation, CPU load"", ""cpu_cores_active"": ""10"", ""library"": ""boost/msm"", ""task_files"": 57, ""llm_estimated_task_effort"": ""high"", ""textual_description"": ""The testsuite for boost/msm is being compiled and run."", ""command"": ""b2 --j 10 test"", ""directory"": "".../boost/libs/msm""}"
12460,1767334173,1767334173,1767334242,"{""inverter"": 1, ""source"": ""workstation1_log"", ""device"": ""workstation1"", ""task_type"": ""compilation, CPU load"", ""cpu_cores_active"": ""10"", ""library"": ""boost/throw_exception"", ""task_files"": 36, ""llm_estimated_task_effort"": ""low"", ""textual_description"": ""The testsuite for boost/throw_exception is being compiled and run."", ""command"": ""b2 --j 10 test"", ""directory"": "".../boost/libs/throw_exception""}"
12461,1767334175,1767334175,1767334175,"{""inverter"": 1, ""source"": ""workstation2_log"", ""device"": ""workstation2"", ""task_type"": ""compilation, CPU load"", ""cpu_cores_active"": ""10"", ""library"": ""boost/core"", ""task_files"": 278, ""llm_estimated_task_effort"": ""low"", ""textual_description"": ""The testsuite for boost/core is being compiled and run."", ""command"": ""b2 --j 10 test"", ""directory"": "".../boost/libs/core""}"
12276,1767334469,1767334469,1767335632,"{""inverter"": 1, ""source"": ""workstation2_log"", ""device"": ""workstation2"", ""task_type"": ""CNN fitting, GPU load"", ""model"": ""swin_v2_s"", ""optim"": ""sgd"", ""dataset"": ""CIFAR10"", ""batch_size"": 128, ""epochs"": 2, ""model_params"": 49737442, ""llm_estimated_task_effort"": ""high"", ""textual_description"": ""The model swin_v2_s is fitted on CIFAR10 using sgd for 2 epochs with bs=128.""}"
12462,1767334806,1767334806,1767334892,"{""inverter"": 1, ""source"": ""workstation1_log"", ""device"": ""workstation1"", ""task_type"": ""compilation, CPU load"", ""cpu_cores_active"": ""5"", ""library"": ""boost/function"", ""task_files"": 43, ""llm_estimated_task_effort"": ""low"", ""textual_description"": ""The testsuite for boost/function is being compiled and run."", ""command"": ""b2 --j 5 test"", ""directory"": "".../boost/libs/function""}"
12463,1767334983,1767334983,1767335128,"{""inverter"": 1, ""source"": ""workstation1_log"", ""device"": ""workstation1"", ""task_type"": ""compilation, CPU load"", ""cpu_cores_active"": ""1"", ""library"": ""boost/metaparse"", ""task_files"": 113, ""llm_estimated_task_effort"": ""medium"", ""textual_description"": ""The testsuite for boost/metaparse is being compiled and run."", ""command"": ""b2 --j 1 test"", ""directory"": "".../boost/libs/metaparse""}"
12464,1767335351,1767335351,1767335516,"{""inverter"": 1, ""source"": ""workstation1_log"", ""device"": ""workstation1"", ""task_type"": ""compilation, CPU load"", ""cpu_cores_active"": ""4"", ""library"": ""boost/random"", ""task_files"": 141, ""llm_estimated_task_effort"": ""low"", ""textual_description"": ""The testsuite for boost/random is being compiled and run."", ""command"": ""b2 --j 4 test"", ""directory"": "".../boost/libs/random""}"
12465,1767335364,1767335364,1767335365,"{""inverter"": 1, ""source"": ""workstation2_log"", ""device"": ""workstation2"", ""task_type"": ""compilation, CPU load"", ""cpu_cores_active"": ""9"", ""library"": ""boost/circular_buffer"", ""task_files"": 8, ""llm_estimated_task_effort"": ""low"", ""textual_description"": ""The testsuite for boost/circular_buffer is being compiled and run."", ""command"": ""b2 --j 9 test"", ""directory"": "".../boost/libs/circular_buffer""}"
12466,1767335769,1767335769,1767335835,"{""inverter"": 1, ""source"": ""workstation1_log"", ""device"": ""workstation1"", ""task_type"": ""compilation, CPU load"", ""cpu_cores_active"": ""7"", ""library"": ""boost/headers"", ""task_files"": 0, ""llm_estimated_task_effort"": ""low"", ""textual_description"": ""The testsuite for boost/headers is being compiled and run."", ""command"": ""b2 --j 7 test"", ""directory"": "".../boost/libs/headers""}"
12467,1767335821,1767335821,1767335821,"{""inverter"": 1, ""source"": ""workstation2_log"", ""device"": ""workstation2"", ""task_type"": ""compilation, CPU load"", ""cpu_cores_active"": ""10"", ""library"": ""boost/timer"", ""task_files"": 17, ""llm_estimated_task_effort"": ""low"", ""textual_description"": ""The testsuite for boost/timer is being compiled and run."", ""command"": ""b2 --j 10 test"", ""directory"": "".../boost/libs/timer""}"
12468,1767335921,1767335921,1767335922,"{""inverter"": 1, ""source"": ""workstation2_log"", ""device"": ""workstation2"", ""task_type"": ""compilation, CPU load"", ""cpu_cores_active"": ""6"", ""library"": ""boost/graph_parallel"", ""task_files"": 30, ""llm_estimated_task_effort"": ""high"", ""textual_description"": ""The testsuite for boost/graph_parallel is being compiled and run."", ""command"": ""b2 --j 6 test"", ""directory"": "".../boost/libs/graph_parallel""}"
12277,1767335949,1767335949,1767336283,"{""inverter"": 1, ""source"": ""workstation2_log"", ""device"": ""workstation2"", ""task_type"": ""CNN fitting, GPU load"", ""model"": ""vgg11"", ""optim"": ""sgd"", ""dataset"": ""CIFAR10"", ""batch_size"": 128, ""epochs"": 2, ""model_params"": 132863336, ""llm_estimated_task_effort"": ""low"", ""textual_description"": ""The model vgg11 is fitted on CIFAR10 using sgd for 2 epochs with bs=128.""}"
12469,1767336426,1767336426,1767336506,"{""inverter"": 1, ""source"": ""workstation1_log"", ""device"": ""workstation1"", ""task_type"": ""compilation, CPU load"", ""cpu_cores_active"": ""8"", ""library"": ""boost/rational"", ""task_files"": 19, ""llm_estimated_task_effort"": ""low"", ""textual_description"": ""The testsuite for boost/rational is being compiled and run."", ""command"": ""b2 --j 8 test"", ""directory"": "".../boost/libs/rational""}"
12470,1767336966,1767336966,1767337097,"{""inverter"": 1, ""source"": ""workstation1_log"", ""device"": ""workstation1"", ""task_type"": ""compilation, CPU load"", ""cpu_cores_active"": ""5"", ""library"": ""boost/fusion"", ""task_files"": 247, ""llm_estimated_task_effort"": ""low"", ""textual_description"": ""The testsuite for boost/fusion is being compiled and run."", ""command"": ""b2 --j 5 test"", ""directory"": "".../boost/libs/fusion""}"
12471,1767337537,1767337537,1767337680,"{""inverter"": 1, ""source"": ""workstation1_log"", ""device"": ""workstation1"", ""task_type"": ""compilation, CPU load"", ""cpu_cores_active"": ""1"", ""library"": ""boost/locale"", ""task_files"": 48, ""llm_estimated_task_effort"": ""high"", ""textual_description"": ""The testsuite for boost/locale is being compiled and run."", ""command"": ""b2 --j 1 test"", ""directory"": "".../boost/libs/locale""}"
12278,1767337786,1767337786,1767338940,"{""inverter"": 1, ""source"": ""workstation2_log"", ""device"": ""workstation2"", ""task_type"": ""CNN fitting, GPU load"", ""model"": ""swin_v2_s"", ""optim"": ""sgd"", ""dataset"": ""CIFAR10"", ""batch_size"": 128, ""epochs"": 2, ""model_params"": 49737442, ""llm_estimated_task_effort"": ""high"", ""textual_description"": ""The model swin_v2_s is fitted on CIFAR10 using sgd for 2 epochs with bs=128.""}"
12472,1767337901,1767337901,1767338041,"{""inverter"": 1, ""source"": ""workstation1_log"", ""device"": ""workstation1"", ""task_type"": ""compilation, CPU load"", ""cpu_cores_active"": ""3"", ""library"": ""boost/stacktrace"", ""task_files"": 18, ""llm_estimated_task_effort"": ""medium"", ""textual_description"": ""The testsuite for boost/stacktrace is being compiled and run."", ""command"": ""b2 --j 3 test"", ""directory"": "".../boost/libs/stacktrace""}"
12473,1767338391,1767338391,1767338392,"{""inverter"": 1, ""source"": ""workstation2_log"", ""device"": ""workstation2"", ""task_type"": ""compilation, CPU load"", ""cpu_cores_active"": ""1"", ""library"": ""boost/outcome"", ""task_files"": 55, ""llm_estimated_task_effort"": ""low"", ""textual_description"": ""The testsuite for boost/outcome is being compiled and run."", ""command"": ""b2 --j 1 test"", ""directory"": "".../boost/libs/outcome""}"
12474,1767338417,1767338417,1767338418,"{""inverter"": 1, ""source"": ""workstation2_log"", ""device"": ""workstation2"", ""task_type"": ""compilation, CPU load"", ""cpu_cores_active"": ""10"", ""library"": ""boost/align"", ""task_files"": 17, ""llm_estimated_task_effort"": ""low"", ""textual_description"": ""The testsuite for boost/align is being compiled and run."", ""command"": ""b2 --j 10 test"", ""directory"": "".../boost/libs/align""}"
12475,1767338915,1767338915,1767338915,"{""inverter"": 1, ""source"": ""workstation2_log"", ""device"": ""workstation2"", ""task_type"": ""compilation, CPU load"", ""cpu_cores_active"": ""8"", ""library"": ""boost/coroutine2"", ""task_files"": 2, ""llm_estimated_task_effort"": ""high"", ""textual_description"": ""The testsuite for boost/coroutine2 is being compiled and run."", ""command"": ""b2 --j 8 test"", ""directory"": "".../boost/libs/coroutine2""}"
12476,1767338970,1767338970,1767339065,"{""inverter"": 1, ""source"": ""workstation1_log"", ""device"": ""workstation1"", ""task_type"": ""compilation, CPU load"", ""cpu_cores_active"": ""10"", ""library"": ""boost/msm"", ""task_files"": 57, ""llm_estimated_task_effort"": ""high"", ""textual_description"": ""The testsuite for boost/msm is being compiled and run."", ""command"": ""b2 --j 10 test"", ""directory"": "".../boost/libs/msm""}"
12477,1767339037,1767339037,1767339038,"{""inverter"": 1, ""source"": ""workstation2_log"", ""device"": ""workstation2"", ""task_type"": ""compilation, CPU load"", ""cpu_cores_active"": ""2"", ""library"": ""boost/integer"", ""task_files"": 27, ""llm_estimated_task_effort"": ""low"", ""textual_description"": ""The testsuite for boost/integer is being compiled and run."", ""command"": ""b2 --j 2 test"", ""directory"": "".../boost/libs/integer""}"
12279,1767339088,1767339088,1767339434,"{""inverter"": 1, ""source"": ""workstation2_log"", ""device"": ""workstation2"", ""task_type"": ""CNN fitting, GPU load"", ""model"": ""resnet18"", ""optim"": ""sgd"", ""dataset"": ""CIFAR10"", ""batch_size"": 128, ""epochs"": 2, ""model_params"": 11689512, ""llm_estimated_task_effort"": ""low"", ""textual_description"": ""The model resnet18 is fitted on CIFAR10 using sgd for 2 epochs with bs=128.""}"
12280,1767339811,1767339811,1767340160,"{""inverter"": 1, ""source"": ""workstation2_log"", ""device"": ""workstation2"", ""task_type"": ""CNN fitting, GPU load"", ""model"": ""vgg19"", ""optim"": ""adam"", ""dataset"": ""CIFAR10"", ""batch_size"": 128, ""epochs"": 2, ""model_params"": 143667240, ""llm_estimated_task_effort"": ""medium"", ""textual_description"": ""The model vgg19 is fitted on CIFAR10 using adam for 2 epochs with bs=128.""}"
12478,1767340478,1767340478,1767340600,"{""inverter"": 1, ""source"": ""workstation1_log"", ""device"": ""workstation1"", ""task_type"": ""compilation, CPU load"", ""cpu_cores_active"": ""2"", ""library"": ""boost/ptr_container"", ""task_files"": 32, ""llm_estimated_task_effort"": ""medium"", ""textual_description"": ""The testsuite for boost/ptr_container is being compiled and run."", ""command"": ""b2 --j 2 test"", ""directory"": "".../boost/libs/ptr_container""}"
12281,1767340694,1767340694,1767341068,"{""inverter"": 1, ""source"": ""workstation2_log"", ""device"": ""workstation2"", ""task_type"": ""CNN fitting, GPU load"", ""model"": ""resnet18"", ""optim"": ""adam"", ""dataset"": ""CIFAR10"", ""batch_size"": 128, ""epochs"": 2, ""model_params"": 11689512, ""llm_estimated_task_effort"": ""low"", ""textual_description"": ""The model resnet18 is fitted on CIFAR10 using adam for 2 epochs with bs=128.""}"
12479,1767341067,1767341067,1767341150,"{""inverter"": 1, ""source"": ""workstation1_log"", ""device"": ""workstation1"", ""task_type"": ""compilation, CPU load"", ""cpu_cores_active"": ""5"", ""library"": ""boost/lexical_cast"", ""task_files"": 31, ""llm_estimated_task_effort"": ""low"", ""textual_description"": ""The testsuite for boost/lexical_cast is being compiled and run."", ""command"": ""b2 --j 5 test"", ""directory"": "".../boost/libs/lexical_cast""}"
12480,1767341396,1767341396,1767341480,"{""inverter"": 1, ""source"": ""workstation1_log"", ""device"": ""workstation1"", ""task_type"": ""compilation, CPU load"", ""cpu_cores_active"": ""8"", ""library"": ""boost/bimap"", ""task_files"": 36, ""llm_estimated_task_effort"": ""low"", ""textual_description"": ""The testsuite for boost/bimap is being compiled and run."", ""command"": ""b2 --j 8 test"", ""directory"": "".../boost/libs/bimap""}"
12481,1767341440,1767341440,1767341440,"{""inverter"": 1, ""source"": ""workstation2_log"", ""device"": ""workstation2"", ""task_type"": ""compilation, CPU load"", ""cpu_cores_active"": ""10"", ""library"": ""boost/lexical_cast"", ""task_files"": 31, ""llm_estimated_task_effort"": ""low"", ""textual_description"": ""The testsuite for boost/lexical_cast is being compiled and run."", ""command"": ""b2 --j 10 test"", ""directory"": "".../boost/libs/lexical_cast""}"
12482,1767341567,1767341567,1767341567,"{""inverter"": 1, ""source"": ""workstation2_log"", ""device"": ""workstation2"", ""task_type"": ""compilation, CPU load"", ""cpu_cores_active"": ""9"", ""library"": ""boost/locale"", ""task_files"": 48, ""llm_estimated_task_effort"": ""high"", ""textual_description"": ""The testsuite for boost/locale is being compiled and run."", ""command"": ""b2 --j 9 test"", ""directory"": "".../boost/libs/locale""}"
12282,1767341580,1767341580,1767341912,"{""inverter"": 1, ""source"": ""workstation2_log"", ""device"": ""workstation2"", ""task_type"": ""CNN fitting, GPU load"", ""model"": ""vgg11"", ""optim"": ""sgd"", ""dataset"": ""CIFAR10"", ""batch_size"": 128, ""epochs"": 2, ""model_params"": 132863336, ""llm_estimated_task_effort"": ""low"", ""textual_description"": ""The model vgg11 is fitted on CIFAR10 using sgd for 2 epochs with bs=128.""}"
12483,1767341666,1767341666,1767341668,"{""inverter"": 1, ""source"": ""workstation2_log"", ""device"": ""workstation2"", ""task_type"": ""compilation, CPU load"", ""cpu_cores_active"": ""4"", ""library"": ""boost/parameter_python"", ""task_files"": 3, ""llm_estimated_task_effort"": ""low"", ""textual_description"": ""The testsuite for boost/parameter_python is being compiled and run."", ""command"": ""b2 --j 4 test"", ""directory"": "".../boost/libs/parameter_python""}"
12484,1767341829,1767341829,1767341830,"{""inverter"": 1, ""source"": ""workstation2_log"", ""device"": ""workstation2"", ""task_type"": ""compilation, CPU load"", ""cpu_cores_active"": ""2"", ""library"": ""boost/integer"", ""task_files"": 27, ""llm_estimated_task_effort"": ""low"", ""textual_description"": ""The testsuite for boost/integer is being compiled and run."", ""command"": ""b2 --j 2 test"", ""directory"": "".../boost/libs/integer""}"
12485,1767341941,1767341941,1767341941,"{""inverter"": 1, ""source"": ""workstation2_log"", ""device"": ""workstation2"", ""task_type"": ""compilation, CPU load"", ""cpu_cores_active"": ""4"", ""library"": ""boost/local_function"", ""task_files"": 86, ""llm_estimated_task_effort"": ""low"", ""textual_description"": ""The testsuite for boost/local_function is being compiled and run."", ""command"": ""b2 --j 4 test"", ""directory"": "".../boost/libs/local_function""}"
12486,1767342345,1767342345,1767342345,"{""inverter"": 1, ""source"": ""workstation2_log"", ""device"": ""workstation2"", ""task_type"": ""compilation, CPU load"", ""cpu_cores_active"": ""5"", ""library"": ""boost/variant"", ""task_files"": 37, ""llm_estimated_task_effort"": ""low"", ""textual_description"": ""The testsuite for boost/variant is being compiled and run."", ""command"": ""b2 --j 5 test"", ""directory"": "".../boost/libs/variant""}"
12283,1767343062,1767343062,1767344305,"{""inverter"": 1, ""source"": ""workstation2_log"", ""device"": ""workstation2"", ""task_type"": ""CNN fitting, GPU load"", ""model"": ""swin_v2_s"", ""optim"": ""adam"", ""dataset"": ""CIFAR10"", ""batch_size"": 128, ""epochs"": 2, ""model_params"": 49737442, ""llm_estimated_task_effort"": ""high"", ""textual_description"": ""The model swin_v2_s is fitted on CIFAR10 using adam for 2 epochs with bs=128.""}"
12487,1767343167,1767343167,1767343168,"{""inverter"": 1, ""source"": ""workstation2_log"", ""device"": ""workstation2"", ""task_type"": ""compilation, CPU load"", ""cpu_cores_active"": ""6"", ""library"": ""boost/flyweight"", ""task_files"": 40, ""llm_estimated_task_effort"": ""low"", ""textual_description"": ""The testsuite for boost/flyweight is being compiled and run."", ""command"": ""b2 --j 6 test"", ""directory"": "".../boost/libs/flyweight""}"
12488,1767343433,1767343433,1767343434,"{""inverter"": 1, ""source"": ""workstation2_log"", ""device"": ""workstation2"", ""task_type"": ""compilation, CPU load"", ""cpu_cores_active"": ""5"", ""library"": ""boost/compat"", ""task_files"": 65, ""llm_estimated_task_effort"": ""low"", ""textual_description"": ""The testsuite for boost/compat is being compiled and run."", ""command"": ""b2 --j 5 test"", ""directory"": "".../boost/libs/compat""}"
12489,1767343747,1767343747,1767343748,"{""inverter"": 1, ""source"": ""workstation2_log"", ""device"": ""workstation2"", ""task_type"": ""compilation, CPU load"", ""cpu_cores_active"": ""9"", ""library"": ""boost/pfr"", ""task_files"": 91, ""llm_estimated_task_effort"": ""low"", ""textual_description"": ""The testsuite for boost/pfr is being compiled and run."", ""command"": ""b2 --j 9 test"", ""directory"": "".../boost/libs/pfr""}"
12490,1767344046,1767344046,1767344145,"{""inverter"": 1, ""source"": ""workstation1_log"", ""device"": ""workstation1"", ""task_type"": ""compilation, CPU load"", ""cpu_cores_active"": ""9"", ""library"": ""boost/xpressive"", ""task_files"": 70, ""llm_estimated_task_effort"": ""high"", ""textual_description"": ""The testsuite for boost/xpressive is being compiled and run."", ""command"": ""b2 --j 9 test"", ""directory"": "".../boost/libs/xpressive""}"
12491,1767344361,1767344361,1767344498,"{""inverter"": 1, ""source"": ""workstation1_log"", ""device"": ""workstation1"", ""task_type"": ""compilation, CPU load"", ""cpu_cores_active"": ""1"", ""library"": ""boost/compat"", ""task_files"": 65, ""llm_estimated_task_effort"": ""low"", ""textual_description"": ""The testsuite for boost/compat is being compiled and run."", ""command"": ""b2 --j 1 test"", ""directory"": "".../boost/libs/compat""}"
12492,1767344409,1767344409,1767344410,"{""inverter"": 1, ""source"": ""workstation2_log"", ""device"": ""workstation2"", ""task_type"": ""compilation, CPU load"", ""cpu_cores_active"": ""1"", ""library"": ""boost/uuid"", ""task_files"": 68, ""llm_estimated_task_effort"": ""low"", ""textual_description"": ""The testsuite for boost/uuid is being compiled and run."", ""command"": ""b2 --j 1 test"", ""directory"": "".../boost/libs/uuid""}"
12284,1767344903,1767344903,1767345236,"{""inverter"": 1, ""source"": ""workstation2_log"", ""device"": ""workstation2"", ""task_type"": ""CNN fitting, GPU load"", ""model"": ""vgg11"", ""optim"": ""sgd"", ""dataset"": ""CIFAR10"", ""batch_size"": 128, ""epochs"": 2, ""model_params"": 132863336, ""llm_estimated_task_effort"": ""low"", ""textual_description"": ""The model vgg11 is fitted on CIFAR10 using sgd for 2 epochs with bs=128.""}"
12493,1767345531,1767345531,1767345596,"{""inverter"": 1, ""source"": ""workstation1_log"", ""device"": ""workstation1"", ""task_type"": ""compilation, CPU load"", ""cpu_cores_active"": ""8"", ""library"": ""boost/numeric"", ""task_files"": 0, ""llm_estimated_task_effort"": ""low"", ""textual_description"": ""The testsuite for boost/numeric is being compiled and run."", ""command"": ""b2 --j 8 test"", ""directory"": "".../boost/libs/numeric""}"
12494,1767345556,1767345556,1767345556,"{""inverter"": 1, ""source"": ""workstation2_log"", ""device"": ""workstation2"", ""task_type"": ""compilation, CPU load"", ""cpu_cores_active"": ""6"", ""library"": ""boost/leaf"", ""task_files"": 125, ""llm_estimated_task_effort"": ""low"", ""textual_description"": ""The testsuite for boost/leaf is being compiled and run."", ""command"": ""b2 --j 6 test"", ""directory"": "".../boost/libs/leaf""}"
12495,1767345573,1767345573,1767345573,"{""inverter"": 1, ""source"": ""workstation2_log"", ""device"": ""workstation2"", ""task_type"": ""compilation, CPU load"", ""cpu_cores_active"": ""3"", ""library"": ""boost/lambda2"", ""task_files"": 16, ""llm_estimated_task_effort"": ""low"", ""textual_description"": ""The testsuite for boost/lambda2 is being compiled and run."", ""command"": ""b2 --j 3 test"", ""directory"": "".../boost/libs/lambda2""}"
12496,1767345683,1767345683,1767345683,"{""inverter"": 1, ""source"": ""workstation2_log"", ""device"": ""workstation2"", ""task_type"": ""compilation, CPU load"", ""cpu_cores_active"": ""6"", ""library"": ""boost/date_time"", ""task_files"": 70, ""llm_estimated_task_effort"": ""low"", ""textual_description"": ""The testsuite for boost/date_time is being compiled and run."", ""command"": ""b2 --j 6 test"", ""directory"": "".../boost/libs/date_time""}"
12497,1767345767,1767345767,1767346085,"{""inverter"": 1, ""source"": ""workstation1_log"", ""device"": ""workstation1"", ""task_type"": ""compilation, CPU load"", ""cpu_cores_active"": ""2"", ""library"": ""boost/contract"", ""task_files"": 268, ""llm_estimated_task_effort"": ""medium"", ""textual_description"": ""The testsuite for boost/contract is being compiled and run."", ""command"": ""b2 --j 2 test"", ""directory"": "".../boost/libs/contract""}"
12498,1767346034,1767346034,1767346034,"{""inverter"": 1, ""source"": ""workstation2_log"", ""device"": ""workstation2"", ""task_type"": ""compilation, CPU load"", ""cpu_cores_active"": ""3"", ""library"": ""boost/json"", ""task_files"": 417, ""llm_estimated_task_effort"": ""high"", ""textual_description"": ""The testsuite for boost/json is being compiled and run."", ""command"": ""b2 --j 3 test"", ""directory"": "".../boost/libs/json""}"
12499,1767346066,1767346066,1767346067,"{""inverter"": 1, ""source"": ""workstation2_log"", ""device"": ""workstation2"", ""task_type"": ""compilation, CPU load"", ""cpu_cores_active"": ""4"", ""library"": ""boost/geometry"", ""task_files"": 665, ""llm_estimated_task_effort"": ""high"", ""textual_description"": ""The testsuite for boost/geometry is being compiled and run."", ""command"": ""b2 --j 4 test"", ""directory"": "".../boost/libs/geometry""}"
12500,1767346292,1767346292,1767346293,"{""inverter"": 1, ""source"": ""workstation2_log"", ""device"": ""workstation2"", ""task_type"": ""compilation, CPU load"", ""cpu_cores_active"": ""8"", ""library"": ""boost/parser"", ""task_files"": 40, ""llm_estimated_task_effort"": ""low"", ""textual_description"": ""The testsuite for boost/parser is being compiled and run."", ""command"": ""b2 --j 8 test"", ""directory"": "".../boost/libs/parser""}"
12285,1767346331,1767346331,1767346664,"{""inverter"": 1, ""source"": ""workstation2_log"", ""device"": ""workstation2"", ""task_type"": ""CNN fitting, GPU load"", ""model"": ""vgg19"", ""optim"": ""sgd"", ""dataset"": ""CIFAR10"", ""batch_size"": 128, ""epochs"": 2, ""model_params"": 143667240, ""llm_estimated_task_effort"": ""medium"", ""textual_description"": ""The model vgg19 is fitted on CIFAR10 using sgd for 2 epochs with bs=128.""}"
12501,1767346718,1767346718,1767346718,"{""inverter"": 1, ""source"": ""workstation2_log"", ""device"": ""workstation2"", ""task_type"": ""compilation, CPU load"", ""cpu_cores_active"": ""1"", ""library"": ""boost/statechart"", ""task_files"": 67, ""llm_estimated_task_effort"": ""high"", ""textual_description"": ""The testsuite for boost/statechart is being compiled and run."", ""command"": ""b2 --j 1 test"", ""directory"": "".../boost/libs/statechart""}"
12502,1767346930,1767346930,1767346931,"{""inverter"": 1, ""source"": ""workstation2_log"", ""device"": ""workstation2"", ""task_type"": ""compilation, CPU load"", ""cpu_cores_active"": ""2"", ""library"": ""boost/describe"", ""task_files"": 53, ""llm_estimated_task_effort"": ""low"", ""textual_description"": ""The testsuite for boost/describe is being compiled and run."", ""command"": ""b2 --j 2 test"", ""directory"": "".../boost/libs/describe""}"
12503,1767346952,1767346952,1767346954,"{""inverter"": 1, ""source"": ""workstation2_log"", ""device"": ""workstation2"", ""task_type"": ""compilation, CPU load"", ""cpu_cores_active"": ""1"", ""library"": ""boost/detail"", ""task_files"": 14, ""llm_estimated_task_effort"": ""low"", ""textual_description"": ""The testsuite for boost/detail is being compiled and run."", ""command"": ""b2 --j 1 test"", ""directory"": "".../boost/libs/detail""}"
12286,1767347115,1767347115,1767347556,"{""inverter"": 1, ""source"": ""workstation2_log"", ""device"": ""workstation2"", ""task_type"": ""CNN fitting, GPU load"", ""model"": ""wide_resnet50_2"", ""optim"": ""sgd"", ""dataset"": ""CIFAR10"", ""batch_size"": 128, ""epochs"": 2, ""model_params"": 68883240, ""llm_estimated_task_effort"": ""high"", ""textual_description"": ""The model wide_resnet50_2 is fitted on CIFAR10 using sgd for 2 epochs with bs=128.""}"
12504,1767347256,1767347256,1767347257,"{""inverter"": 1, ""source"": ""workstation2_log"", ""device"": ""workstation2"", ""task_type"": ""compilation, CPU load"", ""cpu_cores_active"": ""6"", ""library"": ""boost/coroutine2"", ""task_files"": 2, ""llm_estimated_task_effort"": ""high"", ""textual_description"": ""The testsuite for boost/coroutine2 is being compiled and run."", ""command"": ""b2 --j 6 test"", ""directory"": "".../boost/libs/coroutine2""}"
12505,1767348052,1767348052,1767348053,"{""inverter"": 1, ""source"": ""workstation2_log"", ""device"": ""workstation2"", ""task_type"": ""compilation, CPU load"", ""cpu_cores_active"": ""9"", ""library"": ""boost/array"", ""task_files"": 52, ""llm_estimated_task_effort"": ""low"", ""textual_description"": ""The testsuite for boost/array is being compiled and run."", ""command"": ""b2 --j 9 test"", ""directory"": "".../boost/libs/array""}"
12506,1767348161,1767348161,1767348162,"{""inverter"": 1, ""source"": ""workstation2_log"", ""device"": ""workstation2"", ""task_type"": ""compilation, CPU load"", ""cpu_cores_active"": ""9"", ""library"": ""boost/container_hash"", ""task_files"": 90, ""llm_estimated_task_effort"": ""low"", ""textual_description"": ""The testsuite for boost/container_hash is being compiled and run."", ""command"": ""b2 --j 9 test"", ""directory"": "".../boost/libs/container_hash""}"
12287,1767348205,1767348205,1767349363,"{""inverter"": 1, ""source"": ""workstation2_log"", ""device"": ""workstation2"", ""task_type"": ""CNN fitting, GPU load"", ""model"": ""swin_v2_s"", ""optim"": ""sgd"", ""dataset"": ""CIFAR10"", ""batch_size"": 128, ""epochs"": 2, ""model_params"": 49737442, ""llm_estimated_task_effort"": ""high"", ""textual_description"": ""The model swin_v2_s is fitted on CIFAR10 using sgd for 2 epochs with bs=128.""}"
12507,1767348276,1767348276,1767348277,"{""inverter"": 1, ""source"": ""workstation2_log"", ""device"": ""workstation2"", ""task_type"": ""compilation, CPU load"", ""cpu_cores_active"": ""10"", ""library"": ""boost/assert"", ""task_files"": 25, ""llm_estimated_task_effort"": ""low"", ""textual_description"": ""The testsuite for boost/assert is being compiled and run."", ""command"": ""b2 --j 10 test"", ""directory"": "".../boost/libs/assert""}"
12508,1767348332,1767348332,1767348333,"{""inverter"": 1, ""source"": ""workstation2_log"", ""device"": ""workstation2"", ""task_type"": ""compilation, CPU load"", ""cpu_cores_active"": ""5"", ""library"": ""boost/range"", ""task_files"": 205, ""llm_estimated_task_effort"": ""low"", ""textual_description"": ""The testsuite for boost/range is being compiled and run."", ""command"": ""b2 --j 5 test"", ""directory"": "".../boost/libs/range""}"
12509,1767348389,1767348389,1767348466,"{""inverter"": 1, ""source"": ""workstation1_log"", ""device"": ""workstation1"", ""task_type"": ""compilation, CPU load"", ""cpu_cores_active"": ""9"", ""library"": ""boost/timer"", ""task_files"": 17, ""llm_estimated_task_effort"": ""low"", ""textual_description"": ""The testsuite for boost/timer is being compiled and run."", ""command"": ""b2 --j 9 test"", ""directory"": "".../boost/libs/timer""}"
12510,1767348470,1767348470,1767348550,"{""inverter"": 1, ""source"": ""workstation1_log"", ""device"": ""workstation1"", ""task_type"": ""compilation, CPU load"", ""cpu_cores_active"": ""9"", ""library"": ""boost/dll"", ""task_files"": 29, ""llm_estimated_task_effort"": ""low"", ""textual_description"": ""The testsuite for boost/dll is being compiled and run."", ""command"": ""b2 --j 9 test"", ""directory"": "".../boost/libs/dll""}"
12511,1767349002,1767349002,1767349003,"{""inverter"": 1, ""source"": ""workstation2_log"", ""device"": ""workstation2"", ""task_type"": ""compilation, CPU load"", ""cpu_cores_active"": ""1"", ""library"": ""boost/phoenix"", ""task_files"": 266, ""llm_estimated_task_effort"": ""low"", ""textual_description"": ""The testsuite for boost/phoenix is being compiled and run."", ""command"": ""b2 --j 1 test"", ""directory"": "".../boost/libs/phoenix""}"
12512,1767349099,1767349099,1767349169,"{""inverter"": 1, ""source"": ""workstation1_log"", ""device"": ""workstation1"", ""task_type"": ""compilation, CPU load"", ""cpu_cores_active"": ""10"", ""library"": ""boost/winapi"", ""task_files"": 59, ""llm_estimated_task_effort"": ""low"", ""textual_description"": ""The testsuite for boost/winapi is being compiled and run."", ""command"": ""b2 --j 10 test"", ""directory"": "".../boost/libs/winapi""}"
12513,1767349101,1767349101,1767349101,"{""inverter"": 1, ""source"": ""workstation2_log"", ""device"": ""workstation2"", ""task_type"": ""compilation, CPU load"", ""cpu_cores_active"": ""2"", ""library"": ""boost/lockfree"", ""task_files"": 24, ""llm_estimated_task_effort"": ""high"", ""textual_description"": ""The testsuite for boost/lockfree is being compiled and run."", ""command"": ""b2 --j 2 test"", ""directory"": "".../boost/libs/lockfree""}"
12514,1767349351,1767349351,1767349352,"{""inverter"": 1, ""source"": ""workstation2_log"", ""device"": ""workstation2"", ""task_type"": ""compilation, CPU load"", ""cpu_cores_active"": ""5"", ""library"": ""boost/tti"", ""task_files"": 147, ""llm_estimated_task_effort"": ""low"", ""textual_description"": ""The testsuite for boost/tti is being compiled and run."", ""command"": ""b2 --j 5 test"", ""directory"": "".../boost/libs/tti""}"
12515,1767349439,1767349439,1767349709,"{""inverter"": 1, ""source"": ""workstation1_log"", ""device"": ""workstation1"", ""task_type"": ""compilation, CPU load"", ""cpu_cores_active"": ""1"", ""library"": ""boost/iostreams"", ""task_files"": 407, ""llm_estimated_task_effort"": ""high"", ""textual_description"": ""The testsuite for boost/iostreams is being compiled and run."", ""command"": ""b2 --j 1 test"", ""directory"": "".../boost/libs/iostreams""}"
12516,1767349886,1767349886,1767350025,"{""inverter"": 1, ""source"": ""workstation1_log"", ""device"": ""workstation1"", ""task_type"": ""compilation, CPU load"", ""cpu_cores_active"": ""4"", ""library"": ""boost/icl"", ""task_files"": 288, ""llm_estimated_task_effort"": ""low"", ""textual_description"": ""The testsuite for boost/icl is being compiled and run."", ""command"": ""b2 --j 4 test"", ""directory"": "".../boost/libs/icl""}"
12288,1767350059,1767350059,1767350393,"{""inverter"": 1, ""source"": ""workstation2_log"", ""device"": ""workstation2"", ""task_type"": ""CNN fitting, GPU load"", ""model"": ""vgg13"", ""optim"": ""sgd"", ""dataset"": ""CIFAR10"", ""batch_size"": 128, ""epochs"": 2, ""model_params"": 133047848, ""llm_estimated_task_effort"": ""medium"", ""textual_description"": ""The model vgg13 is fitted on CIFAR10 using sgd for 2 epochs with bs=128.""}"
12517,1767350173,1767350173,1767350251,"{""inverter"": 1, ""source"": ""workstation1_log"", ""device"": ""workstation1"", ""task_type"": ""compilation, CPU load"", ""cpu_cores_active"": ""6"", ""library"": ""boost/move"", ""task_files"": 34, ""llm_estimated_task_effort"": ""low"", ""textual_description"": ""The testsuite for boost/move is being compiled and run."", ""command"": ""b2 --j 6 test"", ""directory"": "".../boost/libs/move""}"
12518,1767350428,1767350428,1767350507,"{""inverter"": 1, ""source"": ""workstation1_log"", ""device"": ""workstation1"", ""task_type"": ""compilation, CPU load"", ""cpu_cores_active"": ""7"", ""library"": ""boost/locale"", ""task_files"": 48, ""llm_estimated_task_effort"": ""high"", ""textual_description"": ""The testsuite for boost/locale is being compiled and run."", ""command"": ""b2 --j 7 test"", ""directory"": "".../boost/libs/locale""}"
12519,1767350446,1767350446,1767350446,"{""inverter"": 1, ""source"": ""workstation2_log"", ""device"": ""workstation2"", ""task_type"": ""compilation, CPU load"", ""cpu_cores_active"": ""3"", ""library"": ""boost/context"", ""task_files"": 7, ""llm_estimated_task_effort"": ""high"", ""textual_description"": ""The testsuite for boost/context is being compiled and run."", ""command"": ""b2 --j 3 test"", ""directory"": "".../boost/libs/context""}"
12520,1767350633,1767350633,1767350720,"{""inverter"": 1, ""source"": ""workstation1_log"", ""device"": ""workstation1"", ""task_type"": ""compilation, CPU load"", ""cpu_cores_active"": ""4"", ""library"": ""boost/endian"", ""task_files"": 61, ""llm_estimated_task_effort"": ""low"", ""textual_description"": ""The testsuite for boost/endian is being compiled and run."", ""command"": ""b2 --j 4 test"", ""directory"": "".../boost/libs/endian""}"
12521,1767350846,1767350846,1767350846,"{""inverter"": 1, ""source"": ""workstation2_log"", ""device"": ""workstation2"", ""task_type"": ""compilation, CPU load"", ""cpu_cores_active"": ""9"", ""library"": ""boost/polygon"", ""task_files"": 17, ""llm_estimated_task_effort"": ""high"", ""textual_description"": ""The testsuite for boost/polygon is being compiled and run."", ""command"": ""b2 --j 9 test"", ""directory"": "".../boost/libs/polygon""}"
12289,1767350970,1767350970,1767351302,"{""inverter"": 1, ""source"": ""workstation2_log"", ""device"": ""workstation2"", ""task_type"": ""CNN fitting, GPU load"", ""model"": ""vgg13"", ""optim"": ""sgd"", ""dataset"": ""CIFAR10"", ""batch_size"": 128, ""epochs"": 2, ""model_params"": 133047848, ""llm_estimated_task_effort"": ""medium"", ""textual_description"": ""The model vgg13 is fitted on CIFAR10 using sgd for 2 epochs with bs=128.""}"
12522,1767351252,1767351252,1767351478,"{""inverter"": 1, ""source"": ""workstation1_log"", ""device"": ""workstation1"", ""task_type"": ""compilation, CPU load"", ""cpu_cores_active"": ""3"", ""library"": ""boost/range"", ""task_files"": 205, ""llm_estimated_task_effort"": ""low"", ""textual_description"": ""The testsuite for boost/range is being compiled and run."", ""command"": ""b2 --j 3 test"", ""directory"": "".../boost/libs/range""}"
12523,1767351756,1767351756,1767351757,"{""inverter"": 1, ""source"": ""workstation2_log"", ""device"": ""workstation2"", ""task_type"": ""compilation, CPU load"", ""cpu_cores_active"": ""7"", ""library"": ""boost/process"", ""task_files"": 76, ""llm_estimated_task_effort"": ""medium"", ""textual_description"": ""The testsuite for boost/process is being compiled and run."", ""command"": ""b2 --j 7 test"", ""directory"": "".../boost/libs/process""}"
12524,1767351807,1767351807,1767351808,"{""inverter"": 1, ""source"": ""workstation2_log"", ""device"": ""workstation2"", ""task_type"": ""compilation, CPU load"", ""cpu_cores_active"": ""1"", ""library"": ""boost/log"", ""task_files"": 72, ""llm_estimated_task_effort"": ""high"", ""textual_description"": ""The testsuite for boost/log is being compiled and run."", ""command"": ""b2 --j 1 test"", ""directory"": "".../boost/libs/log""}"
12290,1767351936,1767351936,1767353090,"{""inverter"": 1, ""source"": ""workstation2_log"", ""device"": ""workstation2"", ""task_type"": ""CNN fitting, GPU load"", ""model"": ""swin_v2_s"", ""optim"": ""sgd"", ""dataset"": ""CIFAR10"", ""batch_size"": 128, ""epochs"": 2, ""model_params"": 49737442, ""llm_estimated_task_effort"": ""high"", ""textual_description"": ""The model swin_v2_s is fitted on CIFAR10 using sgd for 2 epochs with bs=128.""}"
12525,1767352117,1767352117,1767352118,"{""inverter"": 1, ""source"": ""workstation2_log"", ""device"": ""workstation2"", ""task_type"": ""compilation, CPU load"", ""cpu_cores_active"": ""2"", ""library"": ""boost/describe"", ""task_files"": 53, ""llm_estimated_task_effort"": ""low"", ""textual_description"": ""The testsuite for boost/describe is being compiled and run."", ""command"": ""b2 --j 2 test"", ""directory"": "".../boost/libs/describe""}"
12526,1767352180,1767352180,1767352181,"{""inverter"": 1, ""source"": ""workstation2_log"", ""device"": ""workstation2"", ""task_type"": ""compilation, CPU load"", ""cpu_cores_active"": ""1"", ""library"": ""boost/vmd"", ""task_files"": 336, ""llm_estimated_task_effort"": ""low"", ""textual_description"": ""The testsuite for boost/vmd is being compiled and run."", ""command"": ""b2 --j 1 test"", ""directory"": "".../boost/libs/vmd""}"
12527,1767352388,1767352388,1767352535,"{""inverter"": 1, ""source"": ""workstation1_log"", ""device"": ""workstation1"", ""task_type"": ""compilation, CPU load"", ""cpu_cores_active"": ""2"", ""library"": ""boost/atomic"", ""task_files"": 30, ""llm_estimated_task_effort"": ""low"", ""textual_description"": ""The testsuite for boost/atomic is being compiled and run."", ""command"": ""b2 --j 2 test"", ""directory"": "".../boost/libs/atomic""}"
12528,1767352406,1767352406,1767352408,"{""inverter"": 1, ""source"": ""workstation2_log"", ""device"": ""workstation2"", ""task_type"": ""compilation, CPU load"", ""cpu_cores_active"": ""2"", ""library"": ""boost/flyweight"", ""task_files"": 40, ""llm_estimated_task_effort"": ""low"", ""textual_description"": ""The testsuite for boost/flyweight is being compiled and run."", ""command"": ""b2 --j 2 test"", ""directory"": "".../boost/libs/flyweight""}"
12529,1767352785,1767352785,1767352913,"{""inverter"": 1, ""source"": ""workstation1_log"", ""device"": ""workstation1"", ""task_type"": ""compilation, CPU load"", ""cpu_cores_active"": ""10"", ""library"": ""boost/fiber"", ""task_files"": 33, ""llm_estimated_task_effort"": ""high"", ""textual_description"": ""The testsuite for boost/fiber is being compiled and run."", ""command"": ""b2 --j 10 test"", ""directory"": "".../boost/libs/fiber""}"
12530,1767352959,1767352959,1767352960,"{""inverter"": 1, ""source"": ""workstation2_log"", ""device"": ""workstation2"", ""task_type"": ""compilation, CPU load"", ""cpu_cores_active"": ""7"", ""library"": ""boost/log"", ""task_files"": 72, ""llm_estimated_task_effort"": ""high"", ""textual_description"": ""The testsuite for boost/log is being compiled and run."", ""command"": ""b2 --j 7 test"", ""directory"": "".../boost/libs/log""}"
12531,1767353376,1767353376,1767353377,"{""inverter"": 1, ""source"": ""workstation2_log"", ""device"": ""workstation2"", ""task_type"": ""compilation, CPU load"", ""cpu_cores_active"": ""2"", ""library"": ""boost/math"", ""task_files"": 2611, ""llm_estimated_task_effort"": ""high"", ""textual_description"": ""The testsuite for boost/math is being compiled and run."", ""command"": ""b2 --j 2 test"", ""directory"": "".../boost/libs/math""}"
12532,1767354044,1767354044,1767354045,"{""inverter"": 1, ""source"": ""workstation2_log"", ""device"": ""workstation2"", ""task_type"": ""compilation, CPU load"", ""cpu_cores_active"": ""4"", ""library"": ""boost/random"", ""task_files"": 141, ""llm_estimated_task_effort"": ""low"", ""textual_description"": ""The testsuite for boost/random is being compiled and run."", ""command"": ""b2 --j 4 test"", ""directory"": "".../boost/libs/random""}"
12533,1767354056,1767354056,1767354145,"{""inverter"": 1, ""source"": ""workstation1_log"", ""device"": ""workstation1"", ""task_type"": ""compilation, CPU load"", ""cpu_cores_active"": ""9"", ""library"": ""boost/hash2"", ""task_files"": 125, ""llm_estimated_task_effort"": ""low"", ""textual_description"": ""The testsuite for boost/hash2 is being compiled and run."", ""command"": ""b2 --j 9 test"", ""directory"": "".../boost/libs/hash2""}"
12291,1767354367,1767354367,1767354704,"{""inverter"": 1, ""source"": ""workstation2_log"", ""device"": ""workstation2"", ""task_type"": ""CNN fitting, GPU load"", ""model"": ""vgg19"", ""optim"": ""sgd"", ""dataset"": ""CIFAR10"", ""batch_size"": 128, ""epochs"": 2, ""model_params"": 143667240, ""llm_estimated_task_effort"": ""medium"", ""textual_description"": ""The model vgg19 is fitted on CIFAR10 using sgd for 2 epochs with bs=128.""}"
12534,1767354440,1767354440,1767354531,"{""inverter"": 1, ""source"": ""workstation1_log"", ""device"": ""workstation1"", ""task_type"": ""compilation, CPU load"", ""cpu_cores_active"": ""3"", ""library"": ""boost/callable_traits"", ""task_files"": 52, ""llm_estimated_task_effort"": ""low"", ""textual_description"": ""The testsuite for boost/callable_traits is being compiled and run."", ""command"": ""b2 --j 3 test"", ""directory"": "".../boost/libs/callable_traits""}"
12535,1767354546,1767354546,1767354708,"{""inverter"": 1, ""source"": ""workstation1_log"", ""device"": ""workstation1"", ""task_type"": ""compilation, CPU load"", ""cpu_cores_active"": ""1"", ""library"": ""boost/uuid"", ""task_files"": 68, ""llm_estimated_task_effort"": ""low"", ""textual_description"": ""The testsuite for boost/uuid is being compiled and run."", ""command"": ""b2 --j 1 test"", ""directory"": "".../boost/libs/uuid""}"
12536,1767354573,1767354573,1767354574,"{""inverter"": 1, ""source"": ""workstation2_log"", ""device"": ""workstation2"", ""task_type"": ""compilation, CPU load"", ""cpu_cores_active"": ""6"", ""library"": ""boost/cobalt"", ""task_files"": 44, ""llm_estimated_task_effort"": ""medium"", ""textual_description"": ""The testsuite for boost/cobalt is being compiled and run."", ""command"": ""b2 --j 6 test"", ""directory"": "".../boost/libs/cobalt""}"
12537,1767354793,1767354793,1767354861,"{""inverter"": 1, ""source"": ""workstation1_log"", ""device"": ""workstation1"", ""task_type"": ""compilation, CPU load"", ""cpu_cores_active"": ""7"", ""library"": ""boost/foreach"", ""task_files"": 27, ""llm_estimated_task_effort"": ""low"", ""textual_description"": ""The testsuite for boost/foreach is being compiled and run."", ""command"": ""b2 --j 7 test"", ""directory"": "".../boost/libs/foreach""}"
12538,1767354914,1767354914,1767354983,"{""inverter"": 1, ""source"": ""workstation1_log"", ""device"": ""workstation1"", ""task_type"": ""compilation, CPU load"", ""cpu_cores_active"": ""9"", ""library"": ""boost/io"", ""task_files"": 9, ""llm_estimated_task_effort"": ""low"", ""textual_description"": ""The testsuite for boost/io is being compiled and run."", ""command"": ""b2 --j 9 test"", ""directory"": "".../boost/libs/io""}"
12292,1767355047,1767355047,1767355488,"{""inverter"": 1, ""source"": ""workstation2_log"", ""device"": ""workstation2"", ""task_type"": ""CNN fitting, GPU load"", ""model"": ""wide_resnet50_2"", ""optim"": ""sgd"", ""dataset"": ""CIFAR10"", ""batch_size"": 128, ""epochs"": 2, ""model_params"": 68883240, ""llm_estimated_task_effort"": ""high"", ""textual_description"": ""The model wide_resnet50_2 is fitted on CIFAR10 using sgd for 2 epochs with bs=128.""}"
12539,1767355197,1767355197,1767355313,"{""inverter"": 1, ""source"": ""workstation1_log"", ""device"": ""workstation1"", ""task_type"": ""compilation, CPU load"", ""cpu_cores_active"": ""8"", ""library"": ""boost/regex"", ""task_files"": 106, ""llm_estimated_task_effort"": ""high"", ""textual_description"": ""The testsuite for boost/regex is being compiled and run."", ""command"": ""b2 --j 8 test"", ""directory"": "".../boost/libs/regex""}"
12540,1767355363,1767355363,1767355364,"{""inverter"": 1, ""source"": ""workstation2_log"", ""device"": ""workstation2"", ""task_type"": ""compilation, CPU load"", ""cpu_cores_active"": ""3"", ""library"": ""boost/scope_exit"", ""task_files"": 32, ""llm_estimated_task_effort"": ""low"", ""textual_description"": ""The testsuite for boost/scope_exit is being compiled and run."", ""command"": ""b2 --j 3 test"", ""directory"": "".../boost/libs/scope_exit""}"
12293,1767355510,1767355510,1767355846,"{""inverter"": 1, ""source"": ""workstation2_log"", ""device"": ""workstation2"", ""task_type"": ""CNN fitting, GPU load"", ""model"": ""vgg11"", ""optim"": ""adam"", ""dataset"": ""CIFAR10"", ""batch_size"": 128, ""epochs"": 2, ""model_params"": 132863336, ""llm_estimated_task_effort"": ""low"", ""textual_description"": ""The model vgg11 is fitted on CIFAR10 using adam for 2 epochs with bs=128.""}"
12541,1767356120,1767356120,1767356120,"{""inverter"": 1, ""source"": ""workstation2_log"", ""device"": ""workstation2"", ""task_type"": ""compilation, CPU load"", ""cpu_cores_active"": ""1"", ""library"": ""boost/type_traits"", ""task_files"": 229, ""llm_estimated_task_effort"": ""low"", ""textual_description"": ""The testsuite for boost/type_traits is being compiled and run."", ""command"": ""b2 --j 1 test"", ""directory"": "".../boost/libs/type_traits""}"
12294,1767356134,1767356134,1767356501,"{""inverter"": 1, ""source"": ""workstation2_log"", ""device"": ""workstation2"", ""task_type"": ""CNN fitting, GPU load"", ""model"": ""resnet18"", ""optim"": ""adam"", ""dataset"": ""CIFAR10"", ""batch_size"": 128, ""epochs"": 2, ""model_params"": 11689512, ""llm_estimated_task_effort"": ""low"", ""textual_description"": ""The model resnet18 is fitted on CIFAR10 using adam for 2 epochs with bs=128.""}"
12542,1767356287,1767356287,1767356362,"{""inverter"": 1, ""source"": ""workstation1_log"", ""device"": ""workstation1"", ""task_type"": ""compilation, CPU load"", ""cpu_cores_active"": ""4"", ""library"": ""boost/align"", ""task_files"": 17, ""llm_estimated_task_effort"": ""low"", ""textual_description"": ""The testsuite for boost/align is being compiled and run."", ""command"": ""b2 --j 4 test"", ""directory"": "".../boost/libs/align""}"
12543,1767356556,1767356556,1767356630,"{""inverter"": 1, ""source"": ""workstation1_log"", ""device"": ""workstation1"", ""task_type"": ""compilation, CPU load"", ""cpu_cores_active"": ""8"", ""library"": ""boost/property_map"", ""task_files"": 9, ""llm_estimated_task_effort"": ""low"", ""textual_description"": ""The testsuite for boost/property_map is being compiled and run."", ""command"": ""b2 --j 8 test"", ""directory"": "".../boost/libs/property_map""}"
12544,1767357006,1767357006,1767357007,"{""inverter"": 1, ""source"": ""workstation2_log"", ""device"": ""workstation2"", ""task_type"": ""compilation, CPU load"", ""cpu_cores_active"": ""10"", ""library"": ""boost/dynamic_bitset"", ""task_files"": 13, ""llm_estimated_task_effort"": ""low"", ""textual_description"": ""The testsuite for boost/dynamic_bitset is being compiled and run."", ""command"": ""b2 --j 10 test"", ""directory"": "".../boost/libs/dynamic_bitset""}"
12295,1767357519,1767357519,1767357855,"{""inverter"": 1, ""source"": ""workstation2_log"", ""device"": ""workstation2"", ""task_type"": ""CNN fitting, GPU load"", ""model"": ""vgg11"", ""optim"": ""sgd"", ""dataset"": ""CIFAR10"", ""batch_size"": 128, ""epochs"": 2, ""model_params"": 132863336, ""llm_estimated_task_effort"": ""low"", ""textual_description"": ""The model vgg11 is fitted on CIFAR10 using sgd for 2 epochs with bs=128.""}"
12545,1767357725,1767357725,1767357726,"{""inverter"": 1, ""source"": ""workstation2_log"", ""device"": ""workstation2"", ""task_type"": ""compilation, CPU load"", ""cpu_cores_active"": ""4"", ""library"": ""boost/vmd"", ""task_files"": 336, ""llm_estimated_task_effort"": ""low"", ""textual_description"": ""The testsuite for boost/vmd is being compiled and run."", ""command"": ""b2 --j 4 test"", ""directory"": "".../boost/libs/vmd""}"
12546,1767357736,1767357736,1767357834,"{""inverter"": 1, ""source"": ""workstation1_log"", ""device"": ""workstation1"", ""task_type"": ""compilation, CPU load"", ""cpu_cores_active"": ""3"", ""library"": ""boost/lockfree"", ""task_files"": 24, ""llm_estimated_task_effort"": ""high"", ""textual_description"": ""The testsuite for boost/lockfree is being compiled and run."", ""command"": ""b2 --j 3 test"", ""directory"": "".../boost/libs/lockfree""}"
12296,1767358113,1767358113,1767358444,"{""inverter"": 1, ""source"": ""workstation2_log"", ""device"": ""workstation2"", ""task_type"": ""CNN fitting, GPU load"", ""model"": ""vgg11"", ""optim"": ""sgd"", ""dataset"": ""CIFAR10"", ""batch_size"": 128, ""epochs"": 2, ""model_params"": 132863336, ""llm_estimated_task_effort"": ""low"", ""textual_description"": ""The model vgg11 is fitted on CIFAR10 using sgd for 2 epochs with bs=128.""}"
12547,1767358516,1767358516,1767358593,"{""inverter"": 1, ""source"": ""workstation1_log"", ""device"": ""workstation1"", ""task_type"": ""compilation, CPU load"", ""cpu_cores_active"": ""7"", ""library"": ""boost/config"", ""task_files"": 754, ""llm_estimated_task_effort"": ""low"", ""textual_description"": ""The testsuite for boost/config is being compiled and run."", ""command"": ""b2 --j 7 test"", ""directory"": "".../boost/libs/config""}"
12297,1767358737,1767358737,1767359074,"{""inverter"": 1, ""source"": ""workstation2_log"", ""device"": ""workstation2"", ""task_type"": ""CNN fitting, GPU load"", ""model"": ""vgg11"", ""optim"": ""adam"", ""dataset"": ""CIFAR10"", ""batch_size"": 128, ""epochs"": 2, ""model_params"": 132863336, ""llm_estimated_task_effort"": ""low"", ""textual_description"": ""The model vgg11 is fitted on CIFAR10 using adam for 2 epochs with bs=128.""}"
12548,1767359399,1767359399,1767359399,"{""inverter"": 1, ""source"": ""workstation2_log"", ""device"": ""workstation2"", ""task_type"": ""compilation, CPU load"", ""cpu_cores_active"": ""1"", ""library"": ""boost/function_types"", ""task_files"": 47, ""llm_estimated_task_effort"": ""low"", ""textual_description"": ""The testsuite for boost/function_types is being compiled and run."", ""command"": ""b2 --j 1 test"", ""directory"": "".../boost/libs/function_types""}"
12549,1767359463,1767359463,1767359463,"{""inverter"": 1, ""source"": ""workstation2_log"", ""device"": ""workstation2"", ""task_type"": ""compilation, CPU load"", ""cpu_cores_active"": ""6"", ""library"": ""boost/core"", ""task_files"": 278, ""llm_estimated_task_effort"": ""low"", ""textual_description"": ""The testsuite for boost/core is being compiled and run."", ""command"": ""b2 --j 6 test"", ""directory"": "".../boost/libs/core""}"
12298,1767359545,1767359545,1767359890,"{""inverter"": 1, ""source"": ""workstation2_log"", ""device"": ""workstation2"", ""task_type"": ""CNN fitting, GPU load"", ""model"": ""resnet18"", ""optim"": ""sgd"", ""dataset"": ""CIFAR10"", ""batch_size"": 128, ""epochs"": 2, ""model_params"": 11689512, ""llm_estimated_task_effort"": ""low"", ""textual_description"": ""The model resnet18 is fitted on CIFAR10 using sgd for 2 epochs with bs=128.""}"
12550,1767359609,1767359609,1767359610,"{""inverter"": 1, ""source"": ""workstation2_log"", ""device"": ""workstation2"", ""task_type"": ""compilation, CPU load"", ""cpu_cores_active"": ""8"", ""library"": ""boost/math"", ""task_files"": 2611, ""llm_estimated_task_effort"": ""high"", ""textual_description"": ""The testsuite for boost/math is being compiled and run."", ""command"": ""b2 --j 8 test"", ""directory"": "".../boost/libs/math""}"
12551,1767359623,1767359623,1767359718,"{""inverter"": 1, ""source"": ""workstation1_log"", ""device"": ""workstation1"", ""task_type"": ""compilation, CPU load"", ""cpu_cores_active"": ""4"", ""library"": ""boost/uuid"", ""task_files"": 68, ""llm_estimated_task_effort"": ""low"", ""textual_description"": ""The testsuite for boost/uuid is being compiled and run."", ""command"": ""b2 --j 4 test"", ""directory"": "".../boost/libs/uuid""}"
12552,1767359831,1767359831,1767359900,"{""inverter"": 1, ""source"": ""workstation1_log"", ""device"": ""workstation1"", ""task_type"": ""compilation, CPU load"", ""cpu_cores_active"": ""2"", ""library"": ""boost/headers"", ""task_files"": 0, ""llm_estimated_task_effort"": ""low"", ""textual_description"": ""The testsuite for boost/headers is being compiled and run."", ""command"": ""b2 --j 2 test"", ""directory"": "".../boost/libs/headers""}"
12553,1767359916,1767359916,1767360105,"{""inverter"": 1, ""source"": ""workstation1_log"", ""device"": ""workstation1"", ""task_type"": ""compilation, CPU load"", ""cpu_cores_active"": ""2"", ""library"": ""boost/safe_numerics"", ""task_files"": 152, ""llm_estimated_task_effort"": ""low"", ""textual_description"": ""The testsuite for boost/safe_numerics is being compiled and run."", ""command"": ""b2 --j 2 test"", ""directory"": "".../boost/libs/safe_numerics""}"
12554,1767360223,1767360223,1767360296,"{""inverter"": 1, ""source"": ""workstation1_log"", ""device"": ""workstation1"", ""task_type"": ""compilation, CPU load"", ""cpu_cores_active"": ""9"", ""library"": ""boost/property_map"", ""task_files"": 9, ""llm_estimated_task_effort"": ""low"", ""textual_description"": ""The testsuite for boost/property_map is being compiled and run."", ""command"": ""b2 --j 9 test"", ""directory"": "".../boost/libs/property_map""}"
12555,1767360676,1767360676,1767360676,"{""inverter"": 1, ""source"": ""workstation2_log"", ""device"": ""workstation2"", ""task_type"": ""compilation, CPU load"", ""cpu_cores_active"": ""10"", ""library"": ""boost/intrusive"", ""task_files"": 55, ""llm_estimated_task_effort"": ""low"", ""textual_description"": ""The testsuite for boost/intrusive is being compiled and run."", ""command"": ""b2 --j 10 test"", ""directory"": "".../boost/libs/intrusive""}"
12556,1767360936,1767360936,1767361096,"{""inverter"": 1, ""source"": ""workstation1_log"", ""device"": ""workstation1"", ""task_type"": ""compilation, CPU load"", ""cpu_cores_active"": ""1"", ""library"": ""boost/property_tree"", ""task_files"": 23, ""llm_estimated_task_effort"": ""low"", ""textual_description"": ""The testsuite for boost/property_tree is being compiled and run."", ""command"": ""b2 --j 1 test"", ""directory"": "".../boost/libs/property_tree""}"
12299,1767361093,1767361093,1767362249,"{""inverter"": 1, ""source"": ""workstation2_log"", ""device"": ""workstation2"", ""task_type"": ""CNN fitting, GPU load"", ""model"": ""swin_v2_s"", ""optim"": ""sgd"", ""dataset"": ""CIFAR10"", ""batch_size"": 128, ""epochs"": 2, ""model_params"": 49737442, ""llm_estimated_task_effort"": ""high"", ""textual_description"": ""The model swin_v2_s is fitted on CIFAR10 using sgd for 2 epochs with bs=128.""}"
12557,1767361147,1767361147,1767361148,"{""inverter"": 1, ""source"": ""workstation2_log"", ""device"": ""workstation2"", ""task_type"": ""compilation, CPU load"", ""cpu_cores_active"": ""4"", ""library"": ""boost/container_hash"", ""task_files"": 90, ""llm_estimated_task_effort"": ""low"", ""textual_description"": ""The testsuite for boost/container_hash is being compiled and run."", ""command"": ""b2 --j 4 test"", ""directory"": "".../boost/libs/container_hash""}"
12558,1767361511,1767361511,1767361628,"{""inverter"": 1, ""source"": ""workstation1_log"", ""device"": ""workstation1"", ""task_type"": ""compilation, CPU load"", ""cpu_cores_active"": ""7"", ""library"": ""boost/parser"", ""task_files"": 40, ""llm_estimated_task_effort"": ""low"", ""textual_description"": ""The testsuite for boost/parser is being compiled and run."", ""command"": ""b2 --j 7 test"", ""directory"": "".../boost/libs/parser""}"
12559,1767361644,1767361644,1767361729,"{""inverter"": 1, ""source"": ""workstation1_log"", ""device"": ""workstation1"", ""task_type"": ""compilation, CPU load"", ""cpu_cores_active"": ""8"", ""library"": ""boost/polygon"", ""task_files"": 17, ""llm_estimated_task_effort"": ""high"", ""textual_description"": ""The testsuite for boost/polygon is being compiled and run."", ""command"": ""b2 --j 8 test"", ""directory"": "".../boost/libs/polygon""}"
12560,1767361873,1767361873,1767361874,"{""inverter"": 1, ""source"": ""workstation2_log"", ""device"": ""workstation2"", ""task_type"": ""compilation, CPU load"", ""cpu_cores_active"": ""4"", ""library"": ""boost/utility"", ""task_files"": 30, ""llm_estimated_task_effort"": ""low"", ""textual_description"": ""The testsuite for boost/utility is being compiled and run."", ""command"": ""b2 --j 4 test"", ""directory"": "".../boost/libs/utility""}"
12561,1767362898,1767362898,1767362970,"{""inverter"": 1, ""source"": ""workstation1_log"", ""device"": ""workstation1"", ""task_type"": ""compilation, CPU load"", ""cpu_cores_active"": ""2"", ""library"": ""boost/typeof"", ""task_files"": 33, ""llm_estimated_task_effort"": ""low"", ""textual_description"": ""The testsuite for boost/typeof is being compiled and run."", ""command"": ""b2 --j 2 test"", ""directory"": "".../boost/libs/typeof""}"
12562,1767362955,1767362955,1767362956,"{""inverter"": 1, ""source"": ""workstation2_log"", ""device"": ""workstation2"", ""task_type"": ""compilation, CPU load"", ""cpu_cores_active"": ""3"", ""library"": ""boost/gil"", ""task_files"": 353, ""llm_estimated_task_effort"": ""high"", ""textual_description"": ""The testsuite for boost/gil is being compiled and run."", ""command"": ""b2 --j 3 test"", ""directory"": "".../boost/libs/gil""}"
12300,1767363068,1767363068,1767363811,"{""inverter"": 1, ""source"": ""workstation2_log"", ""device"": ""workstation2"", ""task_type"": ""CNN fitting, GPU load"", ""model"": ""densenet121"", ""optim"": ""sgd"", ""dataset"": ""CIFAR10"", ""batch_size"": 128, ""epochs"": 2, ""model_params"": 7978856, ""llm_estimated_task_effort"": ""medium"", ""textual_description"": ""The model densenet121 is fitted on CIFAR10 using sgd for 2 epochs with bs=128.""}"
12563,1767363329,1767363329,1767363528,"{""inverter"": 1, ""source"": ""workstation1_log"", ""device"": ""workstation1"", ""task_type"": ""compilation, CPU load"", ""cpu_cores_active"": ""2"", ""library"": ""boost/histogram"", ""task_files"": 131, ""llm_estimated_task_effort"": ""medium"", ""textual_description"": ""The testsuite for boost/histogram is being compiled and run."", ""command"": ""b2 --j 2 test"", ""directory"": "".../boost/libs/histogram""}"
12301,1767363874,1767363874,1767364713,"{""inverter"": 1, ""source"": ""workstation2_log"", ""device"": ""workstation2"", ""task_type"": ""CNN fitting, GPU load"", ""model"": ""densenet121"", ""optim"": ""adam"", ""dataset"": ""CIFAR10"", ""batch_size"": 128, ""epochs"": 2, ""model_params"": 7978856, ""llm_estimated_task_effort"": ""medium"", ""textual_description"": ""The model densenet121 is fitted on CIFAR10 using adam for 2 epochs with bs=128.""}"
12564,1767363934,1767363934,1767364005,"{""inverter"": 1, ""source"": ""workstation1_log"", ""device"": ""workstation1"", ""task_type"": ""compilation, CPU load"", ""cpu_cores_active"": ""5"", ""library"": ""boost/any"", ""task_files"": 47, ""llm_estimated_task_effort"": ""low"", ""textual_description"": ""The testsuite for boost/any is being compiled and run."", ""command"": ""b2 --j 5 test"", ""directory"": "".../boost/libs/any""}"
12565,1767364117,1767364117,1767364118,"{""inverter"": 1, ""source"": ""workstation2_log"", ""device"": ""workstation2"", ""task_type"": ""compilation, CPU load"", ""cpu_cores_active"": ""6"", ""library"": ""boost/dynamic_bitset"", ""task_files"": 13, ""llm_estimated_task_effort"": ""low"", ""textual_description"": ""The testsuite for boost/dynamic_bitset is being compiled and run."", ""command"": ""b2 --j 6 test"", ""directory"": "".../boost/libs/dynamic_bitset""}"
12566,1767364512,1767364512,1767364513,"{""inverter"": 1, ""source"": ""workstation2_log"", ""device"": ""workstation2"", ""task_type"": ""compilation, CPU load"", ""cpu_cores_active"": ""4"", ""library"": ""boost/intrusive"", ""task_files"": 55, ""llm_estimated_task_effort"": ""low"", ""textual_description"": ""The testsuite for boost/intrusive is being compiled and run."", ""command"": ""b2 --j 4 test"", ""directory"": "".../boost/libs/intrusive""}"
12567,1767364696,1767364696,1767364772,"{""inverter"": 1, ""source"": ""workstation1_log"", ""device"": ""workstation1"", ""task_type"": ""compilation, CPU load"", ""cpu_cores_active"": ""5"", ""library"": ""boost/format"", ""task_files"": 9, ""llm_estimated_task_effort"": ""low"", ""textual_description"": ""The testsuite for boost/format is being compiled and run."", ""command"": ""b2 --j 5 test"", ""directory"": "".../boost/libs/format""}"
12568,1767364816,1767364816,1767366509,"{""inverter"": 1, ""source"": ""workstation1_log"", ""device"": ""workstation1"", ""task_type"": ""compilation, CPU load"", ""cpu_cores_active"": ""6"", ""library"": ""boost/multiprecision"", ""task_files"": 471, ""llm_estimated_task_effort"": ""high"", ""textual_description"": ""The testsuite for boost/multiprecision is being compiled and run."", ""command"": ""b2 --j 6 test"", ""directory"": "".../boost/libs/multiprecision""}"
12302,1767364887,1767364887,1767365387,"{""inverter"": 1, ""source"": ""workstation2_log"", ""device"": ""workstation2"", ""task_type"": ""CNN fitting, GPU load"", ""model"": ""wide_resnet50_2"", ""optim"": ""adam"", ""dataset"": ""CIFAR10"", ""batch_size"": 128, ""epochs"": 2, ""model_params"": 68883240, ""llm_estimated_task_effort"": ""high"", ""textual_description"": ""The model wide_resnet50_2 is fitted on CIFAR10 using adam for 2 epochs with bs=128.""}"
12569,1767365136,1767365136,1767365137,"{""inverter"": 1, ""source"": ""workstation2_log"", ""device"": ""workstation2"", ""task_type"": ""compilation, CPU load"", ""cpu_cores_active"": ""9"", ""library"": ""boost/units"", ""task_files"": 51, ""llm_estimated_task_effort"": ""low"", ""textual_description"": ""The testsuite for boost/units is being compiled and run."", ""command"": ""b2 --j 9 test"", ""directory"": "".../boost/libs/units""}"
12303,1767365641,1767365641,1767366143,"{""inverter"": 1, ""source"": ""workstation2_log"", ""device"": ""workstation2"", ""task_type"": ""CNN fitting, GPU load"", ""model"": ""wide_resnet50_2"", ""optim"": ""adam"", ""dataset"": ""CIFAR10"", ""batch_size"": 128, ""epochs"": 2, ""model_params"": 68883240, ""llm_estimated_task_effort"": ""high"", ""textual_description"": ""The model wide_resnet50_2 is fitted on CIFAR10 using adam for 2 epochs with bs=128.""}"
12304,1767366164,1767366164,1767366500,"{""inverter"": 1, ""source"": ""workstation2_log"", ""device"": ""workstation2"", ""task_type"": ""CNN fitting, GPU load"", ""model"": ""vgg11"", ""optim"": ""sgd"", ""dataset"": ""CIFAR10"", ""batch_size"": 128, ""epochs"": 2, ""model_params"": 132863336, ""llm_estimated_task_effort"": ""low"", ""textual_description"": ""The model vgg11 is fitted on CIFAR10 using sgd for 2 epochs with bs=128.""}"
12570,1767366514,1767366514,1767366515,"{""inverter"": 1, ""source"": ""workstation2_log"", ""device"": ""workstation2"", ""task_type"": ""compilation, CPU load"", ""cpu_cores_active"": ""10"", ""library"": ""boost/hana"", ""task_files"": 831, ""llm_estimated_task_effort"": ""medium"", ""textual_description"": ""The testsuite for boost/hana is being compiled and run."", ""command"": ""b2 --j 10 test"", ""directory"": "".../boost/libs/hana""}"
12571,1767366778,1767366778,1767366778,"{""inverter"": 1, ""source"": ""workstation2_log"", ""device"": ""workstation2"", ""task_type"": ""compilation, CPU load"", ""cpu_cores_active"": ""6"", ""library"": ""boost/endian"", ""task_files"": 61, ""llm_estimated_task_effort"": ""low"", ""textual_description"": ""The testsuite for boost/endian is being compiled and run."", ""command"": ""b2 --j 6 test"", ""directory"": "".../boost/libs/endian""}"
12305,1767366843,1767366843,1767367693,"{""inverter"": 1, ""source"": ""workstation2_log"", ""device"": ""workstation2"", ""task_type"": ""CNN fitting, GPU load"", ""model"": ""densenet121"", ""optim"": ""adam"", ""dataset"": ""CIFAR10"", ""batch_size"": 128, ""epochs"": 2, ""model_params"": 7978856, ""llm_estimated_task_effort"": ""medium"", ""textual_description"": ""The model densenet121 is fitted on CIFAR10 using adam for 2 epochs with bs=128.""}"
12572,1767366919,1767366919,1767366919,"{""inverter"": 1, ""source"": ""workstation2_log"", ""device"": ""workstation2"", ""task_type"": ""compilation, CPU load"", ""cpu_cores_active"": ""2"", ""library"": ""boost/assert"", ""task_files"": 25, ""llm_estimated_task_effort"": ""low"", ""textual_description"": ""The testsuite for boost/assert is being compiled and run."", ""command"": ""b2 --j 2 test"", ""directory"": "".../boost/libs/assert""}"
12573,1767367074,1767367074,1767367075,"{""inverter"": 1, ""source"": ""workstation2_log"", ""device"": ""workstation2"", ""task_type"": ""compilation, CPU load"", ""cpu_cores_active"": ""7"", ""library"": ""boost/config"", ""task_files"": 754, ""llm_estimated_task_effort"": ""low"", ""textual_description"": ""The testsuite for boost/config is being compiled and run."", ""command"": ""b2 --j 7 test"", ""directory"": "".../boost/libs/config""}"
12574,1767367310,1767367310,1767367310,"{""inverter"": 1, ""source"": ""workstation2_log"", ""device"": ""workstation2"", ""task_type"": ""compilation, CPU load"", ""cpu_cores_active"": ""1"", ""library"": ""boost/poly_collection"", ""task_files"": 46, ""llm_estimated_task_effort"": ""low"", ""textual_description"": ""The testsuite for boost/poly_collection is being compiled and run."", ""command"": ""b2 --j 1 test"", ""directory"": "".../boost/libs/poly_collection""}"
12575,1767367327,1767367327,1767367473,"{""inverter"": 1, ""source"": ""workstation1_log"", ""device"": ""workstation1"", ""task_type"": ""compilation, CPU load"", ""cpu_cores_active"": ""4"", ""library"": ""boost/smart_ptr"", ""task_files"": 292, ""llm_estimated_task_effort"": ""low"", ""textual_description"": ""The testsuite for boost/smart_ptr is being compiled and run."", ""command"": ""b2 --j 4 test"", ""directory"": "".../boost/libs/smart_ptr""}"
12576,1767367551,1767367551,1767367552,"{""inverter"": 1, ""source"": ""workstation2_log"", ""device"": ""workstation2"", ""task_type"": ""compilation, CPU load"", ""cpu_cores_active"": ""4"", ""library"": ""boost/io"", ""task_files"": 9, ""llm_estimated_task_effort"": ""low"", ""textual_description"": ""The testsuite for boost/io is being compiled and run."", ""command"": ""b2 --j 4 test"", ""directory"": "".../boost/libs/io""}"
12577,1767367576,1767367576,1767367577,"{""inverter"": 1, ""source"": ""workstation2_log"", ""device"": ""workstation2"", ""task_type"": ""compilation, CPU load"", ""cpu_cores_active"": ""9"", ""library"": ""boost/lambda"", ""task_files"": 27, ""llm_estimated_task_effort"": ""low"", ""textual_description"": ""The testsuite for boost/lambda is being compiled and run."", ""command"": ""b2 --j 9 test"", ""directory"": "".../boost/libs/lambda""}"
12578,1767367790,1767367790,1767367790,"{""inverter"": 1, ""source"": ""workstation2_log"", ""device"": ""workstation2"", ""task_type"": ""compilation, CPU load"", ""cpu_cores_active"": ""6"", ""library"": ""boost/range"", ""task_files"": 205, ""llm_estimated_task_effort"": ""low"", ""textual_description"": ""The testsuite for boost/range is being compiled and run."", ""command"": ""b2 --j 6 test"", ""directory"": "".../boost/libs/range""}"
12579,1767367842,1767367842,1767367908,"{""inverter"": 1, ""source"": ""workstation1_log"", ""device"": ""workstation1"", ""task_type"": ""compilation, CPU load"", ""cpu_cores_active"": ""10"", ""library"": ""boost/logic"", ""task_files"": 13, ""llm_estimated_task_effort"": ""low"", ""textual_description"": ""The testsuite for boost/logic is being compiled and run."", ""command"": ""b2 --j 10 test"", ""directory"": "".../boost/libs/logic""}"
12306,1767368060,1767368060,1767368395,"{""inverter"": 1, ""source"": ""workstation2_log"", ""device"": ""workstation2"", ""task_type"": ""CNN fitting, GPU load"", ""model"": ""vgg19"", ""optim"": ""sgd"", ""dataset"": ""CIFAR10"", ""batch_size"": 128, ""epochs"": 2, ""model_params"": 143667240, ""llm_estimated_task_effort"": ""medium"", ""textual_description"": ""The model vgg19 is fitted on CIFAR10 using sgd for 2 epochs with bs=128.""}"
12580,1767368440,1767368440,1767368584,"{""inverter"": 1, ""source"": ""workstation1_log"", ""device"": ""workstation1"", ""task_type"": ""compilation, CPU load"", ""cpu_cores_active"": ""1"", ""library"": ""boost/hof"", ""task_files"": 63, ""llm_estimated_task_effort"": ""low"", ""textual_description"": ""The testsuite for boost/hof is being compiled and run."", ""command"": ""b2 --j 1 test"", ""directory"": "".../boost/libs/hof""}"
12307,1767368484,1767368484,1767369311,"{""inverter"": 1, ""source"": ""workstation2_log"", ""device"": ""workstation2"", ""task_type"": ""CNN fitting, GPU load"", ""model"": ""densenet121"", ""optim"": ""adam"", ""dataset"": ""CIFAR10"", ""batch_size"": 128, ""epochs"": 2, ""model_params"": 7978856, ""llm_estimated_task_effort"": ""medium"", ""textual_description"": ""The model densenet121 is fitted on CIFAR10 using adam for 2 epochs with bs=128.""}"
12581,1767368599,1767368599,1767368600,"{""inverter"": 1, ""source"": ""workstation2_log"", ""device"": ""workstation2"", ""task_type"": ""compilation, CPU load"", ""cpu_cores_active"": ""10"", ""library"": ""boost/timer"", ""task_files"": 17, ""llm_estimated_task_effort"": ""low"", ""textual_description"": ""The testsuite for boost/timer is being compiled and run."", ""command"": ""b2 --j 10 test"", ""directory"": "".../boost/libs/timer""}"
12582,1767368773,1767368773,1767368885,"{""inverter"": 1, ""source"": ""workstation1_log"", ""device"": ""workstation1"", ""task_type"": ""compilation, CPU load"", ""cpu_cores_active"": ""2"", ""library"": ""boost/locale"", ""task_files"": 48, ""llm_estimated_task_effort"": ""high"", ""textual_description"": ""The testsuite for boost/locale is being compiled and run."", ""command"": ""b2 --j 2 test"", ""directory"": "".../boost/libs/locale""}"
12583,1767368885,1767368885,1767368886,"{""inverter"": 1, ""source"": ""workstation2_log"", ""device"": ""workstation2"", ""task_type"": ""compilation, CPU load"", ""cpu_cores_active"": ""1"", ""library"": ""boost/histogram"", ""task_files"": 131, ""llm_estimated_task_effort"": ""medium"", ""textual_description"": ""The testsuite for boost/histogram is being compiled and run."", ""command"": ""b2 --j 1 test"", ""directory"": "".../boost/libs/histogram""}"
12584,1767369004,1767369004,1767369271,"{""inverter"": 1, ""source"": ""workstation1_log"", ""device"": ""workstation1"", ""task_type"": ""compilation, CPU load"", ""cpu_cores_active"": ""1"", ""library"": ""boost/iostreams"", ""task_files"": 407, ""llm_estimated_task_effort"": ""high"", ""textual_description"": ""The testsuite for boost/iostreams is being compiled and run."", ""command"": ""b2 --j 1 test"", ""directory"": "".../boost/libs/iostreams""}"
12585,1767369113,1767369113,1767369114,"{""inverter"": 1, ""source"": ""workstation2_log"", ""device"": ""workstation2"", ""task_type"": ""compilation, CPU load"", ""cpu_cores_active"": ""10"", ""library"": ""boost/functional"", ""task_files"": 2, ""llm_estimated_task_effort"": ""low"", ""textual_description"": ""The testsuite for boost/functional is being compiled and run."", ""command"": ""b2 --j 10 test"", ""directory"": "".../boost/libs/functional""}"
12586,1767369277,1767369277,1767369278,"{""inverter"": 1, ""source"": ""workstation2_log"", ""device"": ""workstation2"", ""task_type"": ""compilation, CPU load"", ""cpu_cores_active"": ""7"", ""library"": ""boost/unordered"", ""task_files"": 192, ""llm_estimated_task_effort"": ""low"", ""textual_description"": ""The testsuite for boost/unordered is being compiled and run."", ""command"": ""b2 --j 7 test"", ""directory"": "".../boost/libs/unordered""}"
12587,1767369460,1767369460,1767369460,"{""inverter"": 1, ""source"": ""workstation2_log"", ""device"": ""workstation2"", ""task_type"": ""compilation, CPU load"", ""cpu_cores_active"": ""3"", ""library"": ""boost/predef"", ""task_files"": 19, ""llm_estimated_task_effort"": ""low"", ""textual_description"": ""The testsuite for boost/predef is being compiled and run."", ""command"": ""b2 --j 3 test"", ""directory"": "".../boost/libs/predef""}"
12308,1767369529,1767369529,1767369866,"{""inverter"": 1, ""source"": ""workstation2_log"", ""device"": ""workstation2"", ""task_type"": ""CNN fitting, GPU load"", ""model"": ""vgg11"", ""optim"": ""adam"", ""dataset"": ""CIFAR10"", ""batch_size"": 128, ""epochs"": 2, ""model_params"": 132863336, ""llm_estimated_task_effort"": ""low"", ""textual_description"": ""The model vgg11 is fitted on CIFAR10 using adam for 2 epochs with bs=128.""}"
12588,1767369562,1767369562,1767369562,"{""inverter"": 1, ""source"": ""workstation2_log"", ""device"": ""workstation2"", ""task_type"": ""compilation, CPU load"", ""cpu_cores_active"": ""10"", ""library"": ""boost/describe"", ""task_files"": 53, ""llm_estimated_task_effort"": ""low"", ""textual_description"": ""The testsuite for boost/describe is being compiled and run."", ""command"": ""b2 --j 10 test"", ""directory"": "".../boost/libs/describe""}"
12676,1767369894,1767369894,1767369894,"{""inverter"": 1, ""source"": ""workstation2_log"", ""device"": ""workstation2"", ""task_type"": ""compilation, CPU load"", ""cpu_cores_active"": ""2"", ""library"": ""boost/lexical_cast"", ""task_files"": 31, ""llm_estimated_task_effort"": ""low"", ""textual_description"": ""The testsuite for boost/lexical_cast is being compiled and run."", ""command"": ""b2 --j 2 test"", ""directory"": "".../boost/libs/lexical_cast""}"
12677,1767370243,1767370243,1767370316,"{""inverter"": 1, ""source"": ""workstation1_log"", ""device"": ""workstation1"", ""task_type"": ""compilation, CPU load"", ""cpu_cores_active"": ""6"", ""library"": ""boost/align"", ""task_files"": 17, ""llm_estimated_task_effort"": ""low"", ""textual_description"": ""The testsuite for boost/align is being compiled and run."", ""command"": ""b2 --j 6 test"", ""directory"": "".../boost/libs/align""}"
12589,1767370556,1767370556,1767370994,"{""inverter"": 1, ""source"": ""workstation2_log"", ""device"": ""workstation2"", ""task_type"": ""CNN fitting, GPU load"", ""model"": ""wide_resnet50_2"", ""optim"": ""sgd"", ""dataset"": ""CIFAR10"", ""batch_size"": 128, ""epochs"": 2, ""model_params"": 68883240, ""llm_estimated_task_effort"": ""high"", ""textual_description"": ""The model wide_resnet50_2 is fitted on CIFAR10 using sgd for 2 epochs with bs=128.""}"
12678,1767370698,1767370698,1767370847,"{""inverter"": 1, ""source"": ""workstation1_log"", ""device"": ""workstation1"", ""task_type"": ""compilation, CPU load"", ""cpu_cores_active"": ""1"", ""library"": ""boost/callable_traits"", ""task_files"": 52, ""llm_estimated_task_effort"": ""low"", ""textual_description"": ""The testsuite for boost/callable_traits is being compiled and run."", ""command"": ""b2 --j 1 test"", ""directory"": "".../boost/libs/callable_traits""}"
12679,1767370961,1767370961,1767371035,"{""inverter"": 1, ""source"": ""workstation1_log"", ""device"": ""workstation1"", ""task_type"": ""compilation, CPU load"", ""cpu_cores_active"": ""10"", ""library"": ""boost/hof"", ""task_files"": 63, ""llm_estimated_task_effort"": ""low"", ""textual_description"": ""The testsuite for boost/hof is being compiled and run."", ""command"": ""b2 --j 10 test"", ""directory"": "".../boost/libs/hof""}"
12680,1767371167,1767371167,1767371248,"{""inverter"": 1, ""source"": ""workstation1_log"", ""device"": ""workstation1"", ""task_type"": ""compilation, CPU load"", ""cpu_cores_active"": ""4"", ""library"": ""boost/type_index"", ""task_files"": 19, ""llm_estimated_task_effort"": ""low"", ""textual_description"": ""The testsuite for boost/type_index is being compiled and run."", ""command"": ""b2 --j 4 test"", ""directory"": "".../boost/libs/type_index""}"
12590,1767371331,1767371331,1767371664,"{""inverter"": 1, ""source"": ""workstation2_log"", ""device"": ""workstation2"", ""task_type"": ""CNN fitting, GPU load"", ""model"": ""vgg11"", ""optim"": ""sgd"", ""dataset"": ""CIFAR10"", ""batch_size"": 128, ""epochs"": 2, ""model_params"": 132863336, ""llm_estimated_task_effort"": ""low"", ""textual_description"": ""The model vgg11 is fitted on CIFAR10 using sgd for 2 epochs with bs=128.""}"
12681,1767371516,1767371516,1767371516,"{""inverter"": 1, ""source"": ""workstation2_log"", ""device"": ""workstation2"", ""task_type"": ""compilation, CPU load"", ""cpu_cores_active"": ""10"", ""library"": ""boost/property_tree"", ""task_files"": 23, ""llm_estimated_task_effort"": ""low"", ""textual_description"": ""The testsuite for boost/property_tree is being compiled and run."", ""command"": ""b2 --j 10 test"", ""directory"": "".../boost/libs/property_tree""}"
12682,1767371519,1767371519,1767371673,"{""inverter"": 1, ""source"": ""workstation1_log"", ""device"": ""workstation1"", ""task_type"": ""compilation, CPU load"", ""cpu_cores_active"": ""1"", ""library"": ""boost/describe"", ""task_files"": 53, ""llm_estimated_task_effort"": ""low"", ""textual_description"": ""The testsuite for boost/describe is being compiled and run."", ""command"": ""b2 --j 1 test"", ""directory"": "".../boost/libs/describe""}"
12683,1767372151,1767372151,1767372237,"{""inverter"": 1, ""source"": ""workstation1_log"", ""device"": ""workstation1"", ""task_type"": ""compilation, CPU load"", ""cpu_cores_active"": ""5"", ""library"": ""boost/compat"", ""task_files"": 65, ""llm_estimated_task_effort"": ""low"", ""textual_description"": ""The testsuite for boost/compat is being compiled and run."", ""command"": ""b2 --j 5 test"", ""directory"": "".../boost/libs/compat""}"
12591,1767372228,1767372228,1767372726,"{""inverter"": 1, ""source"": ""workstation2_log"", ""device"": ""workstation2"", ""task_type"": ""CNN fitting, GPU load"", ""model"": ""wide_resnet50_2"", ""optim"": ""adam"", ""dataset"": ""CIFAR10"", ""batch_size"": 128, ""epochs"": 2, ""model_params"": 68883240, ""llm_estimated_task_effort"": ""high"", ""textual_description"": ""The model wide_resnet50_2 is fitted on CIFAR10 using adam for 2 epochs with bs=128.""}"
12684,1767372235,1767372235,1767372235,"{""inverter"": 1, ""source"": ""workstation2_log"", ""device"": ""workstation2"", ""task_type"": ""compilation, CPU load"", ""cpu_cores_active"": ""2"", ""library"": ""boost/atomic"", ""task_files"": 30, ""llm_estimated_task_effort"": ""low"", ""textual_description"": ""The testsuite for boost/atomic is being compiled and run."", ""command"": ""b2 --j 2 test"", ""directory"": "".../boost/libs/atomic""}"
12685,1767372890,1767372890,1767372891,"{""inverter"": 1, ""source"": ""workstation2_log"", ""device"": ""workstation2"", ""task_type"": ""compilation, CPU load"", ""cpu_cores_active"": ""5"", ""library"": ""boost/mpi"", ""task_files"": 75, ""llm_estimated_task_effort"": ""high"", ""textual_description"": ""The testsuite for boost/mpi is being compiled and run."", ""command"": ""b2 --j 5 test"", ""directory"": "".../boost/libs/mpi""}"
12592,1767373044,1767373044,1767373481,"{""inverter"": 1, ""source"": ""workstation2_log"", ""device"": ""workstation2"", ""task_type"": ""CNN fitting, GPU load"", ""model"": ""wide_resnet50_2"", ""optim"": ""sgd"", ""dataset"": ""CIFAR10"", ""batch_size"": 128, ""epochs"": 2, ""model_params"": 68883240, ""llm_estimated_task_effort"": ""high"", ""textual_description"": ""The model wide_resnet50_2 is fitted on CIFAR10 using sgd for 2 epochs with bs=128.""}"
12686,1767373112,1767373112,1767373195,"{""inverter"": 1, ""source"": ""workstation1_log"", ""device"": ""workstation1"", ""task_type"": ""compilation, CPU load"", ""cpu_cores_active"": ""3"", ""library"": ""boost/lambda"", ""task_files"": 27, ""llm_estimated_task_effort"": ""low"", ""textual_description"": ""The testsuite for boost/lambda is being compiled and run."", ""command"": ""b2 --j 3 test"", ""directory"": "".../boost/libs/lambda""}"
12687,1767373178,1767373178,1767373179,"{""inverter"": 1, ""source"": ""workstation2_log"", ""device"": ""workstation2"", ""task_type"": ""compilation, CPU load"", ""cpu_cores_active"": ""8"", ""library"": ""boost/container"", ""task_files"": 98, ""llm_estimated_task_effort"": ""high"", ""textual_description"": ""The testsuite for boost/container is being compiled and run."", ""command"": ""b2 --j 8 test"", ""directory"": "".../boost/libs/container""}"
12688,1767373429,1767373429,1767373514,"{""inverter"": 1, ""source"": ""workstation1_log"", ""device"": ""workstation1"", ""task_type"": ""compilation, CPU load"", ""cpu_cores_active"": ""1"", ""library"": ""boost/align"", ""task_files"": 17, ""llm_estimated_task_effort"": ""low"", ""textual_description"": ""The testsuite for boost/align is being compiled and run."", ""command"": ""b2 --j 1 test"", ""directory"": "".../boost/libs/align""}"
12689,1767373771,1767373771,1767373842,"{""inverter"": 1, ""source"": ""workstation1_log"", ""device"": ""workstation1"", ""task_type"": ""compilation, CPU load"", ""cpu_cores_active"": ""7"", ""library"": ""boost/format"", ""task_files"": 9, ""llm_estimated_task_effort"": ""low"", ""textual_description"": ""The testsuite for boost/format is being compiled and run."", ""command"": ""b2 --j 7 test"", ""directory"": "".../boost/libs/format""}"
12690,1767373990,1767373990,1767373991,"{""inverter"": 1, ""source"": ""workstation2_log"", ""device"": ""workstation2"", ""task_type"": ""compilation, CPU load"", ""cpu_cores_active"": ""4"", ""library"": ""boost/wave"", ""task_files"": 287, ""llm_estimated_task_effort"": ""high"", ""textual_description"": ""The testsuite for boost/wave is being compiled and run."", ""command"": ""b2 --j 4 test"", ""directory"": "".../boost/libs/wave""}"
12593,1767374030,1767374030,1767374365,"{""inverter"": 1, ""source"": ""workstation2_log"", ""device"": ""workstation2"", ""task_type"": ""CNN fitting, GPU load"", ""model"": ""vgg19"", ""optim"": ""sgd"", ""dataset"": ""CIFAR10"", ""batch_size"": 128, ""epochs"": 2, ""model_params"": 143667240, ""llm_estimated_task_effort"": ""medium"", ""textual_description"": ""The model vgg19 is fitted on CIFAR10 using sgd for 2 epochs with bs=128.""}"
12691,1767374095,1767374095,1767374181,"{""inverter"": 1, ""source"": ""workstation1_log"", ""device"": ""workstation1"", ""task_type"": ""compilation, CPU load"", ""cpu_cores_active"": ""9"", ""library"": ""boost/algorithm"", ""task_files"": 60, ""llm_estimated_task_effort"": ""low"", ""textual_description"": ""The testsuite for boost/algorithm is being compiled and run."", ""command"": ""b2 --j 9 test"", ""directory"": "".../boost/libs/algorithm""}"
12692,1767374126,1767374126,1767374127,"{""inverter"": 1, ""source"": ""workstation2_log"", ""device"": ""workstation2"", ""task_type"": ""compilation, CPU load"", ""cpu_cores_active"": ""8"", ""library"": ""boost/ratio"", ""task_files"": 34, ""llm_estimated_task_effort"": ""low"", ""textual_description"": ""The testsuite for boost/ratio is being compiled and run."", ""command"": ""b2 --j 8 test"", ""directory"": "".../boost/libs/ratio""}"
12693,1767374192,1767374192,1767374263,"{""inverter"": 1, ""source"": ""workstation1_log"", ""device"": ""workstation1"", ""task_type"": ""compilation, CPU load"", ""cpu_cores_active"": ""9"", ""library"": ""boost/detail"", ""task_files"": 14, ""llm_estimated_task_effort"": ""low"", ""textual_description"": ""The testsuite for boost/detail is being compiled and run."", ""command"": ""b2 --j 9 test"", ""directory"": "".../boost/libs/detail""}"
12594,1767374579,1767374579,1767375019,"{""inverter"": 1, ""source"": ""workstation2_log"", ""device"": ""workstation2"", ""task_type"": ""CNN fitting, GPU load"", ""model"": ""wide_resnet50_2"", ""optim"": ""sgd"", ""dataset"": ""CIFAR10"", ""batch_size"": 128, ""epochs"": 2, ""model_params"": 68883240, ""llm_estimated_task_effort"": ""high"", ""textual_description"": ""The model wide_resnet50_2 is fitted on CIFAR10 using sgd for 2 epochs with bs=128.""}"
12694,1767374730,1767374730,1767374813,"{""inverter"": 1, ""source"": ""workstation1_log"", ""device"": ""workstation1"", ""task_type"": ""compilation, CPU load"", ""cpu_cores_active"": ""6"", ""library"": ""boost/dynamic_bitset"", ""task_files"": 13, ""llm_estimated_task_effort"": ""low"", ""textual_description"": ""The testsuite for boost/dynamic_bitset is being compiled and run."", ""command"": ""b2 --j 6 test"", ""directory"": "".../boost/libs/dynamic_bitset""}"
12695,1767374884,1767374884,1767374885,"{""inverter"": 1, ""source"": ""workstation2_log"", ""device"": ""workstation2"", ""task_type"": ""compilation, CPU load"", ""cpu_cores_active"": ""3"", ""library"": ""boost/property_map_parallel"", ""task_files"": 0, ""llm_estimated_task_effort"": ""low"", ""textual_description"": ""The testsuite for boost/property_map_parallel is being compiled and run."", ""command"": ""b2 --j 3 test"", ""directory"": "".../boost/libs/property_map_parallel""}"
12696,1767375139,1767375139,1767375255,"{""inverter"": 1, ""source"": ""workstation1_log"", ""device"": ""workstation1"", ""task_type"": ""compilation, CPU load"", ""cpu_cores_active"": ""4"", ""library"": ""boost/hash2"", ""task_files"": 125, ""llm_estimated_task_effort"": ""low"", ""textual_description"": ""The testsuite for boost/hash2 is being compiled and run."", ""command"": ""b2 --j 4 test"", ""directory"": "".../boost/libs/hash2""}"
12697,1767375297,1767375297,1767375378,"{""inverter"": 1, ""source"": ""workstation1_log"", ""device"": ""workstation1"", ""task_type"": ""compilation, CPU load"", ""cpu_cores_active"": ""9"", ""library"": ""boost/leaf"", ""task_files"": 125, ""llm_estimated_task_effort"": ""low"", ""textual_description"": ""The testsuite for boost/leaf is being compiled and run."", ""command"": ""b2 --j 9 test"", ""directory"": "".../boost/libs/leaf""}"
12698,1767375495,1767375495,1767375601,"{""inverter"": 1, ""source"": ""workstation1_log"", ""device"": ""workstation1"", ""task_type"": ""compilation, CPU load"", ""cpu_cores_active"": ""4"", ""library"": ""boost/chrono"", ""task_files"": 67, ""llm_estimated_task_effort"": ""low"", ""textual_description"": ""The testsuite for boost/chrono is being compiled and run."", ""command"": ""b2 --j 4 test"", ""directory"": "".../boost/libs/chrono""}"
12699,1767375646,1767375646,1767375646,"{""inverter"": 1, ""source"": ""workstation2_log"", ""device"": ""workstation2"", ""task_type"": ""compilation, CPU load"", ""cpu_cores_active"": ""7"", ""library"": ""boost/random"", ""task_files"": 141, ""llm_estimated_task_effort"": ""low"", ""textual_description"": ""The testsuite for boost/random is being compiled and run."", ""command"": ""b2 --j 7 test"", ""directory"": "".../boost/libs/random""}"
12700,1767375817,1767375817,1767375817,"{""inverter"": 1, ""source"": ""workstation2_log"", ""device"": ""workstation2"", ""task_type"": ""compilation, CPU load"", ""cpu_cores_active"": ""9"", ""library"": ""boost/icl"", ""task_files"": 288, ""llm_estimated_task_effort"": ""low"", ""textual_description"": ""The testsuite for boost/icl is being compiled and run."", ""command"": ""b2 --j 9 test"", ""directory"": "".../boost/libs/icl""}"
12701,1767376111,1767376111,1767376191,"{""inverter"": 1, ""source"": ""workstation1_log"", ""device"": ""workstation1"", ""task_type"": ""compilation, CPU load"", ""cpu_cores_active"": ""8"", ""library"": ""boost/dll"", ""task_files"": 29, ""llm_estimated_task_effort"": ""low"", ""textual_description"": ""The testsuite for boost/dll is being compiled and run."", ""command"": ""b2 --j 8 test"", ""directory"": "".../boost/libs/dll""}"
12595,1767376326,1767376326,1767376664,"{""inverter"": 1, ""source"": ""workstation2_log"", ""device"": ""workstation2"", ""task_type"": ""CNN fitting, GPU load"", ""model"": ""vgg11"", ""optim"": ""adam"", ""dataset"": ""CIFAR10"", ""batch_size"": 128, ""epochs"": 2, ""model_params"": 132863336, ""llm_estimated_task_effort"": ""low"", ""textual_description"": ""The model vgg11 is fitted on CIFAR10 using adam for 2 epochs with bs=128.""}"
12702,1767376350,1767376350,1767376351,"{""inverter"": 1, ""source"": ""workstation2_log"", ""device"": ""workstation2"", ""task_type"": ""compilation, CPU load"", ""cpu_cores_active"": ""10"", ""library"": ""boost/integer"", ""task_files"": 27, ""llm_estimated_task_effort"": ""low"", ""textual_description"": ""The testsuite for boost/integer is being compiled and run."", ""command"": ""b2 --j 10 test"", ""directory"": "".../boost/libs/integer""}"
12703,1767376367,1767376367,1767376368,"{""inverter"": 1, ""source"": ""workstation2_log"", ""device"": ""workstation2"", ""task_type"": ""compilation, CPU load"", ""cpu_cores_active"": ""8"", ""library"": ""boost/container"", ""task_files"": 98, ""llm_estimated_task_effort"": ""high"", ""textual_description"": ""The testsuite for boost/container is being compiled and run."", ""command"": ""b2 --j 8 test"", ""directory"": "".../boost/libs/container""}"
12704,1767376659,1767376659,1767376762,"{""inverter"": 1, ""source"": ""workstation1_log"", ""device"": ""workstation1"", ""task_type"": ""compilation, CPU load"", ""cpu_cores_active"": ""7"", ""library"": ""boost/safe_numerics"", ""task_files"": 152, ""llm_estimated_task_effort"": ""low"", ""textual_description"": ""The testsuite for boost/safe_numerics is being compiled and run."", ""command"": ""b2 --j 7 test"", ""directory"": "".../boost/libs/safe_numerics""}"
12705,1767376791,1767376791,1767376861,"{""inverter"": 1, ""source"": ""workstation1_log"", ""device"": ""workstation1"", ""task_type"": ""compilation, CPU load"", ""cpu_cores_active"": ""3"", ""library"": ""boost/mpi"", ""task_files"": 75, ""llm_estimated_task_effort"": ""high"", ""textual_description"": ""The testsuite for boost/mpi is being compiled and run."", ""command"": ""b2 --j 3 test"", ""directory"": "".../boost/libs/mpi""}"
12596,1767376991,1767376991,1767377374,"{""inverter"": 1, ""source"": ""workstation2_log"", ""device"": ""workstation2"", ""task_type"": ""CNN fitting, GPU load"", ""model"": ""resnet18"", ""optim"": ""adam"", ""dataset"": ""CIFAR10"", ""batch_size"": 128, ""epochs"": 2, ""model_params"": 11689512, ""llm_estimated_task_effort"": ""low"", ""textual_description"": ""The model resnet18 is fitted on CIFAR10 using adam for 2 epochs with bs=128.""}"
12706,1767377007,1767377007,1767377084,"{""inverter"": 1, ""source"": ""workstation1_log"", ""device"": ""workstation1"", ""task_type"": ""compilation, CPU load"", ""cpu_cores_active"": ""8"", ""library"": ""boost/units"", ""task_files"": 51, ""llm_estimated_task_effort"": ""low"", ""textual_description"": ""The testsuite for boost/units is being compiled and run."", ""command"": ""b2 --j 8 test"", ""directory"": "".../boost/libs/units""}"
12707,1767377251,1767377251,1767377331,"{""inverter"": 1, ""source"": ""workstation1_log"", ""device"": ""workstation1"", ""task_type"": ""compilation, CPU load"", ""cpu_cores_active"": ""10"", ""library"": ""boost/variant"", ""task_files"": 37, ""llm_estimated_task_effort"": ""low"", ""textual_description"": ""The testsuite for boost/variant is being compiled and run."", ""command"": ""b2 --j 10 test"", ""directory"": "".../boost/libs/variant""}"
12708,1767377357,1767377357,1767377359,"{""inverter"": 1, ""source"": ""workstation2_log"", ""device"": ""workstation2"", ""task_type"": ""compilation, CPU load"", ""cpu_cores_active"": ""7"", ""library"": ""boost/test"", ""task_files"": 112, ""llm_estimated_task_effort"": ""low"", ""textual_description"": ""The testsuite for boost/test is being compiled and run."", ""command"": ""b2 --j 7 test"", ""directory"": "".../boost/libs/test""}"
12709,1767377434,1767377434,1767377521,"{""inverter"": 1, ""source"": ""workstation1_log"", ""device"": ""workstation1"", ""task_type"": ""compilation, CPU load"", ""cpu_cores_active"": ""10"", ""library"": ""boost/iostreams"", ""task_files"": 407, ""llm_estimated_task_effort"": ""high"", ""textual_description"": ""The testsuite for boost/iostreams is being compiled and run."", ""command"": ""b2 --j 10 test"", ""directory"": "".../boost/libs/iostreams""}"
12597,1767377823,1767377823,1767378167,"{""inverter"": 1, ""source"": ""workstation2_log"", ""device"": ""workstation2"", ""task_type"": ""CNN fitting, GPU load"", ""model"": ""resnet18"", ""optim"": ""sgd"", ""dataset"": ""CIFAR10"", ""batch_size"": 128, ""epochs"": 2, ""model_params"": 11689512, ""llm_estimated_task_effort"": ""low"", ""textual_description"": ""The model resnet18 is fitted on CIFAR10 using sgd for 2 epochs with bs=128.""}"
12710,1767378149,1767378149,1767378223,"{""inverter"": 1, ""source"": ""workstation1_log"", ""device"": ""workstation1"", ""task_type"": ""compilation, CPU load"", ""cpu_cores_active"": ""9"", ""library"": ""boost/align"", ""task_files"": 17, ""llm_estimated_task_effort"": ""low"", ""textual_description"": ""The testsuite for boost/align is being compiled and run."", ""command"": ""b2 --j 9 test"", ""directory"": "".../boost/libs/align""}"
12711,1767378170,1767378170,1767378171,"{""inverter"": 1, ""source"": ""workstation2_log"", ""device"": ""workstation2"", ""task_type"": ""compilation, CPU load"", ""cpu_cores_active"": ""7"", ""library"": ""boost/mpi"", ""task_files"": 75, ""llm_estimated_task_effort"": ""high"", ""textual_description"": ""The testsuite for boost/mpi is being compiled and run."", ""command"": ""b2 --j 7 test"", ""directory"": "".../boost/libs/mpi""}"
12712,1767378593,1767378593,1767378593,"{""inverter"": 1, ""source"": ""workstation2_log"", ""device"": ""workstation2"", ""task_type"": ""compilation, CPU load"", ""cpu_cores_active"": ""5"", ""library"": ""boost/nowide"", ""task_files"": 25, ""llm_estimated_task_effort"": ""low"", ""textual_description"": ""The testsuite for boost/nowide is being compiled and run."", ""command"": ""b2 --j 5 test"", ""directory"": "".../boost/libs/nowide""}"
12713,1767378732,1767378732,1767378733,"{""inverter"": 1, ""source"": ""workstation2_log"", ""device"": ""workstation2"", ""task_type"": ""compilation, CPU load"", ""cpu_cores_active"": ""10"", ""library"": ""boost/local_function"", ""task_files"": 86, ""llm_estimated_task_effort"": ""low"", ""textual_description"": ""The testsuite for boost/local_function is being compiled and run."", ""command"": ""b2 --j 10 test"", ""directory"": "".../boost/libs/local_function""}"
12598,1767378804,1767378804,1767379146,"{""inverter"": 1, ""source"": ""workstation2_log"", ""device"": ""workstation2"", ""task_type"": ""CNN fitting, GPU load"", ""model"": ""vgg13"", ""optim"": ""adam"", ""dataset"": ""CIFAR10"", ""batch_size"": 128, ""epochs"": 2, ""model_params"": 133047848, ""llm_estimated_task_effort"": ""medium"", ""textual_description"": ""The model vgg13 is fitted on CIFAR10 using adam for 2 epochs with bs=128.""}"
12714,1767378973,1767378973,1767379189,"{""inverter"": 1, ""source"": ""workstation1_log"", ""device"": ""workstation1"", ""task_type"": ""compilation, CPU load"", ""cpu_cores_active"": ""5"", ""library"": ""boost/log"", ""task_files"": 72, ""llm_estimated_task_effort"": ""high"", ""textual_description"": ""The testsuite for boost/log is being compiled and run."", ""command"": ""b2 --j 5 test"", ""directory"": "".../boost/libs/log""}"
12715,1767379376,1767379376,1767379377,"{""inverter"": 1, ""source"": ""workstation2_log"", ""device"": ""workstation2"", ""task_type"": ""compilation, CPU load"", ""cpu_cores_active"": ""7"", ""library"": ""boost/leaf"", ""task_files"": 125, ""llm_estimated_task_effort"": ""low"", ""textual_description"": ""The testsuite for boost/leaf is being compiled and run."", ""command"": ""b2 --j 7 test"", ""directory"": "".../boost/libs/leaf""}"
12716,1767380125,1767380125,1767380125,"{""inverter"": 1, ""source"": ""workstation2_log"", ""device"": ""workstation2"", ""task_type"": ""compilation, CPU load"", ""cpu_cores_active"": ""2"", ""library"": ""boost/array"", ""task_files"": 52, ""llm_estimated_task_effort"": ""low"", ""textual_description"": ""The testsuite for boost/array is being compiled and run."", ""command"": ""b2 --j 2 test"", ""directory"": "".../boost/libs/array""}"
12717,1767380199,1767380199,1767380292,"{""inverter"": 1, ""source"": ""workstation1_log"", ""device"": ""workstation1"", ""task_type"": ""compilation, CPU load"", ""cpu_cores_active"": ""5"", ""library"": ""boost/program_options"", ""task_files"": 26, ""llm_estimated_task_effort"": ""high"", ""textual_description"": ""The testsuite for boost/program_options is being compiled and run."", ""command"": ""b2 --j 5 test"", ""directory"": "".../boost/libs/program_options""}"
12718,1767381428,1767381428,1767381508,"{""inverter"": 1, ""source"": ""workstation1_log"", ""device"": ""workstation1"", ""task_type"": ""compilation, CPU load"", ""cpu_cores_active"": ""9"", ""library"": ""boost/coroutine2"", ""task_files"": 2, ""llm_estimated_task_effort"": ""high"", ""textual_description"": ""The testsuite for boost/coroutine2 is being compiled and run."", ""command"": ""b2 --j 9 test"", ""directory"": "".../boost/libs/coroutine2""}"
12719,1767382283,1767382283,1767382362,"{""inverter"": 1, ""source"": ""workstation1_log"", ""device"": ""workstation1"", ""task_type"": ""compilation, CPU load"", ""cpu_cores_active"": ""5"", ""library"": ""boost/scope_exit"", ""task_files"": 32, ""llm_estimated_task_effort"": ""low"", ""textual_description"": ""The testsuite for boost/scope_exit is being compiled and run."", ""command"": ""b2 --j 5 test"", ""directory"": "".../boost/libs/scope_exit""}"
12599,1767382357,1767382357,1767382693,"{""inverter"": 1, ""source"": ""workstation2_log"", ""device"": ""workstation2"", ""task_type"": ""CNN fitting, GPU load"", ""model"": ""vgg11"", ""optim"": ""adam"", ""dataset"": ""CIFAR10"", ""batch_size"": 128, ""epochs"": 2, ""model_params"": 132863336, ""llm_estimated_task_effort"": ""low"", ""textual_description"": ""The model vgg11 is fitted on CIFAR10 using adam for 2 epochs with bs=128.""}"
12720,1767382456,1767382456,1767382457,"{""inverter"": 1, ""source"": ""workstation2_log"", ""device"": ""workstation2"", ""task_type"": ""compilation, CPU load"", ""cpu_cores_active"": ""5"", ""library"": ""boost/graph_parallel"", ""task_files"": 30, ""llm_estimated_task_effort"": ""high"", ""textual_description"": ""The testsuite for boost/graph_parallel is being compiled and run."", ""command"": ""b2 --j 5 test"", ""directory"": "".../boost/libs/graph_parallel""}"
12600,1767382755,1767382755,1767383255,"{""inverter"": 1, ""source"": ""workstation2_log"", ""device"": ""workstation2"", ""task_type"": ""CNN fitting, GPU load"", ""model"": ""wide_resnet50_2"", ""optim"": ""adam"", ""dataset"": ""CIFAR10"", ""batch_size"": 128, ""epochs"": 2, ""model_params"": 68883240, ""llm_estimated_task_effort"": ""high"", ""textual_description"": ""The model wide_resnet50_2 is fitted on CIFAR10 using adam for 2 epochs with bs=128.""}"
12721,1767382960,1767382960,1767382960,"{""inverter"": 1, ""source"": ""workstation2_log"", ""device"": ""workstation2"", ""task_type"": ""compilation, CPU load"", ""cpu_cores_active"": ""6"", ""library"": ""boost/concept_check"", ""task_files"": 18, ""llm_estimated_task_effort"": ""low"", ""textual_description"": ""The testsuite for boost/concept_check is being compiled and run."", ""command"": ""b2 --j 6 test"", ""directory"": "".../boost/libs/concept_check""}"
12722,1767383047,1767383047,1767383048,"{""inverter"": 1, ""source"": ""workstation2_log"", ""device"": ""workstation2"", ""task_type"": ""compilation, CPU load"", ""cpu_cores_active"": ""5"", ""library"": ""boost/type_index"", ""task_files"": 19, ""llm_estimated_task_effort"": ""low"", ""textual_description"": ""The testsuite for boost/type_index is being compiled and run."", ""command"": ""b2 --j 5 test"", ""directory"": "".../boost/libs/type_index""}"
12723,1767383134,1767383134,1767383135,"{""inverter"": 1, ""source"": ""workstation2_log"", ""device"": ""workstation2"", ""task_type"": ""compilation, CPU load"", ""cpu_cores_active"": ""10"", ""library"": ""boost/circular_buffer"", ""task_files"": 8, ""llm_estimated_task_effort"": ""low"", ""textual_description"": ""The testsuite for boost/circular_buffer is being compiled and run."", ""command"": ""b2 --j 10 test"", ""directory"": "".../boost/libs/circular_buffer""}"
12724,1767383167,1767383167,1767383235,"{""inverter"": 1, ""source"": ""workstation1_log"", ""device"": ""workstation1"", ""task_type"": ""compilation, CPU load"", ""cpu_cores_active"": ""8"", ""library"": ""boost/graph_parallel"", ""task_files"": 30, ""llm_estimated_task_effort"": ""high"", ""textual_description"": ""The testsuite for boost/graph_parallel is being compiled and run."", ""command"": ""b2 --j 8 test"", ""directory"": "".../boost/libs/graph_parallel""}"
12725,1767383341,1767383341,1767383342,"{""inverter"": 1, ""source"": ""workstation2_log"", ""device"": ""workstation2"", ""task_type"": ""compilation, CPU load"", ""cpu_cores_active"": ""8"", ""library"": ""boost/config"", ""task_files"": 754, ""llm_estimated_task_effort"": ""low"", ""textual_description"": ""The testsuite for boost/config is being compiled and run."", ""command"": ""b2 --j 8 test"", ""directory"": "".../boost/libs/config""}"
12601,1767383809,1767383809,1767384651,"{""inverter"": 1, ""source"": ""workstation2_log"", ""device"": ""workstation2"", ""task_type"": ""CNN fitting, GPU load"", ""model"": ""densenet121"", ""optim"": ""adam"", ""dataset"": ""CIFAR10"", ""batch_size"": 128, ""epochs"": 2, ""model_params"": 7978856, ""llm_estimated_task_effort"": ""medium"", ""textual_description"": ""The model densenet121 is fitted on CIFAR10 using adam for 2 epochs with bs=128.""}"
12726,1767383914,1767383914,1767384029,"{""inverter"": 1, ""source"": ""workstation1_log"", ""device"": ""workstation1"", ""task_type"": ""compilation, CPU load"", ""cpu_cores_active"": ""6"", ""library"": ""boost/mqtt5"", ""task_files"": 45, ""llm_estimated_task_effort"": ""medium"", ""textual_description"": ""The testsuite for boost/mqtt5 is being compiled and run."", ""command"": ""b2 --j 6 test"", ""directory"": "".../boost/libs/mqtt5""}"
12727,1767384153,1767384153,1767384154,"{""inverter"": 1, ""source"": ""workstation2_log"", ""device"": ""workstation2"", ""task_type"": ""compilation, CPU load"", ""cpu_cores_active"": ""1"", ""library"": ""boost/range"", ""task_files"": 205, ""llm_estimated_task_effort"": ""low"", ""textual_description"": ""The testsuite for boost/range is being compiled and run."", ""command"": ""b2 --j 1 test"", ""directory"": "".../boost/libs/range""}"
12728,1767384159,1767384159,1767384159,"{""inverter"": 1, ""source"": ""workstation2_log"", ""device"": ""workstation2"", ""task_type"": ""compilation, CPU load"", ""cpu_cores_active"": ""4"", ""library"": ""boost/bloom"", ""task_files"": 14, ""llm_estimated_task_effort"": ""low"", ""textual_description"": ""The testsuite for boost/bloom is being compiled and run."", ""command"": ""b2 --j 4 test"", ""directory"": "".../boost/libs/bloom""}"
12729,1767384276,1767384276,1767384360,"{""inverter"": 1, ""source"": ""workstation1_log"", ""device"": ""workstation1"", ""task_type"": ""compilation, CPU load"", ""cpu_cores_active"": ""4"", ""library"": ""boost/polygon"", ""task_files"": 17, ""llm_estimated_task_effort"": ""high"", ""textual_description"": ""The testsuite for boost/polygon is being compiled and run."", ""command"": ""b2 --j 4 test"", ""directory"": "".../boost/libs/polygon""}"
12730,1767384491,1767384491,1767384941,"{""inverter"": 1, ""source"": ""workstation1_log"", ""device"": ""workstation1"", ""task_type"": ""compilation, CPU load"", ""cpu_cores_active"": ""1"", ""library"": ""boost/random"", ""task_files"": 141, ""llm_estimated_task_effort"": ""low"", ""textual_description"": ""The testsuite for boost/random is being compiled and run."", ""command"": ""b2 --j 1 test"", ""directory"": "".../boost/libs/random""}"
12602,1767384685,1767384685,1767385125,"{""inverter"": 1, ""source"": ""workstation2_log"", ""device"": ""workstation2"", ""task_type"": ""CNN fitting, GPU load"", ""model"": ""wide_resnet50_2"", ""optim"": ""sgd"", ""dataset"": ""CIFAR10"", ""batch_size"": 128, ""epochs"": 2, ""model_params"": 68883240, ""llm_estimated_task_effort"": ""high"", ""textual_description"": ""The model wide_resnet50_2 is fitted on CIFAR10 using sgd for 2 epochs with bs=128.""}"
12731,1767385066,1767385066,1767385185,"{""inverter"": 1, ""source"": ""workstation1_log"", ""device"": ""workstation1"", ""task_type"": ""compilation, CPU load"", ""cpu_cores_active"": ""4"", ""library"": ""boost/container"", ""task_files"": 98, ""llm_estimated_task_effort"": ""high"", ""textual_description"": ""The testsuite for boost/container is being compiled and run."", ""command"": ""b2 --j 4 test"", ""directory"": "".../boost/libs/container""}"
12732,1767385200,1767385200,1767385324,"{""inverter"": 1, ""source"": ""workstation1_log"", ""device"": ""workstation1"", ""task_type"": ""compilation, CPU load"", ""cpu_cores_active"": ""1"", ""library"": ""boost/endian"", ""task_files"": 61, ""llm_estimated_task_effort"": ""low"", ""textual_description"": ""The testsuite for boost/endian is being compiled and run."", ""command"": ""b2 --j 1 test"", ""directory"": "".../boost/libs/endian""}"
12603,1767385542,1767385542,1767385922,"{""inverter"": 1, ""source"": ""workstation2_log"", ""device"": ""workstation2"", ""task_type"": ""CNN fitting, GPU load"", ""model"": ""resnet18"", ""optim"": ""adam"", ""dataset"": ""CIFAR10"", ""batch_size"": 128, ""epochs"": 2, ""model_params"": 11689512, ""llm_estimated_task_effort"": ""low"", ""textual_description"": ""The model resnet18 is fitted on CIFAR10 using adam for 2 epochs with bs=128.""}"
12733,1767386011,1767386011,1767386431,"{""inverter"": 1, ""source"": ""workstation1_log"", ""device"": ""workstation1"", ""task_type"": ""compilation, CPU load"", ""cpu_cores_active"": ""2"", ""library"": ""boost/asio"", ""task_files"": 386, ""llm_estimated_task_effort"": ""high"", ""textual_description"": ""The testsuite for boost/asio is being compiled and run."", ""command"": ""b2 --j 2 test"", ""directory"": "".../boost/libs/asio""}"
12604,1767386344,1767386344,1767387597,"{""inverter"": 1, ""source"": ""workstation2_log"", ""device"": ""workstation2"", ""task_type"": ""CNN fitting, GPU load"", ""model"": ""swin_v2_s"", ""optim"": ""adam"", ""dataset"": ""CIFAR10"", ""batch_size"": 128, ""epochs"": 2, ""model_params"": 49737442, ""llm_estimated_task_effort"": ""high"", ""textual_description"": ""The model swin_v2_s is fitted on CIFAR10 using adam for 2 epochs with bs=128.""}"
12734,1767386524,1767386524,1767386601,"{""inverter"": 1, ""source"": ""workstation1_log"", ""device"": ""workstation1"", ""task_type"": ""compilation, CPU load"", ""cpu_cores_active"": ""5"", ""library"": ""boost/bloom"", ""task_files"": 14, ""llm_estimated_task_effort"": ""low"", ""textual_description"": ""The testsuite for boost/bloom is being compiled and run."", ""command"": ""b2 --j 5 test"", ""directory"": "".../boost/libs/bloom""}"
12735,1767386842,1767386842,1767386843,"{""inverter"": 1, ""source"": ""workstation2_log"", ""device"": ""workstation2"", ""task_type"": ""compilation, CPU load"", ""cpu_cores_active"": ""5"", ""library"": ""boost/metaparse"", ""task_files"": 113, ""llm_estimated_task_effort"": ""medium"", ""textual_description"": ""The testsuite for boost/metaparse is being compiled and run."", ""command"": ""b2 --j 5 test"", ""directory"": "".../boost/libs/metaparse""}"
12736,1767386968,1767386968,1767387062,"{""inverter"": 1, ""source"": ""workstation1_log"", ""device"": ""workstation1"", ""task_type"": ""compilation, CPU load"", ""cpu_cores_active"": ""2"", ""library"": ""boost/mpl"", ""task_files"": 109, ""llm_estimated_task_effort"": ""low"", ""textual_description"": ""The testsuite for boost/mpl is being compiled and run."", ""command"": ""b2 --j 2 test"", ""directory"": "".../boost/libs/mpl""}"
12737,1767387166,1767387166,1767387167,"{""inverter"": 1, ""source"": ""workstation2_log"", ""device"": ""workstation2"", ""task_type"": ""compilation, CPU load"", ""cpu_cores_active"": ""7"", ""library"": ""boost/assert"", ""task_files"": 25, ""llm_estimated_task_effort"": ""low"", ""textual_description"": ""The testsuite for boost/assert is being compiled and run."", ""command"": ""b2 --j 7 test"", ""directory"": "".../boost/libs/assert""}"
12738,1767387287,1767387287,1767387289,"{""inverter"": 1, ""source"": ""workstation2_log"", ""device"": ""workstation2"", ""task_type"": ""compilation, CPU load"", ""cpu_cores_active"": ""9"", ""library"": ""boost/histogram"", ""task_files"": 131, ""llm_estimated_task_effort"": ""medium"", ""textual_description"": ""The testsuite for boost/histogram is being compiled and run."", ""command"": ""b2 --j 9 test"", ""directory"": "".../boost/libs/histogram""}"
12739,1767387418,1767387418,1767387419,"{""inverter"": 1, ""source"": ""workstation2_log"", ""device"": ""workstation2"", ""task_type"": ""compilation, CPU load"", ""cpu_cores_active"": ""2"", ""library"": ""boost/property_tree"", ""task_files"": 23, ""llm_estimated_task_effort"": ""low"", ""textual_description"": ""The testsuite for boost/property_tree is being compiled and run."", ""command"": ""b2 --j 2 test"", ""directory"": "".../boost/libs/property_tree""}"
12740,1767387471,1767387471,1767387472,"{""inverter"": 1, ""source"": ""workstation2_log"", ""device"": ""workstation2"", ""task_type"": ""compilation, CPU load"", ""cpu_cores_active"": ""8"", ""library"": ""boost/poly_collection"", ""task_files"": 46, ""llm_estimated_task_effort"": ""low"", ""textual_description"": ""The testsuite for boost/poly_collection is being compiled and run."", ""command"": ""b2 --j 8 test"", ""directory"": "".../boost/libs/poly_collection""}"
12605,1767388229,1767388229,1767388563,"{""inverter"": 1, ""source"": ""workstation2_log"", ""device"": ""workstation2"", ""task_type"": ""CNN fitting, GPU load"", ""model"": ""vgg19"", ""optim"": ""sgd"", ""dataset"": ""CIFAR10"", ""batch_size"": 128, ""epochs"": 2, ""model_params"": 143667240, ""llm_estimated_task_effort"": ""medium"", ""textual_description"": ""The model vgg19 is fitted on CIFAR10 using sgd for 2 epochs with bs=128.""}"
12606,1767388665,1767388665,1767389001,"{""inverter"": 1, ""source"": ""workstation2_log"", ""device"": ""workstation2"", ""task_type"": ""CNN fitting, GPU load"", ""model"": ""vgg13"", ""optim"": ""sgd"", ""dataset"": ""CIFAR10"", ""batch_size"": 128, ""epochs"": 2, ""model_params"": 133047848, ""llm_estimated_task_effort"": ""medium"", ""textual_description"": ""The model vgg13 is fitted on CIFAR10 using sgd for 2 epochs with bs=128.""}"
12741,1767388674,1767388674,1767388676,"{""inverter"": 1, ""source"": ""workstation2_log"", ""device"": ""workstation2"", ""task_type"": ""compilation, CPU load"", ""cpu_cores_active"": ""9"", ""library"": ""boost/multiprecision"", ""task_files"": 471, ""llm_estimated_task_effort"": ""high"", ""textual_description"": ""The testsuite for boost/multiprecision is being compiled and run."", ""command"": ""b2 --j 9 test"", ""directory"": "".../boost/libs/multiprecision""}"
12742,1767388961,1767388961,1767389884,"{""inverter"": 1, ""source"": ""workstation1_log"", ""device"": ""workstation1"", ""task_type"": ""compilation, CPU load"", ""cpu_cores_active"": ""8"", ""library"": ""boost/math"", ""task_files"": 2611, ""llm_estimated_task_effort"": ""high"", ""textual_description"": ""The testsuite for boost/math is being compiled and run."", ""command"": ""b2 --j 8 test"", ""directory"": "".../boost/libs/math""}"
12607,1767389357,1767389357,1767389735,"{""inverter"": 1, ""source"": ""workstation2_log"", ""device"": ""workstation2"", ""task_type"": ""CNN fitting, GPU load"", ""model"": ""resnet18"", ""optim"": ""adam"", ""dataset"": ""CIFAR10"", ""batch_size"": 128, ""epochs"": 2, ""model_params"": 11689512, ""llm_estimated_task_effort"": ""low"", ""textual_description"": ""The model resnet18 is fitted on CIFAR10 using adam for 2 epochs with bs=128.""}"
12743,1767389446,1767389446,1767389447,"{""inverter"": 1, ""source"": ""workstation2_log"", ""device"": ""workstation2"", ""task_type"": ""compilation, CPU load"", ""cpu_cores_active"": ""7"", ""library"": ""boost/scope_exit"", ""task_files"": 32, ""llm_estimated_task_effort"": ""low"", ""textual_description"": ""The testsuite for boost/scope_exit is being compiled and run."", ""command"": ""b2 --j 7 test"", ""directory"": "".../boost/libs/scope_exit""}"
12744,1767389993,1767389993,1767389993,"{""inverter"": 1, ""source"": ""workstation2_log"", ""device"": ""workstation2"", ""task_type"": ""compilation, CPU load"", ""cpu_cores_active"": ""10"", ""library"": ""boost/stacktrace"", ""task_files"": 18, ""llm_estimated_task_effort"": ""medium"", ""textual_description"": ""The testsuite for boost/stacktrace is being compiled and run."", ""command"": ""b2 --j 10 test"", ""directory"": "".../boost/libs/stacktrace""}"
12745,1767389994,1767389994,1767390084,"{""inverter"": 1, ""source"": ""workstation1_log"", ""device"": ""workstation1"", ""task_type"": ""compilation, CPU load"", ""cpu_cores_active"": ""7"", ""library"": ""boost/variant"", ""task_files"": 37, ""llm_estimated_task_effort"": ""low"", ""textual_description"": ""The testsuite for boost/variant is being compiled and run."", ""command"": ""b2 --j 7 test"", ""directory"": "".../boost/libs/variant""}"
12746,1767390139,1767390139,1767390140,"{""inverter"": 1, ""source"": ""workstation2_log"", ""device"": ""workstation2"", ""task_type"": ""compilation, CPU load"", ""cpu_cores_active"": ""5"", ""library"": ""boost/context"", ""task_files"": 7, ""llm_estimated_task_effort"": ""high"", ""textual_description"": ""The testsuite for boost/context is being compiled and run."", ""command"": ""b2 --j 5 test"", ""directory"": "".../boost/libs/context""}"
12608,1767390406,1767390406,1767390751,"{""inverter"": 1, ""source"": ""workstation2_log"", ""device"": ""workstation2"", ""task_type"": ""CNN fitting, GPU load"", ""model"": ""vgg19"", ""optim"": ""adam"", ""dataset"": ""CIFAR10"", ""batch_size"": 128, ""epochs"": 2, ""model_params"": 143667240, ""llm_estimated_task_effort"": ""medium"", ""textual_description"": ""The model vgg19 is fitted on CIFAR10 using adam for 2 epochs with bs=128.""}"
12747,1767390790,1767390790,1767390791,"{""inverter"": 1, ""source"": ""workstation2_log"", ""device"": ""workstation2"", ""task_type"": ""compilation, CPU load"", ""cpu_cores_active"": ""7"", ""library"": ""boost/convert"", ""task_files"": 20, ""llm_estimated_task_effort"": ""low"", ""textual_description"": ""The testsuite for boost/convert is being compiled and run."", ""command"": ""b2 --j 7 test"", ""directory"": "".../boost/libs/convert""}"
12609,1767390922,1767390922,1767391664,"{""inverter"": 1, ""source"": ""workstation2_log"", ""device"": ""workstation2"", ""task_type"": ""CNN fitting, GPU load"", ""model"": ""densenet121"", ""optim"": ""sgd"", ""dataset"": ""CIFAR10"", ""batch_size"": 128, ""epochs"": 2, ""model_params"": 7978856, ""llm_estimated_task_effort"": ""medium"", ""textual_description"": ""The model densenet121 is fitted on CIFAR10 using sgd for 2 epochs with bs=128.""}"
12748,1767390948,1767390948,1767391025,"{""inverter"": 1, ""source"": ""workstation1_log"", ""device"": ""workstation1"", ""task_type"": ""compilation, CPU load"", ""cpu_cores_active"": ""2"", ""library"": ""boost/preprocessor"", ""task_files"": 73, ""llm_estimated_task_effort"": ""medium"", ""textual_description"": ""The testsuite for boost/preprocessor is being compiled and run."", ""command"": ""b2 --j 2 test"", ""directory"": "".../boost/libs/preprocessor""}"
12749,1767390969,1767390969,1767390970,"{""inverter"": 1, ""source"": ""workstation2_log"", ""device"": ""workstation2"", ""task_type"": ""compilation, CPU load"", ""cpu_cores_active"": ""6"", ""library"": ""boost/iostreams"", ""task_files"": 407, ""llm_estimated_task_effort"": ""high"", ""textual_description"": ""The testsuite for boost/iostreams is being compiled and run."", ""command"": ""b2 --j 6 test"", ""directory"": "".../boost/libs/iostreams""}"
12750,1767391366,1767391366,1767391367,"{""inverter"": 1, ""source"": ""workstation2_log"", ""device"": ""workstation2"", ""task_type"": ""compilation, CPU load"", ""cpu_cores_active"": ""8"", ""library"": ""boost/python"", ""task_files"": 188, ""llm_estimated_task_effort"": ""high"", ""textual_description"": ""The testsuite for boost/python is being compiled and run."", ""command"": ""b2 --j 8 test"", ""directory"": "".../boost/libs/python""}"
12751,1767391424,1767391424,1767391495,"{""inverter"": 1, ""source"": ""workstation1_log"", ""device"": ""workstation1"", ""task_type"": ""compilation, CPU load"", ""cpu_cores_active"": ""6"", ""library"": ""boost/concept_check"", ""task_files"": 18, ""llm_estimated_task_effort"": ""low"", ""textual_description"": ""The testsuite for boost/concept_check is being compiled and run."", ""command"": ""b2 --j 6 test"", ""directory"": "".../boost/libs/concept_check""}"
12610,1767391684,1767391684,1767392179,"{""inverter"": 1, ""source"": ""workstation2_log"", ""device"": ""workstation2"", ""task_type"": ""CNN fitting, GPU load"", ""model"": ""wide_resnet50_2"", ""optim"": ""adam"", ""dataset"": ""CIFAR10"", ""batch_size"": 128, ""epochs"": 2, ""model_params"": 68883240, ""llm_estimated_task_effort"": ""high"", ""textual_description"": ""The model wide_resnet50_2 is fitted on CIFAR10 using adam for 2 epochs with bs=128.""}"
12752,1767391730,1767391730,1767391800,"{""inverter"": 1, ""source"": ""workstation1_log"", ""device"": ""workstation1"", ""task_type"": ""compilation, CPU load"", ""cpu_cores_active"": ""5"", ""library"": ""boost/align"", ""task_files"": 17, ""llm_estimated_task_effort"": ""low"", ""textual_description"": ""The testsuite for boost/align is being compiled and run."", ""command"": ""b2 --j 5 test"", ""directory"": "".../boost/libs/align""}"
12753,1767392064,1767392064,1767392144,"{""inverter"": 1, ""source"": ""workstation1_log"", ""device"": ""workstation1"", ""task_type"": ""compilation, CPU load"", ""cpu_cores_active"": ""9"", ""library"": ""boost/hof"", ""task_files"": 63, ""llm_estimated_task_effort"": ""low"", ""textual_description"": ""The testsuite for boost/hof is being compiled and run."", ""command"": ""b2 --j 9 test"", ""directory"": "".../boost/libs/hof""}"
12754,1767392148,1767392148,1767392148,"{""inverter"": 1, ""source"": ""workstation2_log"", ""device"": ""workstation2"", ""task_type"": ""compilation, CPU load"", ""cpu_cores_active"": ""8"", ""library"": ""boost/locale"", ""task_files"": 48, ""llm_estimated_task_effort"": ""high"", ""textual_description"": ""The testsuite for boost/locale is being compiled and run."", ""command"": ""b2 --j 8 test"", ""directory"": "".../boost/libs/locale""}"
12755,1767393169,1767393169,1767393236,"{""inverter"": 1, ""source"": ""workstation1_log"", ""device"": ""workstation1"", ""task_type"": ""compilation, CPU load"", ""cpu_cores_active"": ""8"", ""library"": ""boost/logic"", ""task_files"": 13, ""llm_estimated_task_effort"": ""low"", ""textual_description"": ""The testsuite for boost/logic is being compiled and run."", ""command"": ""b2 --j 8 test"", ""directory"": "".../boost/libs/logic""}"
12756,1767393409,1767393409,1767396893,"{""inverter"": 1, ""source"": ""workstation1_log"", ""device"": ""workstation1"", ""task_type"": ""compilation, CPU load"", ""cpu_cores_active"": ""3"", ""library"": ""boost/multiprecision"", ""task_files"": 471, ""llm_estimated_task_effort"": ""high"", ""textual_description"": ""The testsuite for boost/multiprecision is being compiled and run."", ""command"": ""b2 --j 3 test"", ""directory"": "".../boost/libs/multiprecision""}"
12757,1767393413,1767393413,1767393414,"{""inverter"": 1, ""source"": ""workstation2_log"", ""device"": ""workstation2"", ""task_type"": ""compilation, CPU load"", ""cpu_cores_active"": ""3"", ""library"": ""boost/statechart"", ""task_files"": 67, ""llm_estimated_task_effort"": ""high"", ""textual_description"": ""The testsuite for boost/statechart is being compiled and run."", ""command"": ""b2 --j 3 test"", ""directory"": "".../boost/libs/statechart""}"
12758,1767393609,1767393609,1767393609,"{""inverter"": 1, ""source"": ""workstation2_log"", ""device"": ""workstation2"", ""task_type"": ""compilation, CPU load"", ""cpu_cores_active"": ""4"", ""library"": ""boost/io"", ""task_files"": 9, ""llm_estimated_task_effort"": ""low"", ""textual_description"": ""The testsuite for boost/io is being compiled and run."", ""command"": ""b2 --j 4 test"", ""directory"": "".../boost/libs/io""}"
12611,1767393775,1767393775,1767394621,"{""inverter"": 1, ""source"": ""workstation2_log"", ""device"": ""workstation2"", ""task_type"": ""CNN fitting, GPU load"", ""model"": ""densenet121"", ""optim"": ""adam"", ""dataset"": ""CIFAR10"", ""batch_size"": 128, ""epochs"": 2, ""model_params"": 7978856, ""llm_estimated_task_effort"": ""medium"", ""textual_description"": ""The model densenet121 is fitted on CIFAR10 using adam for 2 epochs with bs=128.""}"
12759,1767394103,1767394103,1767394104,"{""inverter"": 1, ""source"": ""workstation2_log"", ""device"": ""workstation2"", ""task_type"": ""compilation, CPU load"", ""cpu_cores_active"": ""9"", ""library"": ""boost/stacktrace"", ""task_files"": 18, ""llm_estimated_task_effort"": ""medium"", ""textual_description"": ""The testsuite for boost/stacktrace is being compiled and run."", ""command"": ""b2 --j 9 test"", ""directory"": "".../boost/libs/stacktrace""}"
12760,1767394161,1767394161,1767394162,"{""inverter"": 1, ""source"": ""workstation2_log"", ""device"": ""workstation2"", ""task_type"": ""compilation, CPU load"", ""cpu_cores_active"": ""8"", ""library"": ""boost/dynamic_bitset"", ""task_files"": 13, ""llm_estimated_task_effort"": ""low"", ""textual_description"": ""The testsuite for boost/dynamic_bitset is being compiled and run."", ""command"": ""b2 --j 8 test"", ""directory"": "".../boost/libs/dynamic_bitset""}"
12761,1767394729,1767394729,1767394730,"{""inverter"": 1, ""source"": ""workstation2_log"", ""device"": ""workstation2"", ""task_type"": ""compilation, CPU load"", ""cpu_cores_active"": ""3"", ""library"": ""boost/parameter_python"", ""task_files"": 3, ""llm_estimated_task_effort"": ""low"", ""textual_description"": ""The testsuite for boost/parameter_python is being compiled and run."", ""command"": ""b2 --j 3 test"", ""directory"": "".../boost/libs/parameter_python""}"
12762,1767395016,1767395016,1767395016,"{""inverter"": 1, ""source"": ""workstation2_log"", ""device"": ""workstation2"", ""task_type"": ""compilation, CPU load"", ""cpu_cores_active"": ""4"", ""library"": ""boost/local_function"", ""task_files"": 86, ""llm_estimated_task_effort"": ""low"", ""textual_description"": ""The testsuite for boost/local_function is being compiled and run."", ""command"": ""b2 --j 4 test"", ""directory"": "".../boost/libs/local_function""}"
12763,1767395324,1767395324,1767395325,"{""inverter"": 1, ""source"": ""workstation2_log"", ""device"": ""workstation2"", ""task_type"": ""compilation, CPU load"", ""cpu_cores_active"": ""1"", ""library"": ""boost/local_function"", ""task_files"": 86, ""llm_estimated_task_effort"": ""low"", ""textual_description"": ""The testsuite for boost/local_function is being compiled and run."", ""command"": ""b2 --j 1 test"", ""directory"": "".../boost/libs/local_function""}"
12612,1767395829,1767395829,1767396271,"{""inverter"": 1, ""source"": ""workstation2_log"", ""device"": ""workstation2"", ""task_type"": ""CNN fitting, GPU load"", ""model"": ""wide_resnet50_2"", ""optim"": ""sgd"", ""dataset"": ""CIFAR10"", ""batch_size"": 128, ""epochs"": 2, ""model_params"": 68883240, ""llm_estimated_task_effort"": ""high"", ""textual_description"": ""The model wide_resnet50_2 is fitted on CIFAR10 using sgd for 2 epochs with bs=128.""}"
12764,1767395982,1767395982,1767395983,"{""inverter"": 1, ""source"": ""workstation2_log"", ""device"": ""workstation2"", ""task_type"": ""compilation, CPU load"", ""cpu_cores_active"": ""4"", ""library"": ""boost/url"", ""task_files"": 105, ""llm_estimated_task_effort"": ""low"", ""textual_description"": ""The testsuite for boost/url is being compiled and run."", ""command"": ""b2 --j 4 test"", ""directory"": "".../boost/libs/url""}"
12613,1767396304,1767396304,1767396744,"{""inverter"": 1, ""source"": ""workstation2_log"", ""device"": ""workstation2"", ""task_type"": ""CNN fitting, GPU load"", ""model"": ""wide_resnet50_2"", ""optim"": ""sgd"", ""dataset"": ""CIFAR10"", ""batch_size"": 128, ""epochs"": 2, ""model_params"": 68883240, ""llm_estimated_task_effort"": ""high"", ""textual_description"": ""The model wide_resnet50_2 is fitted on CIFAR10 using sgd for 2 epochs with bs=128.""}"
12765,1767396384,1767396384,1767396385,"{""inverter"": 1, ""source"": ""workstation2_log"", ""device"": ""workstation2"", ""task_type"": ""compilation, CPU load"", ""cpu_cores_active"": ""4"", ""library"": ""boost/bimap"", ""task_files"": 36, ""llm_estimated_task_effort"": ""low"", ""textual_description"": ""The testsuite for boost/bimap is being compiled and run."", ""command"": ""b2 --j 4 test"", ""directory"": "".../boost/libs/bimap""}"
12614,1767397130,1767397130,1767397479,"{""inverter"": 1, ""source"": ""workstation2_log"", ""device"": ""workstation2"", ""task_type"": ""CNN fitting, GPU load"", ""model"": ""resnet18"", ""optim"": ""sgd"", ""dataset"": ""CIFAR10"", ""batch_size"": 128, ""epochs"": 2, ""model_params"": 11689512, ""llm_estimated_task_effort"": ""low"", ""textual_description"": ""The model resnet18 is fitted on CIFAR10 using sgd for 2 epochs with bs=128.""}"
12766,1767397554,1767397554,1767397555,"{""inverter"": 1, ""source"": ""workstation2_log"", ""device"": ""workstation2"", ""task_type"": ""compilation, CPU load"", ""cpu_cores_active"": ""4"", ""library"": ""boost/tti"", ""task_files"": 147, ""llm_estimated_task_effort"": ""low"", ""textual_description"": ""The testsuite for boost/tti is being compiled and run."", ""command"": ""b2 --j 4 test"", ""directory"": "".../boost/libs/tti""}"
12767,1767397576,1767397576,1767397577,"{""inverter"": 1, ""source"": ""workstation2_log"", ""device"": ""workstation2"", ""task_type"": ""compilation, CPU load"", ""cpu_cores_active"": ""4"", ""library"": ""boost/pfr"", ""task_files"": 91, ""llm_estimated_task_effort"": ""low"", ""textual_description"": ""The testsuite for boost/pfr is being compiled and run."", ""command"": ""b2 --j 4 test"", ""directory"": "".../boost/libs/pfr""}"
12615,1767397754,1767397754,1767398105,"{""inverter"": 1, ""source"": ""workstation2_log"", ""device"": ""workstation2"", ""task_type"": ""CNN fitting, GPU load"", ""model"": ""vgg19"", ""optim"": ""adam"", ""dataset"": ""CIFAR10"", ""batch_size"": 128, ""epochs"": 2, ""model_params"": 143667240, ""llm_estimated_task_effort"": ""medium"", ""textual_description"": ""The model vgg19 is fitted on CIFAR10 using adam for 2 epochs with bs=128.""}"
12768,1767397803,1767397803,1767397803,"{""inverter"": 1, ""source"": ""workstation2_log"", ""device"": ""workstation2"", ""task_type"": ""compilation, CPU load"", ""cpu_cores_active"": ""10"", ""library"": ""boost/interprocess"", ""task_files"": 122, ""llm_estimated_task_effort"": ""high"", ""textual_description"": ""The testsuite for boost/interprocess is being compiled and run."", ""command"": ""b2 --j 10 test"", ""directory"": "".../boost/libs/interprocess""}"
12769,1767397941,1767397941,1767398022,"{""inverter"": 1, ""source"": ""workstation1_log"", ""device"": ""workstation1"", ""task_type"": ""compilation, CPU load"", ""cpu_cores_active"": ""8"", ""library"": ""boost/describe"", ""task_files"": 53, ""llm_estimated_task_effort"": ""low"", ""textual_description"": ""The testsuite for boost/describe is being compiled and run."", ""command"": ""b2 --j 8 test"", ""directory"": "".../boost/libs/describe""}"
12770,1767398010,1767398010,1767398011,"{""inverter"": 1, ""source"": ""workstation2_log"", ""device"": ""workstation2"", ""task_type"": ""compilation, CPU load"", ""cpu_cores_active"": ""8"", ""library"": ""boost/thread"", ""task_files"": 439, ""llm_estimated_task_effort"": ""high"", ""textual_description"": ""The testsuite for boost/thread is being compiled and run."", ""command"": ""b2 --j 8 test"", ""directory"": "".../boost/libs/thread""}"
12771,1767398306,1767398306,1767398478,"{""inverter"": 1, ""source"": ""workstation1_log"", ""device"": ""workstation1"", ""task_type"": ""compilation, CPU load"", ""cpu_cores_active"": ""1"", ""library"": ""boost/uuid"", ""task_files"": 68, ""llm_estimated_task_effort"": ""low"", ""textual_description"": ""The testsuite for boost/uuid is being compiled and run."", ""command"": ""b2 --j 1 test"", ""directory"": "".../boost/libs/uuid""}"
12616,1767398353,1767398353,1767398695,"{""inverter"": 1, ""source"": ""workstation2_log"", ""device"": ""workstation2"", ""task_type"": ""CNN fitting, GPU load"", ""model"": ""vgg13"", ""optim"": ""sgd"", ""dataset"": ""CIFAR10"", ""batch_size"": 128, ""epochs"": 2, ""model_params"": 133047848, ""llm_estimated_task_effort"": ""medium"", ""textual_description"": ""The model vgg13 is fitted on CIFAR10 using sgd for 2 epochs with bs=128.""}"
12617,1767398851,1767398851,1767399305,"{""inverter"": 1, ""source"": ""workstation2_log"", ""device"": ""workstation2"", ""task_type"": ""CNN fitting, GPU load"", ""model"": ""wide_resnet50_2"", ""optim"": ""sgd"", ""dataset"": ""CIFAR10"", ""batch_size"": 128, ""epochs"": 2, ""model_params"": 68883240, ""llm_estimated_task_effort"": ""high"", ""textual_description"": ""The model wide_resnet50_2 is fitted on CIFAR10 using sgd for 2 epochs with bs=128.""}"
12772,1767399035,1767399035,1767399036,"{""inverter"": 1, ""source"": ""workstation2_log"", ""device"": ""workstation2"", ""task_type"": ""compilation, CPU load"", ""cpu_cores_active"": ""9"", ""library"": ""boost/xpressive"", ""task_files"": 70, ""llm_estimated_task_effort"": ""high"", ""textual_description"": ""The testsuite for boost/xpressive is being compiled and run."", ""command"": ""b2 --j 9 test"", ""directory"": "".../boost/libs/xpressive""}"
12773,1767399278,1767399278,1767399279,"{""inverter"": 1, ""source"": ""workstation2_log"", ""device"": ""workstation2"", ""task_type"": ""compilation, CPU load"", ""cpu_cores_active"": ""6"", ""library"": ""boost/locale"", ""task_files"": 48, ""llm_estimated_task_effort"": ""high"", ""textual_description"": ""The testsuite for boost/locale is being compiled and run."", ""command"": ""b2 --j 6 test"", ""directory"": "".../boost/libs/locale""}"
12774,1767399846,1767399846,1767399928,"{""inverter"": 1, ""source"": ""workstation1_log"", ""device"": ""workstation1"", ""task_type"": ""compilation, CPU load"", ""cpu_cores_active"": ""3"", ""library"": ""boost/multi_array"", ""task_files"": 46, ""llm_estimated_task_effort"": ""low"", ""textual_description"": ""The testsuite for boost/multi_array is being compiled and run."", ""command"": ""b2 --j 3 test"", ""directory"": "".../boost/libs/multi_array""}"
12775,1767400071,1767400071,1767400072,"{""inverter"": 1, ""source"": ""workstation2_log"", ""device"": ""workstation2"", ""task_type"": ""compilation, CPU load"", ""cpu_cores_active"": ""7"", ""library"": ""boost/dynamic_bitset"", ""task_files"": 13, ""llm_estimated_task_effort"": ""low"", ""textual_description"": ""The testsuite for boost/dynamic_bitset is being compiled and run."", ""command"": ""b2 --j 7 test"", ""directory"": "".../boost/libs/dynamic_bitset""}"
12618,1767400330,1767400330,1767401174,"{""inverter"": 1, ""source"": ""workstation2_log"", ""device"": ""workstation2"", ""task_type"": ""CNN fitting, GPU load"", ""model"": ""densenet121"", ""optim"": ""adam"", ""dataset"": ""CIFAR10"", ""batch_size"": 128, ""epochs"": 2, ""model_params"": 7978856, ""llm_estimated_task_effort"": ""medium"", ""textual_description"": ""The model densenet121 is fitted on CIFAR10 using adam for 2 epochs with bs=128.""}"
12776,1767400441,1767400441,1767400524,"{""inverter"": 1, ""source"": ""workstation1_log"", ""device"": ""workstation1"", ""task_type"": ""compilation, CPU load"", ""cpu_cores_active"": ""5"", ""library"": ""boost/exception"", ""task_files"": 59, ""llm_estimated_task_effort"": ""low"", ""textual_description"": ""The testsuite for boost/exception is being compiled and run."", ""command"": ""b2 --j 5 test"", ""directory"": "".../boost/libs/exception""}"
12777,1767400915,1767400915,1767406011,"{""inverter"": 1, ""source"": ""workstation1_log"", ""device"": ""workstation1"", ""task_type"": ""compilation, CPU load"", ""cpu_cores_active"": ""2"", ""library"": ""boost/multiprecision"", ""task_files"": 471, ""llm_estimated_task_effort"": ""high"", ""textual_description"": ""The testsuite for boost/multiprecision is being compiled and run."", ""command"": ""b2 --j 2 test"", ""directory"": "".../boost/libs/multiprecision""}"
12778,1767401289,1767401289,1767401290,"{""inverter"": 1, ""source"": ""workstation2_log"", ""device"": ""workstation2"", ""task_type"": ""compilation, CPU load"", ""cpu_cores_active"": ""8"", ""library"": ""boost/lockfree"", ""task_files"": 24, ""llm_estimated_task_effort"": ""high"", ""textual_description"": ""The testsuite for boost/lockfree is being compiled and run."", ""command"": ""b2 --j 8 test"", ""directory"": "".../boost/libs/lockfree""}"
12619,1767401305,1767401305,1767401639,"{""inverter"": 1, ""source"": ""workstation2_log"", ""device"": ""workstation2"", ""task_type"": ""CNN fitting, GPU load"", ""model"": ""vgg11"", ""optim"": ""sgd"", ""dataset"": ""CIFAR10"", ""batch_size"": 128, ""epochs"": 2, ""model_params"": 132863336, ""llm_estimated_task_effort"": ""low"", ""textual_description"": ""The model vgg11 is fitted on CIFAR10 using sgd for 2 epochs with bs=128.""}"
12620,1767401928,1767401928,1767402764,"{""inverter"": 1, ""source"": ""workstation2_log"", ""device"": ""workstation2"", ""task_type"": ""CNN fitting, GPU load"", ""model"": ""densenet121"", ""optim"": ""adam"", ""dataset"": ""CIFAR10"", ""batch_size"": 128, ""epochs"": 2, ""model_params"": 7978856, ""llm_estimated_task_effort"": ""medium"", ""textual_description"": ""The model densenet121 is fitted on CIFAR10 using adam for 2 epochs with bs=128.""}"
12779,1767402642,1767402642,1767402643,"{""inverter"": 1, ""source"": ""workstation2_log"", ""device"": ""workstation2"", ""task_type"": ""compilation, CPU load"", ""cpu_cores_active"": ""4"", ""library"": ""boost/assert"", ""task_files"": 25, ""llm_estimated_task_effort"": ""low"", ""textual_description"": ""The testsuite for boost/assert is being compiled and run."", ""command"": ""b2 --j 4 test"", ""directory"": "".../boost/libs/assert""}"
12780,1767402677,1767402677,1767402678,"{""inverter"": 1, ""source"": ""workstation2_log"", ""device"": ""workstation2"", ""task_type"": ""compilation, CPU load"", ""cpu_cores_active"": ""7"", ""library"": ""boost/describe"", ""task_files"": 53, ""llm_estimated_task_effort"": ""low"", ""textual_description"": ""The testsuite for boost/describe is being compiled and run."", ""command"": ""b2 --j 7 test"", ""directory"": "".../boost/libs/describe""}"
12781,1767402932,1767402932,1767402933,"{""inverter"": 1, ""source"": ""workstation2_log"", ""device"": ""workstation2"", ""task_type"": ""compilation, CPU load"", ""cpu_cores_active"": ""3"", ""library"": ""boost/histogram"", ""task_files"": 131, ""llm_estimated_task_effort"": ""medium"", ""textual_description"": ""The testsuite for boost/histogram is being compiled and run."", ""command"": ""b2 --j 3 test"", ""directory"": "".../boost/libs/histogram""}"
12782,1767403052,1767403052,1767403053,"{""inverter"": 1, ""source"": ""workstation2_log"", ""device"": ""workstation2"", ""task_type"": ""compilation, CPU load"", ""cpu_cores_active"": ""7"", ""library"": ""boost/serialization"", ""task_files"": 150, ""llm_estimated_task_effort"": ""high"", ""textual_description"": ""The testsuite for boost/serialization is being compiled and run."", ""command"": ""b2 --j 7 test"", ""directory"": "".../boost/libs/serialization""}"
12621,1767403062,1767403062,1767403398,"{""inverter"": 1, ""source"": ""workstation2_log"", ""device"": ""workstation2"", ""task_type"": ""CNN fitting, GPU load"", ""model"": ""vgg13"", ""optim"": ""sgd"", ""dataset"": ""CIFAR10"", ""batch_size"": 128, ""epochs"": 2, ""model_params"": 133047848, ""llm_estimated_task_effort"": ""medium"", ""textual_description"": ""The model vgg13 is fitted on CIFAR10 using sgd for 2 epochs with bs=128.""}"
12783,1767403300,1767403300,1767403301,"{""inverter"": 1, ""source"": ""workstation2_log"", ""device"": ""workstation2"", ""task_type"": ""compilation, CPU load"", ""cpu_cores_active"": ""3"", ""library"": ""boost/dynamic_bitset"", ""task_files"": 13, ""llm_estimated_task_effort"": ""low"", ""textual_description"": ""The testsuite for boost/dynamic_bitset is being compiled and run."", ""command"": ""b2 --j 3 test"", ""directory"": "".../boost/libs/dynamic_bitset""}"
12784,1767403413,1767403413,1767403413,"{""inverter"": 1, ""source"": ""workstation2_log"", ""device"": ""workstation2"", ""task_type"": ""compilation, CPU load"", ""cpu_cores_active"": ""2"", ""library"": ""boost/statechart"", ""task_files"": 67, ""llm_estimated_task_effort"": ""high"", ""textual_description"": ""The testsuite for boost/statechart is being compiled and run."", ""command"": ""b2 --j 2 test"", ""directory"": "".../boost/libs/statechart""}"
12622,1767403663,1767403663,1767403999,"{""inverter"": 1, ""source"": ""workstation2_log"", ""device"": ""workstation2"", ""task_type"": ""CNN fitting, GPU load"", ""model"": ""vgg13"", ""optim"": ""adam"", ""dataset"": ""CIFAR10"", ""batch_size"": 128, ""epochs"": 2, ""model_params"": 133047848, ""llm_estimated_task_effort"": ""medium"", ""textual_description"": ""The model vgg13 is fitted on CIFAR10 using adam for 2 epochs with bs=128.""}"
12785,1767403744,1767403744,1767403744,"{""inverter"": 1, ""source"": ""workstation2_log"", ""device"": ""workstation2"", ""task_type"": ""compilation, CPU load"", ""cpu_cores_active"": ""4"", ""library"": ""boost/typeof"", ""task_files"": 33, ""llm_estimated_task_effort"": ""low"", ""textual_description"": ""The testsuite for boost/typeof is being compiled and run."", ""command"": ""b2 --j 4 test"", ""directory"": "".../boost/libs/typeof""}"
12623,1767404001,1767404001,1767404337,"{""inverter"": 1, ""source"": ""workstation2_log"", ""device"": ""workstation2"", ""task_type"": ""CNN fitting, GPU load"", ""model"": ""vgg19"", ""optim"": ""sgd"", ""dataset"": ""CIFAR10"", ""batch_size"": 128, ""epochs"": 2, ""model_params"": 143667240, ""llm_estimated_task_effort"": ""medium"", ""textual_description"": ""The model vgg19 is fitted on CIFAR10 using sgd for 2 epochs with bs=128.""}"
12624,1767404462,1767404462,1767405717,"{""inverter"": 1, ""source"": ""workstation2_log"", ""device"": ""workstation2"", ""task_type"": ""CNN fitting, GPU load"", ""model"": ""swin_v2_s"", ""optim"": ""adam"", ""dataset"": ""CIFAR10"", ""batch_size"": 128, ""epochs"": 2, ""model_params"": 49737442, ""llm_estimated_task_effort"": ""high"", ""textual_description"": ""The model swin_v2_s is fitted on CIFAR10 using adam for 2 epochs with bs=128.""}"
12625,1767405744,1767405744,1767406084,"{""inverter"": 1, ""source"": ""workstation2_log"", ""device"": ""workstation2"", ""task_type"": ""CNN fitting, GPU load"", ""model"": ""vgg13"", ""optim"": ""sgd"", ""dataset"": ""CIFAR10"", ""batch_size"": 128, ""epochs"": 2, ""model_params"": 133047848, ""llm_estimated_task_effort"": ""medium"", ""textual_description"": ""The model vgg13 is fitted on CIFAR10 using sgd for 2 epochs with bs=128.""}"
12786,1767405796,1767405796,1767405797,"{""inverter"": 1, ""source"": ""workstation2_log"", ""device"": ""workstation2"", ""task_type"": ""compilation, CPU load"", ""cpu_cores_active"": ""6"", ""library"": ""boost/dynamic_bitset"", ""task_files"": 13, ""llm_estimated_task_effort"": ""low"", ""textual_description"": ""The testsuite for boost/dynamic_bitset is being compiled and run."", ""command"": ""b2 --j 6 test"", ""directory"": "".../boost/libs/dynamic_bitset""}"
12626,1767406465,1767406465,1767406806,"{""inverter"": 1, ""source"": ""workstation2_log"", ""device"": ""workstation2"", ""task_type"": ""CNN fitting, GPU load"", ""model"": ""vgg13"", ""optim"": ""adam"", ""dataset"": ""CIFAR10"", ""batch_size"": 128, ""epochs"": 2, ""model_params"": 133047848, ""llm_estimated_task_effort"": ""medium"", ""textual_description"": ""The model vgg13 is fitted on CIFAR10 using adam for 2 epochs with bs=128.""}"
12787,1767406474,1767406474,1767406620,"{""inverter"": 1, ""source"": ""workstation1_log"", ""device"": ""workstation1"", ""task_type"": ""compilation, CPU load"", ""cpu_cores_active"": ""1"", ""library"": ""boost/lockfree"", ""task_files"": 24, ""llm_estimated_task_effort"": ""high"", ""textual_description"": ""The testsuite for boost/lockfree is being compiled and run."", ""command"": ""b2 --j 1 test"", ""directory"": "".../boost/libs/lockfree""}"
12788,1767406608,1767406608,1767406609,"{""inverter"": 1, ""source"": ""workstation2_log"", ""device"": ""workstation2"", ""task_type"": ""compilation, CPU load"", ""cpu_cores_active"": ""2"", ""library"": ""boost/cobalt"", ""task_files"": 44, ""llm_estimated_task_effort"": ""medium"", ""textual_description"": ""The testsuite for boost/cobalt is being compiled and run."", ""command"": ""b2 --j 2 test"", ""directory"": "".../boost/libs/cobalt""}"
12789,1767406984,1767406984,1767406985,"{""inverter"": 1, ""source"": ""workstation2_log"", ""device"": ""workstation2"", ""task_type"": ""compilation, CPU load"", ""cpu_cores_active"": ""4"", ""library"": ""boost/heap"", ""task_files"": 17, ""llm_estimated_task_effort"": ""low"", ""textual_description"": ""The testsuite for boost/heap is being compiled and run."", ""command"": ""b2 --j 4 test"", ""directory"": "".../boost/libs/heap""}"
12790,1767406991,1767406991,1767407058,"{""inverter"": 1, ""source"": ""workstation1_log"", ""device"": ""workstation1"", ""task_type"": ""compilation, CPU load"", ""cpu_cores_active"": ""8"", ""library"": ""boost/assert"", ""task_files"": 25, ""llm_estimated_task_effort"": ""low"", ""textual_description"": ""The testsuite for boost/assert is being compiled and run."", ""command"": ""b2 --j 8 test"", ""directory"": "".../boost/libs/assert""}"
12791,1767407118,1767407118,1767407119,"{""inverter"": 1, ""source"": ""workstation2_log"", ""device"": ""workstation2"", ""task_type"": ""compilation, CPU load"", ""cpu_cores_active"": ""6"", ""library"": ""boost/array"", ""task_files"": 52, ""llm_estimated_task_effort"": ""low"", ""textual_description"": ""The testsuite for boost/array is being compiled and run."", ""command"": ""b2 --j 6 test"", ""directory"": "".../boost/libs/array""}"
12792,1767407177,1767407177,1767407250,"{""inverter"": 1, ""source"": ""workstation1_log"", ""device"": ""workstation1"", ""task_type"": ""compilation, CPU load"", ""cpu_cores_active"": ""6"", ""library"": ""boost/assert"", ""task_files"": 25, ""llm_estimated_task_effort"": ""low"", ""textual_description"": ""The testsuite for boost/assert is being compiled and run."", ""command"": ""b2 --j 6 test"", ""directory"": "".../boost/libs/assert""}"
12627,1767407890,1767407890,1767408230,"{""inverter"": 1, ""source"": ""workstation2_log"", ""device"": ""workstation2"", ""task_type"": ""CNN fitting, GPU load"", ""model"": ""resnet18"", ""optim"": ""sgd"", ""dataset"": ""CIFAR10"", ""batch_size"": 128, ""epochs"": 2, ""model_params"": 11689512, ""llm_estimated_task_effort"": ""low"", ""textual_description"": ""The model resnet18 is fitted on CIFAR10 using sgd for 2 epochs with bs=128.""}"
12793,1767408041,1767408041,1767408042,"{""inverter"": 1, ""source"": ""workstation2_log"", ""device"": ""workstation2"", ""task_type"": ""compilation, CPU load"", ""cpu_cores_active"": ""10"", ""library"": ""boost/static_string"", ""task_files"": 5, ""llm_estimated_task_effort"": ""low"", ""textual_description"": ""The testsuite for boost/static_string is being compiled and run."", ""command"": ""b2 --j 10 test"", ""directory"": "".../boost/libs/static_string""}"
12794,1767408564,1767408564,1767408663,"{""inverter"": 1, ""source"": ""workstation1_log"", ""device"": ""workstation1"", ""task_type"": ""compilation, CPU load"", ""cpu_cores_active"": ""9"", ""library"": ""boost/msm"", ""task_files"": 57, ""llm_estimated_task_effort"": ""high"", ""textual_description"": ""The testsuite for boost/msm is being compiled and run."", ""command"": ""b2 --j 9 test"", ""directory"": "".../boost/libs/msm""}"
12795,1767408669,1767408669,1767408670,"{""inverter"": 1, ""source"": ""workstation2_log"", ""device"": ""workstation2"", ""task_type"": ""compilation, CPU load"", ""cpu_cores_active"": ""7"", ""library"": ""boost/mysql"", ""task_files"": 258, ""llm_estimated_task_effort"": ""medium"", ""textual_description"": ""The testsuite for boost/mysql is being compiled and run."", ""command"": ""b2 --j 7 test"", ""directory"": "".../boost/libs/mysql""}"
12628,1767409027,1767409027,1767409364,"{""inverter"": 1, ""source"": ""workstation2_log"", ""device"": ""workstation2"", ""task_type"": ""CNN fitting, GPU load"", ""model"": ""vgg11"", ""optim"": ""adam"", ""dataset"": ""CIFAR10"", ""batch_size"": 128, ""epochs"": 2, ""model_params"": 132863336, ""llm_estimated_task_effort"": ""low"", ""textual_description"": ""The model vgg11 is fitted on CIFAR10 using adam for 2 epochs with bs=128.""}"
12796,1767409090,1767409090,1767409090,"{""inverter"": 1, ""source"": ""workstation2_log"", ""device"": ""workstation2"", ""task_type"": ""compilation, CPU load"", ""cpu_cores_active"": ""10"", ""library"": ""boost/variant2"", ""task_files"": 76, ""llm_estimated_task_effort"": ""low"", ""textual_description"": ""The testsuite for boost/variant2 is being compiled and run."", ""command"": ""b2 --j 10 test"", ""directory"": "".../boost/libs/variant2""}"
12797,1767409434,1767409434,1767409434,"{""inverter"": 1, ""source"": ""workstation2_log"", ""device"": ""workstation2"", ""task_type"": ""compilation, CPU load"", ""cpu_cores_active"": ""4"", ""library"": ""boost/throw_exception"", ""task_files"": 36, ""llm_estimated_task_effort"": ""low"", ""textual_description"": ""The testsuite for boost/throw_exception is being compiled and run."", ""command"": ""b2 --j 4 test"", ""directory"": "".../boost/libs/throw_exception""}"
12798,1767409736,1767409736,1767409736,"{""inverter"": 1, ""source"": ""workstation2_log"", ""device"": ""workstation2"", ""task_type"": ""compilation, CPU load"", ""cpu_cores_active"": ""7"", ""library"": ""boost/mqtt5"", ""task_files"": 45, ""llm_estimated_task_effort"": ""medium"", ""textual_description"": ""The testsuite for boost/mqtt5 is being compiled and run."", ""command"": ""b2 --j 7 test"", ""directory"": "".../boost/libs/mqtt5""}"
12629,1767409773,1767409773,1767410106,"{""inverter"": 1, ""source"": ""workstation2_log"", ""device"": ""workstation2"", ""task_type"": ""CNN fitting, GPU load"", ""model"": ""vgg19"", ""optim"": ""sgd"", ""dataset"": ""CIFAR10"", ""batch_size"": 128, ""epochs"": 2, ""model_params"": 143667240, ""llm_estimated_task_effort"": ""medium"", ""textual_description"": ""The model vgg19 is fitted on CIFAR10 using sgd for 2 epochs with bs=128.""}"
12799,1767410197,1767410197,1767410280,"{""inverter"": 1, ""source"": ""workstation1_log"", ""device"": ""workstation1"", ""task_type"": ""compilation, CPU load"", ""cpu_cores_active"": ""10"", ""library"": ""boost/heap"", ""task_files"": 17, ""llm_estimated_task_effort"": ""low"", ""textual_description"": ""The testsuite for boost/heap is being compiled and run."", ""command"": ""b2 --j 10 test"", ""directory"": "".../boost/libs/heap""}"
12800,1767410245,1767410245,1767410247,"{""inverter"": 1, ""source"": ""workstation2_log"", ""device"": ""workstation2"", ""task_type"": ""compilation, CPU load"", ""cpu_cores_active"": ""7"", ""library"": ""boost/coroutine"", ""task_files"": 3, ""llm_estimated_task_effort"": ""high"", ""textual_description"": ""The testsuite for boost/coroutine is being compiled and run."", ""command"": ""b2 --j 7 test"", ""directory"": "".../boost/libs/coroutine""}"
12630,1767410410,1767410410,1767411566,"{""inverter"": 1, ""source"": ""workstation2_log"", ""device"": ""workstation2"", ""task_type"": ""CNN fitting, GPU load"", ""model"": ""swin_v2_s"", ""optim"": ""sgd"", ""dataset"": ""CIFAR10"", ""batch_size"": 128, ""epochs"": 2, ""model_params"": 49737442, ""llm_estimated_task_effort"": ""high"", ""textual_description"": ""The model swin_v2_s is fitted on CIFAR10 using sgd for 2 epochs with bs=128.""}"
12801,1767410469,1767410469,1767410470,"{""inverter"": 1, ""source"": ""workstation2_log"", ""device"": ""workstation2"", ""task_type"": ""compilation, CPU load"", ""cpu_cores_active"": ""5"", ""library"": ""boost/smart_ptr"", ""task_files"": 292, ""llm_estimated_task_effort"": ""low"", ""textual_description"": ""The testsuite for boost/smart_ptr is being compiled and run."", ""command"": ""b2 --j 5 test"", ""directory"": "".../boost/libs/smart_ptr""}"
12802,1767410536,1767410536,1767410639,"{""inverter"": 1, ""source"": ""workstation1_log"", ""device"": ""workstation1"", ""task_type"": ""compilation, CPU load"", ""cpu_cores_active"": ""7"", ""library"": ""boost/wave"", ""task_files"": 287, ""llm_estimated_task_effort"": ""high"", ""textual_description"": ""The testsuite for boost/wave is being compiled and run."", ""command"": ""b2 --j 7 test"", ""directory"": "".../boost/libs/wave""}"
12803,1767411091,1767411091,1767411092,"{""inverter"": 1, ""source"": ""workstation2_log"", ""device"": ""workstation2"", ""task_type"": ""compilation, CPU load"", ""cpu_cores_active"": ""5"", ""library"": ""boost/core"", ""task_files"": 278, ""llm_estimated_task_effort"": ""low"", ""textual_description"": ""The testsuite for boost/core is being compiled and run."", ""command"": ""b2 --j 5 test"", ""directory"": "".../boost/libs/core""}"
12804,1767411275,1767411275,1767411277,"{""inverter"": 1, ""source"": ""workstation2_log"", ""device"": ""workstation2"", ""task_type"": ""compilation, CPU load"", ""cpu_cores_active"": ""7"", ""library"": ""boost/mysql"", ""task_files"": 258, ""llm_estimated_task_effort"": ""medium"", ""textual_description"": ""The testsuite for boost/mysql is being compiled and run."", ""command"": ""b2 --j 7 test"", ""directory"": "".../boost/libs/mysql""}"
12805,1767411387,1767411387,1767411388,"{""inverter"": 1, ""source"": ""workstation2_log"", ""device"": ""workstation2"", ""task_type"": ""compilation, CPU load"", ""cpu_cores_active"": ""5"", ""library"": ""boost/log"", ""task_files"": 72, ""llm_estimated_task_effort"": ""high"", ""textual_description"": ""The testsuite for boost/log is being compiled and run."", ""command"": ""b2 --j 5 test"", ""directory"": "".../boost/libs/log""}"
12806,1767411388,1767411388,1767411389,"{""inverter"": 1, ""source"": ""workstation2_log"", ""device"": ""workstation2"", ""task_type"": ""compilation, CPU load"", ""cpu_cores_active"": ""10"", ""library"": ""boost/safe_numerics"", ""task_files"": 152, ""llm_estimated_task_effort"": ""low"", ""textual_description"": ""The testsuite for boost/safe_numerics is being compiled and run."", ""command"": ""b2 --j 10 test"", ""directory"": "".../boost/libs/safe_numerics""}"
12807,1767411391,1767411391,1767411466,"{""inverter"": 1, ""source"": ""workstation1_log"", ""device"": ""workstation1"", ""task_type"": ""compilation, CPU load"", ""cpu_cores_active"": ""4"", ""library"": ""boost/scope"", ""task_files"": 27, ""llm_estimated_task_effort"": ""low"", ""textual_description"": ""The testsuite for boost/scope is being compiled and run."", ""command"": ""b2 --j 4 test"", ""directory"": "".../boost/libs/scope""}"
12808,1767411853,1767411853,1767411926,"{""inverter"": 1, ""source"": ""workstation1_log"", ""device"": ""workstation1"", ""task_type"": ""compilation, CPU load"", ""cpu_cores_active"": ""9"", ""library"": ""boost/type_index"", ""task_files"": 19, ""llm_estimated_task_effort"": ""low"", ""textual_description"": ""The testsuite for boost/type_index is being compiled and run."", ""command"": ""b2 --j 9 test"", ""directory"": "".../boost/libs/type_index""}"
12809,1767412322,1767412322,1767412421,"{""inverter"": 1, ""source"": ""workstation1_log"", ""device"": ""workstation1"", ""task_type"": ""compilation, CPU load"", ""cpu_cores_active"": ""2"", ""library"": ""boost/tti"", ""task_files"": 147, ""llm_estimated_task_effort"": ""low"", ""textual_description"": ""The testsuite for boost/tti is being compiled and run."", ""command"": ""b2 --j 2 test"", ""directory"": "".../boost/libs/tti""}"
12810,1767412572,1767412572,1767412743,"{""inverter"": 1, ""source"": ""workstation1_log"", ""device"": ""workstation1"", ""task_type"": ""compilation, CPU load"", ""cpu_cores_active"": ""2"", ""library"": ""boost/iostreams"", ""task_files"": 407, ""llm_estimated_task_effort"": ""high"", ""textual_description"": ""The testsuite for boost/iostreams is being compiled and run."", ""command"": ""b2 --j 2 test"", ""directory"": "".../boost/libs/iostreams""}"
12631,1767412602,1767412602,1767412936,"{""inverter"": 1, ""source"": ""workstation2_log"", ""device"": ""workstation2"", ""task_type"": ""CNN fitting, GPU load"", ""model"": ""vgg13"", ""optim"": ""sgd"", ""dataset"": ""CIFAR10"", ""batch_size"": 128, ""epochs"": 2, ""model_params"": 133047848, ""llm_estimated_task_effort"": ""medium"", ""textual_description"": ""The model vgg13 is fitted on CIFAR10 using sgd for 2 epochs with bs=128.""}"
12811,1767412764,1767412764,1767412764,"{""inverter"": 1, ""source"": ""workstation2_log"", ""device"": ""workstation2"", ""task_type"": ""compilation, CPU load"", ""cpu_cores_active"": ""4"", ""library"": ""boost/property_map"", ""task_files"": 9, ""llm_estimated_task_effort"": ""low"", ""textual_description"": ""The testsuite for boost/property_map is being compiled and run."", ""command"": ""b2 --j 4 test"", ""directory"": "".../boost/libs/property_map""}"
12812,1767412775,1767412775,1767412776,"{""inverter"": 1, ""source"": ""workstation2_log"", ""device"": ""workstation2"", ""task_type"": ""compilation, CPU load"", ""cpu_cores_active"": ""6"", ""library"": ""boost/lexical_cast"", ""task_files"": 31, ""llm_estimated_task_effort"": ""low"", ""textual_description"": ""The testsuite for boost/lexical_cast is being compiled and run."", ""command"": ""b2 --j 6 test"", ""directory"": "".../boost/libs/lexical_cast""}"
12813,1767413244,1767413244,1767413244,"{""inverter"": 1, ""source"": ""workstation2_log"", ""device"": ""workstation2"", ""task_type"": ""compilation, CPU load"", ""cpu_cores_active"": ""7"", ""library"": ""boost/logic"", ""task_files"": 13, ""llm_estimated_task_effort"": ""low"", ""textual_description"": ""The testsuite for boost/logic is being compiled and run."", ""command"": ""b2 --j 7 test"", ""directory"": "".../boost/libs/logic""}"
12814,1767413332,1767413332,1767413333,"{""inverter"": 1, ""source"": ""workstation2_log"", ""device"": ""workstation2"", ""task_type"": ""compilation, CPU load"", ""cpu_cores_active"": ""3"", ""library"": ""boost/mp11"", ""task_files"": 241, ""llm_estimated_task_effort"": ""low"", ""textual_description"": ""The testsuite for boost/mp11 is being compiled and run."", ""command"": ""b2 --j 3 test"", ""directory"": "".../boost/libs/mp11""}"
12632,1767413727,1767413727,1767414468,"{""inverter"": 1, ""source"": ""workstation2_log"", ""device"": ""workstation2"", ""task_type"": ""CNN fitting, GPU load"", ""model"": ""densenet121"", ""optim"": ""sgd"", ""dataset"": ""CIFAR10"", ""batch_size"": 128, ""epochs"": 2, ""model_params"": 7978856, ""llm_estimated_task_effort"": ""medium"", ""textual_description"": ""The model densenet121 is fitted on CIFAR10 using sgd for 2 epochs with bs=128.""}"
12815,1767413836,1767413836,1767413923,"{""inverter"": 1, ""source"": ""workstation1_log"", ""device"": ""workstation1"", ""task_type"": ""compilation, CPU load"", ""cpu_cores_active"": ""10"", ""library"": ""boost/type_traits"", ""task_files"": 229, ""llm_estimated_task_effort"": ""low"", ""textual_description"": ""The testsuite for boost/type_traits is being compiled and run."", ""command"": ""b2 --j 10 test"", ""directory"": "".../boost/libs/type_traits""}"
12816,1767414034,1767414034,1767414107,"{""inverter"": 1, ""source"": ""workstation1_log"", ""device"": ""workstation1"", ""task_type"": ""compilation, CPU load"", ""cpu_cores_active"": ""2"", ""library"": ""boost/stl_interfaces"", ""task_files"": 18, ""llm_estimated_task_effort"": ""low"", ""textual_description"": ""The testsuite for boost/stl_interfaces is being compiled and run."", ""command"": ""b2 --j 2 test"", ""directory"": "".../boost/libs/stl_interfaces""}"
12817,1767414142,1767414142,1767414219,"{""inverter"": 1, ""source"": ""workstation1_log"", ""device"": ""workstation1"", ""task_type"": ""compilation, CPU load"", ""cpu_cores_active"": ""1"", ""library"": ""boost/preprocessor"", ""task_files"": 73, ""llm_estimated_task_effort"": ""medium"", ""textual_description"": ""The testsuite for boost/preprocessor is being compiled and run."", ""command"": ""b2 --j 1 test"", ""directory"": "".../boost/libs/preprocessor""}"
12818,1767414547,1767414547,1767414623,"{""inverter"": 1, ""source"": ""workstation1_log"", ""device"": ""workstation1"", ""task_type"": ""compilation, CPU load"", ""cpu_cores_active"": ""8"", ""library"": ""boost/exception"", ""task_files"": 59, ""llm_estimated_task_effort"": ""low"", ""textual_description"": ""The testsuite for boost/exception is being compiled and run."", ""command"": ""b2 --j 8 test"", ""directory"": "".../boost/libs/exception""}"
12819,1767414647,1767414647,1767414722,"{""inverter"": 1, ""source"": ""workstation1_log"", ""device"": ""workstation1"", ""task_type"": ""compilation, CPU load"", ""cpu_cores_active"": ""6"", ""library"": ""boost/function_types"", ""task_files"": 47, ""llm_estimated_task_effort"": ""low"", ""textual_description"": ""The testsuite for boost/function_types is being compiled and run."", ""command"": ""b2 --j 6 test"", ""directory"": "".../boost/libs/function_types""}"
12820,1767414692,1767414692,1767414693,"{""inverter"": 1, ""source"": ""workstation2_log"", ""device"": ""workstation2"", ""task_type"": ""compilation, CPU load"", ""cpu_cores_active"": ""10"", ""library"": ""boost/range"", ""task_files"": 205, ""llm_estimated_task_effort"": ""low"", ""textual_description"": ""The testsuite for boost/range is being compiled and run."", ""command"": ""b2 --j 10 test"", ""directory"": "".../boost/libs/range""}"
12633,1767414945,1767414945,1767415284,"{""inverter"": 1, ""source"": ""workstation2_log"", ""device"": ""workstation2"", ""task_type"": ""CNN fitting, GPU load"", ""model"": ""vgg13"", ""optim"": ""adam"", ""dataset"": ""CIFAR10"", ""batch_size"": 128, ""epochs"": 2, ""model_params"": 133047848, ""llm_estimated_task_effort"": ""medium"", ""textual_description"": ""The model vgg13 is fitted on CIFAR10 using adam for 2 epochs with bs=128.""}"
12821,1767414983,1767414983,1767415109,"{""inverter"": 1, ""source"": ""workstation1_log"", ""device"": ""workstation1"", ""task_type"": ""compilation, CPU load"", ""cpu_cores_active"": ""1"", ""library"": ""boost/parameter_python"", ""task_files"": 3, ""llm_estimated_task_effort"": ""low"", ""textual_description"": ""The testsuite for boost/parameter_python is being compiled and run."", ""command"": ""b2 --j 1 test"", ""directory"": "".../boost/libs/parameter_python""}"
12822,1767415217,1767415217,1767415218,"{""inverter"": 1, ""source"": ""workstation2_log"", ""device"": ""workstation2"", ""task_type"": ""compilation, CPU load"", ""cpu_cores_active"": ""2"", ""library"": ""boost/stacktrace"", ""task_files"": 18, ""llm_estimated_task_effort"": ""medium"", ""textual_description"": ""The testsuite for boost/stacktrace is being compiled and run."", ""command"": ""b2 --j 2 test"", ""directory"": "".../boost/libs/stacktrace""}"
12823,1767415344,1767415344,1767415344,"{""inverter"": 1, ""source"": ""workstation2_log"", ""device"": ""workstation2"", ""task_type"": ""compilation, CPU load"", ""cpu_cores_active"": ""10"", ""library"": ""boost/signals2"", ""task_files"": 23, ""llm_estimated_task_effort"": ""low"", ""textual_description"": ""The testsuite for boost/signals2 is being compiled and run."", ""command"": ""b2 --j 10 test"", ""directory"": "".../boost/libs/signals2""}"
12824,1767415466,1767415466,1767415602,"{""inverter"": 1, ""source"": ""workstation1_log"", ""device"": ""workstation1"", ""task_type"": ""compilation, CPU load"", ""cpu_cores_active"": ""10"", ""library"": ""boost/asio"", ""task_files"": 386, ""llm_estimated_task_effort"": ""high"", ""textual_description"": ""The testsuite for boost/asio is being compiled and run."", ""command"": ""b2 --j 10 test"", ""directory"": "".../boost/libs/asio""}"
12634,1767416161,1767416161,1767416594,"{""inverter"": 1, ""source"": ""workstation2_log"", ""device"": ""workstation2"", ""task_type"": ""CNN fitting, GPU load"", ""model"": ""wide_resnet50_2"", ""optim"": ""sgd"", ""dataset"": ""CIFAR10"", ""batch_size"": 128, ""epochs"": 2, ""model_params"": 68883240, ""llm_estimated_task_effort"": ""high"", ""textual_description"": ""The model wide_resnet50_2 is fitted on CIFAR10 using sgd for 2 epochs with bs=128.""}"
12825,1767416234,1767416234,1767416413,"{""inverter"": 1, ""source"": ""workstation1_log"", ""device"": ""workstation1"", ""task_type"": ""compilation, CPU load"", ""cpu_cores_active"": ""1"", ""library"": ""boost/outcome"", ""task_files"": 55, ""llm_estimated_task_effort"": ""low"", ""textual_description"": ""The testsuite for boost/outcome is being compiled and run."", ""command"": ""b2 --j 1 test"", ""directory"": "".../boost/libs/outcome""}"
12826,1767416636,1767416636,1767416761,"{""inverter"": 1, ""source"": ""workstation1_log"", ""device"": ""workstation1"", ""task_type"": ""compilation, CPU load"", ""cpu_cores_active"": ""2"", ""library"": ""boost/variant"", ""task_files"": 37, ""llm_estimated_task_effort"": ""low"", ""textual_description"": ""The testsuite for boost/variant is being compiled and run."", ""command"": ""b2 --j 2 test"", ""directory"": "".../boost/libs/variant""}"
12635,1767416686,1767416686,1767417176,"{""inverter"": 1, ""source"": ""workstation2_log"", ""device"": ""workstation2"", ""task_type"": ""CNN fitting, GPU load"", ""model"": ""wide_resnet50_2"", ""optim"": ""adam"", ""dataset"": ""CIFAR10"", ""batch_size"": 128, ""epochs"": 2, ""model_params"": 68883240, ""llm_estimated_task_effort"": ""high"", ""textual_description"": ""The model wide_resnet50_2 is fitted on CIFAR10 using adam for 2 epochs with bs=128.""}"
12827,1767416705,1767416705,1767416706,"{""inverter"": 1, ""source"": ""workstation2_log"", ""device"": ""workstation2"", ""task_type"": ""compilation, CPU load"", ""cpu_cores_active"": ""2"", ""library"": ""boost/icl"", ""task_files"": 288, ""llm_estimated_task_effort"": ""low"", ""textual_description"": ""The testsuite for boost/icl is being compiled and run."", ""command"": ""b2 --j 2 test"", ""directory"": "".../boost/libs/icl""}"
12828,1767416855,1767416855,1767416961,"{""inverter"": 1, ""source"": ""workstation1_log"", ""device"": ""workstation1"", ""task_type"": ""compilation, CPU load"", ""cpu_cores_active"": ""2"", ""library"": ""boost/hof"", ""task_files"": 63, ""llm_estimated_task_effort"": ""low"", ""textual_description"": ""The testsuite for boost/hof is being compiled and run."", ""command"": ""b2 --j 2 test"", ""directory"": "".../boost/libs/hof""}"
12636,1767417204,1767417204,1767417534,"{""inverter"": 1, ""source"": ""workstation2_log"", ""device"": ""workstation2"", ""task_type"": ""CNN fitting, GPU load"", ""model"": ""vgg13"", ""optim"": ""sgd"", ""dataset"": ""CIFAR10"", ""batch_size"": 128, ""epochs"": 2, ""model_params"": 133047848, ""llm_estimated_task_effort"": ""medium"", ""textual_description"": ""The model vgg13 is fitted on CIFAR10 using sgd for 2 epochs with bs=128.""}"
12829,1767417264,1767417264,1767417349,"{""inverter"": 1, ""source"": ""workstation1_log"", ""device"": ""workstation1"", ""task_type"": ""compilation, CPU load"", ""cpu_cores_active"": ""3"", ""library"": ""boost/optional"", ""task_files"": 82, ""llm_estimated_task_effort"": ""low"", ""textual_description"": ""The testsuite for boost/optional is being compiled and run."", ""command"": ""b2 --j 3 test"", ""directory"": "".../boost/libs/optional""}"
12830,1767417352,1767417352,1767417352,"{""inverter"": 1, ""source"": ""workstation2_log"", ""device"": ""workstation2"", ""task_type"": ""compilation, CPU load"", ""cpu_cores_active"": ""1"", ""library"": ""boost/crc"", ""task_files"": 10, ""llm_estimated_task_effort"": ""low"", ""textual_description"": ""The testsuite for boost/crc is being compiled and run."", ""command"": ""b2 --j 1 test"", ""directory"": "".../boost/libs/crc""}"
12831,1767417536,1767417536,1767417537,"{""inverter"": 1, ""source"": ""workstation2_log"", ""device"": ""workstation2"", ""task_type"": ""compilation, CPU load"", ""cpu_cores_active"": ""9"", ""library"": ""boost/tuple"", ""task_files"": 13, ""llm_estimated_task_effort"": ""low"", ""textual_description"": ""The testsuite for boost/tuple is being compiled and run."", ""command"": ""b2 --j 9 test"", ""directory"": "".../boost/libs/tuple""}"
12832,1767418220,1767418220,1767418297,"{""inverter"": 1, ""source"": ""workstation1_log"", ""device"": ""workstation1"", ""task_type"": ""compilation, CPU load"", ""cpu_cores_active"": ""9"", ""library"": ""boost/integer"", ""task_files"": 27, ""llm_estimated_task_effort"": ""low"", ""textual_description"": ""The testsuite for boost/integer is being compiled and run."", ""command"": ""b2 --j 9 test"", ""directory"": "".../boost/libs/integer""}"
12637,1767418367,1767418367,1767418709,"{""inverter"": 1, ""source"": ""workstation2_log"", ""device"": ""workstation2"", ""task_type"": ""CNN fitting, GPU load"", ""model"": ""resnet18"", ""optim"": ""sgd"", ""dataset"": ""CIFAR10"", ""batch_size"": 128, ""epochs"": 2, ""model_params"": 11689512, ""llm_estimated_task_effort"": ""low"", ""textual_description"": ""The model resnet18 is fitted on CIFAR10 using sgd for 2 epochs with bs=128.""}"
12833,1767418430,1767418430,1767418431,"{""inverter"": 1, ""source"": ""workstation2_log"", ""device"": ""workstation2"", ""task_type"": ""compilation, CPU load"", ""cpu_cores_active"": ""10"", ""library"": ""boost/assign"", ""task_files"": 18, ""llm_estimated_task_effort"": ""low"", ""textual_description"": ""The testsuite for boost/assign is being compiled and run."", ""command"": ""b2 --j 10 test"", ""directory"": "".../boost/libs/assign""}"
12834,1767418628,1767418628,1767418732,"{""inverter"": 1, ""source"": ""workstation1_log"", ""device"": ""workstation1"", ""task_type"": ""compilation, CPU load"", ""cpu_cores_active"": ""1"", ""library"": ""boost/mysql"", ""task_files"": 258, ""llm_estimated_task_effort"": ""medium"", ""textual_description"": ""The testsuite for boost/mysql is being compiled and run."", ""command"": ""b2 --j 1 test"", ""directory"": "".../boost/libs/mysql""}"
12835,1767418873,1767418873,1767418873,"{""inverter"": 1, ""source"": ""workstation2_log"", ""device"": ""workstation2"", ""task_type"": ""compilation, CPU load"", ""cpu_cores_active"": ""9"", ""library"": ""boost/bimap"", ""task_files"": 36, ""llm_estimated_task_effort"": ""low"", ""textual_description"": ""The testsuite for boost/bimap is being compiled and run."", ""command"": ""b2 --j 9 test"", ""directory"": "".../boost/libs/bimap""}"
12836,1767418890,1767418890,1767418890,"{""inverter"": 1, ""source"": ""workstation2_log"", ""device"": ""workstation2"", ""task_type"": ""compilation, CPU load"", ""cpu_cores_active"": ""8"", ""library"": ""boost/histogram"", ""task_files"": 131, ""llm_estimated_task_effort"": ""medium"", ""textual_description"": ""The testsuite for boost/histogram is being compiled and run."", ""command"": ""b2 --j 8 test"", ""directory"": "".../boost/libs/histogram""}"
12837,1767419131,1767419131,1767419132,"{""inverter"": 1, ""source"": ""workstation2_log"", ""device"": ""workstation2"", ""task_type"": ""compilation, CPU load"", ""cpu_cores_active"": ""10"", ""library"": ""boost/property_tree"", ""task_files"": 23, ""llm_estimated_task_effort"": ""low"", ""textual_description"": ""The testsuite for boost/property_tree is being compiled and run."", ""command"": ""b2 --j 10 test"", ""directory"": "".../boost/libs/property_tree""}"
12838,1767419439,1767419439,1767419440,"{""inverter"": 1, ""source"": ""workstation2_log"", ""device"": ""workstation2"", ""task_type"": ""compilation, CPU load"", ""cpu_cores_active"": ""2"", ""library"": ""boost/bloom"", ""task_files"": 14, ""llm_estimated_task_effort"": ""low"", ""textual_description"": ""The testsuite for boost/bloom is being compiled and run."", ""command"": ""b2 --j 2 test"", ""directory"": "".../boost/libs/bloom""}"
12839,1767419550,1767419550,1767419550,"{""inverter"": 1, ""source"": ""workstation2_log"", ""device"": ""workstation2"", ""task_type"": ""compilation, CPU load"", ""cpu_cores_active"": ""4"", ""library"": ""boost/static_string"", ""task_files"": 5, ""llm_estimated_task_effort"": ""low"", ""textual_description"": ""The testsuite for boost/static_string is being compiled and run."", ""command"": ""b2 --j 4 test"", ""directory"": "".../boost/libs/static_string""}"
12840,1767419584,1767419584,1767419797,"{""inverter"": 1, ""source"": ""workstation1_log"", ""device"": ""workstation1"", ""task_type"": ""compilation, CPU load"", ""cpu_cores_active"": ""1"", ""library"": ""boost/pfr"", ""task_files"": 91, ""llm_estimated_task_effort"": ""low"", ""textual_description"": ""The testsuite for boost/pfr is being compiled and run."", ""command"": ""b2 --j 1 test"", ""directory"": "".../boost/libs/pfr""}"
12841,1767419619,1767419619,1767419619,"{""inverter"": 1, ""source"": ""workstation2_log"", ""device"": ""workstation2"", ""task_type"": ""compilation, CPU load"", ""cpu_cores_active"": ""5"", ""library"": ""boost/math"", ""task_files"": 2611, ""llm_estimated_task_effort"": ""high"", ""textual_description"": ""The testsuite for boost/math is being compiled and run."", ""command"": ""b2 --j 5 test"", ""directory"": "".../boost/libs/math""}"
12638,1767419811,1767419811,1767420654,"{""inverter"": 1, ""source"": ""workstation2_log"", ""device"": ""workstation2"", ""task_type"": ""CNN fitting, GPU load"", ""model"": ""densenet121"", ""optim"": ""adam"", ""dataset"": ""CIFAR10"", ""batch_size"": 128, ""epochs"": 2, ""model_params"": 7978856, ""llm_estimated_task_effort"": ""medium"", ""textual_description"": ""The model densenet121 is fitted on CIFAR10 using adam for 2 epochs with bs=128.""}"
12842,1767420563,1767420563,1767420638,"{""inverter"": 1, ""source"": ""workstation1_log"", ""device"": ""workstation1"", ""task_type"": ""compilation, CPU load"", ""cpu_cores_active"": ""10"", ""library"": ""boost/property_map"", ""task_files"": 9, ""llm_estimated_task_effort"": ""low"", ""textual_description"": ""The testsuite for boost/property_map is being compiled and run."", ""command"": ""b2 --j 10 test"", ""directory"": "".../boost/libs/property_map""}"
12843,1767420650,1767420650,1767420891,"{""inverter"": 1, ""source"": ""workstation1_log"", ""device"": ""workstation1"", ""task_type"": ""compilation, CPU load"", ""cpu_cores_active"": ""5"", ""library"": ""boost/serialization"", ""task_files"": 150, ""llm_estimated_task_effort"": ""high"", ""textual_description"": ""The testsuite for boost/serialization is being compiled and run."", ""command"": ""b2 --j 5 test"", ""directory"": "".../boost/libs/serialization""}"
12639,1767420944,1767420944,1767421784,"{""inverter"": 1, ""source"": ""workstation2_log"", ""device"": ""workstation2"", ""task_type"": ""CNN fitting, GPU load"", ""model"": ""densenet121"", ""optim"": ""adam"", ""dataset"": ""CIFAR10"", ""batch_size"": 128, ""epochs"": 2, ""model_params"": 7978856, ""llm_estimated_task_effort"": ""medium"", ""textual_description"": ""The model densenet121 is fitted on CIFAR10 using adam for 2 epochs with bs=128.""}"
12844,1767421459,1767421459,1767421543,"{""inverter"": 1, ""source"": ""workstation1_log"", ""device"": ""workstation1"", ""task_type"": ""compilation, CPU load"", ""cpu_cores_active"": ""9"", ""library"": ""boost/metaparse"", ""task_files"": 113, ""llm_estimated_task_effort"": ""medium"", ""textual_description"": ""The testsuite for boost/metaparse is being compiled and run."", ""command"": ""b2 --j 9 test"", ""directory"": "".../boost/libs/metaparse""}"
12845,1767421570,1767421570,1767421570,"{""inverter"": 1, ""source"": ""workstation2_log"", ""device"": ""workstation2"", ""task_type"": ""compilation, CPU load"", ""cpu_cores_active"": ""6"", ""library"": ""boost/lockfree"", ""task_files"": 24, ""llm_estimated_task_effort"": ""high"", ""textual_description"": ""The testsuite for boost/lockfree is being compiled and run."", ""command"": ""b2 --j 6 test"", ""directory"": "".../boost/libs/lockfree""}"
12846,1767421973,1767421973,1767422175,"{""inverter"": 1, ""source"": ""workstation1_log"", ""device"": ""workstation1"", ""task_type"": ""compilation, CPU load"", ""cpu_cores_active"": ""4"", ""library"": ""boost/contract"", ""task_files"": 268, ""llm_estimated_task_effort"": ""medium"", ""textual_description"": ""The testsuite for boost/contract is being compiled and run."", ""command"": ""b2 --j 4 test"", ""directory"": "".../boost/libs/contract""}"
12640,1767421981,1767421981,1767422323,"{""inverter"": 1, ""source"": ""workstation2_log"", ""device"": ""workstation2"", ""task_type"": ""CNN fitting, GPU load"", ""model"": ""vgg13"", ""optim"": ""adam"", ""dataset"": ""CIFAR10"", ""batch_size"": 128, ""epochs"": 2, ""model_params"": 133047848, ""llm_estimated_task_effort"": ""medium"", ""textual_description"": ""The model vgg13 is fitted on CIFAR10 using adam for 2 epochs with bs=128.""}"
12641,1767422330,1767422330,1767423192,"{""inverter"": 1, ""source"": ""workstation2_log"", ""device"": ""workstation2"", ""task_type"": ""CNN fitting, GPU load"", ""model"": ""densenet121"", ""optim"": ""adam"", ""dataset"": ""CIFAR10"", ""batch_size"": 128, ""epochs"": 2, ""model_params"": 7978856, ""llm_estimated_task_effort"": ""medium"", ""textual_description"": ""The model densenet121 is fitted on CIFAR10 using adam for 2 epochs with bs=128.""}"
12847,1767422348,1767422348,1767422785,"{""inverter"": 1, ""source"": ""workstation1_log"", ""device"": ""workstation1"", ""task_type"": ""compilation, CPU load"", ""cpu_cores_active"": ""3"", ""library"": ""boost/spirit"", ""task_files"": 331, ""llm_estimated_task_effort"": ""high"", ""textual_description"": ""The testsuite for boost/spirit is being compiled and run."", ""command"": ""b2 --j 3 test"", ""directory"": "".../boost/libs/spirit""}"
12848,1767422814,1767422814,1767422814,"{""inverter"": 1, ""source"": ""workstation2_log"", ""device"": ""workstation2"", ""task_type"": ""compilation, CPU load"", ""cpu_cores_active"": ""6"", ""library"": ""boost/filesystem"", ""task_files"": 55, ""llm_estimated_task_effort"": ""high"", ""textual_description"": ""The testsuite for boost/filesystem is being compiled and run."", ""command"": ""b2 --j 6 test"", ""directory"": "".../boost/libs/filesystem""}"
12849,1767422935,1767422935,1767422936,"{""inverter"": 1, ""source"": ""workstation2_log"", ""device"": ""workstation2"", ""task_type"": ""compilation, CPU load"", ""cpu_cores_active"": ""8"", ""library"": ""boost/pool"", ""task_files"": 22, ""llm_estimated_task_effort"": ""low"", ""textual_description"": ""The testsuite for boost/pool is being compiled and run."", ""command"": ""b2 --j 8 test"", ""directory"": "".../boost/libs/pool""}"
12850,1767422953,1767422953,1767422954,"{""inverter"": 1, ""source"": ""workstation2_log"", ""device"": ""workstation2"", ""task_type"": ""compilation, CPU load"", ""cpu_cores_active"": ""1"", ""library"": ""boost/function_types"", ""task_files"": 47, ""llm_estimated_task_effort"": ""low"", ""textual_description"": ""The testsuite for boost/function_types is being compiled and run."", ""command"": ""b2 --j 1 test"", ""directory"": "".../boost/libs/function_types""}"
12851,1767423292,1767423292,1767423389,"{""inverter"": 1, ""source"": ""workstation1_log"", ""device"": ""workstation1"", ""task_type"": ""compilation, CPU load"", ""cpu_cores_active"": ""9"", ""library"": ""boost/statechart"", ""task_files"": 67, ""llm_estimated_task_effort"": ""high"", ""textual_description"": ""The testsuite for boost/statechart is being compiled and run."", ""command"": ""b2 --j 9 test"", ""directory"": "".../boost/libs/statechart""}"
12642,1767423567,1767423567,1767423906,"{""inverter"": 1, ""source"": ""workstation2_log"", ""device"": ""workstation2"", ""task_type"": ""CNN fitting, GPU load"", ""model"": ""vgg13"", ""optim"": ""adam"", ""dataset"": ""CIFAR10"", ""batch_size"": 128, ""epochs"": 2, ""model_params"": 133047848, ""llm_estimated_task_effort"": ""medium"", ""textual_description"": ""The model vgg13 is fitted on CIFAR10 using adam for 2 epochs with bs=128.""}"
12852,1767423884,1767423884,1767423964,"{""inverter"": 1, ""source"": ""workstation1_log"", ""device"": ""workstation1"", ""task_type"": ""compilation, CPU load"", ""cpu_cores_active"": ""5"", ""library"": ""boost/pool"", ""task_files"": 22, ""llm_estimated_task_effort"": ""low"", ""textual_description"": ""The testsuite for boost/pool is being compiled and run."", ""command"": ""b2 --j 5 test"", ""directory"": "".../boost/libs/pool""}"
12643,1767423941,1767423941,1767424290,"{""inverter"": 1, ""source"": ""workstation2_log"", ""device"": ""workstation2"", ""task_type"": ""CNN fitting, GPU load"", ""model"": ""vgg19"", ""optim"": ""adam"", ""dataset"": ""CIFAR10"", ""batch_size"": 128, ""epochs"": 2, ""model_params"": 143667240, ""llm_estimated_task_effort"": ""medium"", ""textual_description"": ""The model vgg19 is fitted on CIFAR10 using adam for 2 epochs with bs=128.""}"
12853,1767424469,1767424469,1767424469,"{""inverter"": 1, ""source"": ""workstation2_log"", ""device"": ""workstation2"", ""task_type"": ""compilation, CPU load"", ""cpu_cores_active"": ""6"", ""library"": ""boost/fiber"", ""task_files"": 33, ""llm_estimated_task_effort"": ""high"", ""textual_description"": ""The testsuite for boost/fiber is being compiled and run."", ""command"": ""b2 --j 6 test"", ""directory"": "".../boost/libs/fiber""}"
12854,1767424707,1767424707,1767424779,"{""inverter"": 1, ""source"": ""workstation1_log"", ""device"": ""workstation1"", ""task_type"": ""compilation, CPU load"", ""cpu_cores_active"": ""9"", ""library"": ""boost/cobalt"", ""task_files"": 44, ""llm_estimated_task_effort"": ""medium"", ""textual_description"": ""The testsuite for boost/cobalt is being compiled and run."", ""command"": ""b2 --j 9 test"", ""directory"": "".../boost/libs/cobalt""}"
12855,1767424922,1767424922,1767425033,"{""inverter"": 1, ""source"": ""workstation1_log"", ""device"": ""workstation1"", ""task_type"": ""compilation, CPU load"", ""cpu_cores_active"": ""8"", ""library"": ""boost/phoenix"", ""task_files"": 266, ""llm_estimated_task_effort"": ""low"", ""textual_description"": ""The testsuite for boost/phoenix is being compiled and run."", ""command"": ""b2 --j 8 test"", ""directory"": "".../boost/libs/phoenix""}"
12644,1767424923,1767424923,1767425660,"{""inverter"": 1, ""source"": ""workstation2_log"", ""device"": ""workstation2"", ""task_type"": ""CNN fitting, GPU load"", ""model"": ""densenet121"", ""optim"": ""sgd"", ""dataset"": ""CIFAR10"", ""batch_size"": 128, ""epochs"": 2, ""model_params"": 7978856, ""llm_estimated_task_effort"": ""medium"", ""textual_description"": ""The model densenet121 is fitted on CIFAR10 using sgd for 2 epochs with bs=128.""}"
12856,1767424944,1767424944,1767424944,"{""inverter"": 1, ""source"": ""workstation2_log"", ""device"": ""workstation2"", ""task_type"": ""compilation, CPU load"", ""cpu_cores_active"": ""5"", ""library"": ""boost/range"", ""task_files"": 205, ""llm_estimated_task_effort"": ""low"", ""textual_description"": ""The testsuite for boost/range is being compiled and run."", ""command"": ""b2 --j 5 test"", ""directory"": "".../boost/libs/range""}"
12645,1767426076,1767426076,1767426418,"{""inverter"": 1, ""source"": ""workstation2_log"", ""device"": ""workstation2"", ""task_type"": ""CNN fitting, GPU load"", ""model"": ""vgg13"", ""optim"": ""adam"", ""dataset"": ""CIFAR10"", ""batch_size"": 128, ""epochs"": 2, ""model_params"": 133047848, ""llm_estimated_task_effort"": ""medium"", ""textual_description"": ""The model vgg13 is fitted on CIFAR10 using adam for 2 epochs with bs=128.""}"
12857,1767426132,1767426132,1767426133,"{""inverter"": 1, ""source"": ""workstation2_log"", ""device"": ""workstation2"", ""task_type"": ""compilation, CPU load"", ""cpu_cores_active"": ""6"", ""library"": ""boost/coroutine2"", ""task_files"": 2, ""llm_estimated_task_effort"": ""high"", ""textual_description"": ""The testsuite for boost/coroutine2 is being compiled and run."", ""command"": ""b2 --j 6 test"", ""directory"": "".../boost/libs/coroutine2""}"
12858,1767426316,1767426316,1767426317,"{""inverter"": 1, ""source"": ""workstation2_log"", ""device"": ""workstation2"", ""task_type"": ""compilation, CPU load"", ""cpu_cores_active"": ""10"", ""library"": ""boost/statechart"", ""task_files"": 67, ""llm_estimated_task_effort"": ""high"", ""textual_description"": ""The testsuite for boost/statechart is being compiled and run."", ""command"": ""b2 --j 10 test"", ""directory"": "".../boost/libs/statechart""}"
12859,1767426339,1767426339,1767426631,"{""inverter"": 1, ""source"": ""workstation1_log"", ""device"": ""workstation1"", ""task_type"": ""compilation, CPU load"", ""cpu_cores_active"": ""2"", ""library"": ""boost/phoenix"", ""task_files"": 266, ""llm_estimated_task_effort"": ""low"", ""textual_description"": ""The testsuite for boost/phoenix is being compiled and run."", ""command"": ""b2 --j 2 test"", ""directory"": "".../boost/libs/phoenix""}"
12860,1767426527,1767426527,1767426528,"{""inverter"": 1, ""source"": ""workstation2_log"", ""device"": ""workstation2"", ""task_type"": ""compilation, CPU load"", ""cpu_cores_active"": ""4"", ""library"": ""boost/mqtt5"", ""task_files"": 45, ""llm_estimated_task_effort"": ""medium"", ""textual_description"": ""The testsuite for boost/mqtt5 is being compiled and run."", ""command"": ""b2 --j 4 test"", ""directory"": "".../boost/libs/mqtt5""}"
12861,1767426826,1767426826,1767426913,"{""inverter"": 1, ""source"": ""workstation1_log"", ""device"": ""workstation1"", ""task_type"": ""compilation, CPU load"", ""cpu_cores_active"": ""2"", ""library"": ""boost/throw_exception"", ""task_files"": 36, ""llm_estimated_task_effort"": ""low"", ""textual_description"": ""The testsuite for boost/throw_exception is being compiled and run."", ""command"": ""b2 --j 2 test"", ""directory"": "".../boost/libs/throw_exception""}"
12862,1767426932,1767426932,1767426933,"{""inverter"": 1, ""source"": ""workstation2_log"", ""device"": ""workstation2"", ""task_type"": ""compilation, CPU load"", ""cpu_cores_active"": ""1"", ""library"": ""boost/static_string"", ""task_files"": 5, ""llm_estimated_task_effort"": ""low"", ""textual_description"": ""The testsuite for boost/static_string is being compiled and run."", ""command"": ""b2 --j 1 test"", ""directory"": "".../boost/libs/static_string""}"
12863,1767427079,1767427079,1767427164,"{""inverter"": 1, ""source"": ""workstation1_log"", ""device"": ""workstation1"", ""task_type"": ""compilation, CPU load"", ""cpu_cores_active"": ""10"", ""library"": ""boost/atomic"", ""task_files"": 30, ""llm_estimated_task_effort"": ""low"", ""textual_description"": ""The testsuite for boost/atomic is being compiled and run."", ""command"": ""b2 --j 10 test"", ""directory"": "".../boost/libs/atomic""}"
12864,1767427082,1767427082,1767427083,"{""inverter"": 1, ""source"": ""workstation2_log"", ""device"": ""workstation2"", ""task_type"": ""compilation, CPU load"", ""cpu_cores_active"": ""3"", ""library"": ""boost/vmd"", ""task_files"": 336, ""llm_estimated_task_effort"": ""low"", ""textual_description"": ""The testsuite for boost/vmd is being compiled and run."", ""command"": ""b2 --j 3 test"", ""directory"": "".../boost/libs/vmd""}"
12865,1767427092,1767427092,1767427093,"{""inverter"": 1, ""source"": ""workstation2_log"", ""device"": ""workstation2"", ""task_type"": ""compilation, CPU load"", ""cpu_cores_active"": ""4"", ""library"": ""boost/lexical_cast"", ""task_files"": 31, ""llm_estimated_task_effort"": ""low"", ""textual_description"": ""The testsuite for boost/lexical_cast is being compiled and run."", ""command"": ""b2 --j 4 test"", ""directory"": "".../boost/libs/lexical_cast""}"
12866,1767427137,1767427137,1767427138,"{""inverter"": 1, ""source"": ""workstation2_log"", ""device"": ""workstation2"", ""task_type"": ""compilation, CPU load"", ""cpu_cores_active"": ""9"", ""library"": ""boost/circular_buffer"", ""task_files"": 8, ""llm_estimated_task_effort"": ""low"", ""textual_description"": ""The testsuite for boost/circular_buffer is being compiled and run."", ""command"": ""b2 --j 9 test"", ""directory"": "".../boost/libs/circular_buffer""}"
12646,1767427233,1767427233,1767427975,"{""inverter"": 1, ""source"": ""workstation2_log"", ""device"": ""workstation2"", ""task_type"": ""CNN fitting, GPU load"", ""model"": ""densenet121"", ""optim"": ""sgd"", ""dataset"": ""CIFAR10"", ""batch_size"": 128, ""epochs"": 2, ""model_params"": 7978856, ""llm_estimated_task_effort"": ""medium"", ""textual_description"": ""The model densenet121 is fitted on CIFAR10 using sgd for 2 epochs with bs=128.""}"
12867,1767427616,1767427616,1767427617,"{""inverter"": 1, ""source"": ""workstation2_log"", ""device"": ""workstation2"", ""task_type"": ""compilation, CPU load"", ""cpu_cores_active"": ""1"", ""library"": ""boost/stl_interfaces"", ""task_files"": 18, ""llm_estimated_task_effort"": ""low"", ""textual_description"": ""The testsuite for boost/stl_interfaces is being compiled and run."", ""command"": ""b2 --j 1 test"", ""directory"": "".../boost/libs/stl_interfaces""}"
12868,1767427741,1767427741,1767427813,"{""inverter"": 1, ""source"": ""workstation1_log"", ""device"": ""workstation1"", ""task_type"": ""compilation, CPU load"", ""cpu_cores_active"": ""9"", ""library"": ""boost/align"", ""task_files"": 17, ""llm_estimated_task_effort"": ""low"", ""textual_description"": ""The testsuite for boost/align is being compiled and run."", ""command"": ""b2 --j 9 test"", ""directory"": "".../boost/libs/align""}"
12869,1767427868,1767427868,1767427869,"{""inverter"": 1, ""source"": ""workstation2_log"", ""device"": ""workstation2"", ""task_type"": ""compilation, CPU load"", ""cpu_cores_active"": ""8"", ""library"": ""boost/circular_buffer"", ""task_files"": 8, ""llm_estimated_task_effort"": ""low"", ""textual_description"": ""The testsuite for boost/circular_buffer is being compiled and run."", ""command"": ""b2 --j 8 test"", ""directory"": "".../boost/libs/circular_buffer""}"
12647,1767428241,1767428241,1767428686,"{""inverter"": 1, ""source"": ""workstation2_log"", ""device"": ""workstation2"", ""task_type"": ""CNN fitting, GPU load"", ""model"": ""wide_resnet50_2"", ""optim"": ""sgd"", ""dataset"": ""CIFAR10"", ""batch_size"": 128, ""epochs"": 2, ""model_params"": 68883240, ""llm_estimated_task_effort"": ""high"", ""textual_description"": ""The model wide_resnet50_2 is fitted on CIFAR10 using sgd for 2 epochs with bs=128.""}"
12870,1767428426,1767428426,1767428427,"{""inverter"": 1, ""source"": ""workstation2_log"", ""device"": ""workstation2"", ""task_type"": ""compilation, CPU load"", ""cpu_cores_active"": ""4"", ""library"": ""boost/function_types"", ""task_files"": 47, ""llm_estimated_task_effort"": ""low"", ""textual_description"": ""The testsuite for boost/function_types is being compiled and run."", ""command"": ""b2 --j 4 test"", ""directory"": "".../boost/libs/function_types""}"
12871,1767428509,1767428509,1767428510,"{""inverter"": 1, ""source"": ""workstation2_log"", ""device"": ""workstation2"", ""task_type"": ""compilation, CPU load"", ""cpu_cores_active"": ""10"", ""library"": ""boost/url"", ""task_files"": 105, ""llm_estimated_task_effort"": ""low"", ""textual_description"": ""The testsuite for boost/url is being compiled and run."", ""command"": ""b2 --j 10 test"", ""directory"": "".../boost/libs/url""}"
12648,1767428767,1767428767,1767429100,"{""inverter"": 1, ""source"": ""workstation2_log"", ""device"": ""workstation2"", ""task_type"": ""CNN fitting, GPU load"", ""model"": ""vgg13"", ""optim"": ""sgd"", ""dataset"": ""CIFAR10"", ""batch_size"": 128, ""epochs"": 2, ""model_params"": 133047848, ""llm_estimated_task_effort"": ""medium"", ""textual_description"": ""The model vgg13 is fitted on CIFAR10 using sgd for 2 epochs with bs=128.""}"
12872,1767428842,1767428842,1767428842,"{""inverter"": 1, ""source"": ""workstation2_log"", ""device"": ""workstation2"", ""task_type"": ""compilation, CPU load"", ""cpu_cores_active"": ""5"", ""library"": ""boost/function_types"", ""task_files"": 47, ""llm_estimated_task_effort"": ""low"", ""textual_description"": ""The testsuite for boost/function_types is being compiled and run."", ""command"": ""b2 --j 5 test"", ""directory"": "".../boost/libs/function_types""}"
12873,1767428850,1767428850,1767428929,"{""inverter"": 1, ""source"": ""workstation1_log"", ""device"": ""workstation1"", ""task_type"": ""compilation, CPU load"", ""cpu_cores_active"": ""9"", ""library"": ""boost/metaparse"", ""task_files"": 113, ""llm_estimated_task_effort"": ""medium"", ""textual_description"": ""The testsuite for boost/metaparse is being compiled and run."", ""command"": ""b2 --j 9 test"", ""directory"": "".../boost/libs/metaparse""}"
12874,1767429723,1767429723,1767430036,"{""inverter"": 1, ""source"": ""workstation1_log"", ""device"": ""workstation1"", ""task_type"": ""compilation, CPU load"", ""cpu_cores_active"": ""1"", ""library"": ""boost/core"", ""task_files"": 278, ""llm_estimated_task_effort"": ""low"", ""textual_description"": ""The testsuite for boost/core is being compiled and run."", ""command"": ""b2 --j 1 test"", ""directory"": "".../boost/libs/core""}"
12875,1767429846,1767429846,1767429846,"{""inverter"": 1, ""source"": ""workstation2_log"", ""device"": ""workstation2"", ""task_type"": ""compilation, CPU load"", ""cpu_cores_active"": ""9"", ""library"": ""boost/context"", ""task_files"": 7, ""llm_estimated_task_effort"": ""high"", ""textual_description"": ""The testsuite for boost/context is being compiled and run."", ""command"": ""b2 --j 9 test"", ""directory"": "".../boost/libs/context""}"
12876,1767429877,1767429877,1767429877,"{""inverter"": 1, ""source"": ""workstation2_log"", ""device"": ""workstation2"", ""task_type"": ""compilation, CPU load"", ""cpu_cores_active"": ""5"", ""library"": ""boost/stl_interfaces"", ""task_files"": 18, ""llm_estimated_task_effort"": ""low"", ""textual_description"": ""The testsuite for boost/stl_interfaces is being compiled and run."", ""command"": ""b2 --j 5 test"", ""directory"": "".../boost/libs/stl_interfaces""}"
12877,1767430141,1767430141,1767430217,"{""inverter"": 1, ""source"": ""workstation1_log"", ""device"": ""workstation1"", ""task_type"": ""compilation, CPU load"", ""cpu_cores_active"": ""10"", ""library"": ""boost/flyweight"", ""task_files"": 40, ""llm_estimated_task_effort"": ""low"", ""textual_description"": ""The testsuite for boost/flyweight is being compiled and run."", ""command"": ""b2 --j 10 test"", ""directory"": "".../boost/libs/flyweight""}"
12878,1767430151,1767430151,1767430151,"{""inverter"": 1, ""source"": ""workstation2_log"", ""device"": ""workstation2"", ""task_type"": ""compilation, CPU load"", ""cpu_cores_active"": ""2"", ""library"": ""boost/foreach"", ""task_files"": 27, ""llm_estimated_task_effort"": ""low"", ""textual_description"": ""The testsuite for boost/foreach is being compiled and run."", ""command"": ""b2 --j 2 test"", ""directory"": "".../boost/libs/foreach""}"
12879,1767430351,1767430351,1767430352,"{""inverter"": 1, ""source"": ""workstation2_log"", ""device"": ""workstation2"", ""task_type"": ""compilation, CPU load"", ""cpu_cores_active"": ""3"", ""library"": ""boost/locale"", ""task_files"": 48, ""llm_estimated_task_effort"": ""high"", ""textual_description"": ""The testsuite for boost/locale is being compiled and run."", ""command"": ""b2 --j 3 test"", ""directory"": "".../boost/libs/locale""}"
12880,1767430569,1767430569,1767430645,"{""inverter"": 1, ""source"": ""workstation1_log"", ""device"": ""workstation1"", ""task_type"": ""compilation, CPU load"", ""cpu_cores_active"": ""1"", ""library"": ""boost/typeof"", ""task_files"": 33, ""llm_estimated_task_effort"": ""low"", ""textual_description"": ""The testsuite for boost/typeof is being compiled and run."", ""command"": ""b2 --j 1 test"", ""directory"": "".../boost/libs/typeof""}"
12649,1767430713,1767430713,1767431061,"{""inverter"": 1, ""source"": ""workstation2_log"", ""device"": ""workstation2"", ""task_type"": ""CNN fitting, GPU load"", ""model"": ""vgg19"", ""optim"": ""adam"", ""dataset"": ""CIFAR10"", ""batch_size"": 128, ""epochs"": 2, ""model_params"": 143667240, ""llm_estimated_task_effort"": ""medium"", ""textual_description"": ""The model vgg19 is fitted on CIFAR10 using adam for 2 epochs with bs=128.""}"
12881,1767431339,1767431339,1767431433,"{""inverter"": 1, ""source"": ""workstation1_log"", ""device"": ""workstation1"", ""task_type"": ""compilation, CPU load"", ""cpu_cores_active"": ""6"", ""library"": ""boost/chrono"", ""task_files"": 67, ""llm_estimated_task_effort"": ""low"", ""textual_description"": ""The testsuite for boost/chrono is being compiled and run."", ""command"": ""b2 --j 6 test"", ""directory"": "".../boost/libs/chrono""}"
12650,1767431539,1767431539,1767431870,"{""inverter"": 1, ""source"": ""workstation2_log"", ""device"": ""workstation2"", ""task_type"": ""CNN fitting, GPU load"", ""model"": ""vgg11"", ""optim"": ""sgd"", ""dataset"": ""CIFAR10"", ""batch_size"": 128, ""epochs"": 2, ""model_params"": 132863336, ""llm_estimated_task_effort"": ""low"", ""textual_description"": ""The model vgg11 is fitted on CIFAR10 using sgd for 2 epochs with bs=128.""}"
12882,1767431604,1767431604,1767431681,"{""inverter"": 1, ""source"": ""workstation1_log"", ""device"": ""workstation1"", ""task_type"": ""compilation, CPU load"", ""cpu_cores_active"": ""2"", ""library"": ""boost/property_map"", ""task_files"": 9, ""llm_estimated_task_effort"": ""low"", ""textual_description"": ""The testsuite for boost/property_map is being compiled and run."", ""command"": ""b2 --j 2 test"", ""directory"": "".../boost/libs/property_map""}"
12883,1767431630,1767431630,1767431631,"{""inverter"": 1, ""source"": ""workstation2_log"", ""device"": ""workstation2"", ""task_type"": ""compilation, CPU load"", ""cpu_cores_active"": ""4"", ""library"": ""boost/foreach"", ""task_files"": 27, ""llm_estimated_task_effort"": ""low"", ""textual_description"": ""The testsuite for boost/foreach is being compiled and run."", ""command"": ""b2 --j 4 test"", ""directory"": "".../boost/libs/foreach""}"
12884,1767431641,1767431641,1767431641,"{""inverter"": 1, ""source"": ""workstation2_log"", ""device"": ""workstation2"", ""task_type"": ""compilation, CPU load"", ""cpu_cores_active"": ""8"", ""library"": ""boost/filesystem"", ""task_files"": 55, ""llm_estimated_task_effort"": ""high"", ""textual_description"": ""The testsuite for boost/filesystem is being compiled and run."", ""command"": ""b2 --j 8 test"", ""directory"": "".../boost/libs/filesystem""}"
12885,1767431738,1767431738,1767431740,"{""inverter"": 1, ""source"": ""workstation2_log"", ""device"": ""workstation2"", ""task_type"": ""compilation, CPU load"", ""cpu_cores_active"": ""5"", ""library"": ""boost/format"", ""task_files"": 9, ""llm_estimated_task_effort"": ""low"", ""textual_description"": ""The testsuite for boost/format is being compiled and run."", ""command"": ""b2 --j 5 test"", ""directory"": "".../boost/libs/format""}"
12651,1767431998,1767431998,1767432334,"{""inverter"": 1, ""source"": ""workstation2_log"", ""device"": ""workstation2"", ""task_type"": ""CNN fitting, GPU load"", ""model"": ""vgg19"", ""optim"": ""sgd"", ""dataset"": ""CIFAR10"", ""batch_size"": 128, ""epochs"": 2, ""model_params"": 143667240, ""llm_estimated_task_effort"": ""medium"", ""textual_description"": ""The model vgg19 is fitted on CIFAR10 using sgd for 2 epochs with bs=128.""}"
12886,1767432278,1767432278,1767432353,"{""inverter"": 1, ""source"": ""workstation1_log"", ""device"": ""workstation1"", ""task_type"": ""compilation, CPU load"", ""cpu_cores_active"": ""1"", ""library"": ""boost/tokenizer"", ""task_files"": 9, ""llm_estimated_task_effort"": ""low"", ""textual_description"": ""The testsuite for boost/tokenizer is being compiled and run."", ""command"": ""b2 --j 1 test"", ""directory"": "".../boost/libs/tokenizer""}"
12887,1767432908,1767432908,1767433026,"{""inverter"": 1, ""source"": ""workstation1_log"", ""device"": ""workstation1"", ""task_type"": ""compilation, CPU load"", ""cpu_cores_active"": ""9"", ""library"": ""boost/poly_collection"", ""task_files"": 46, ""llm_estimated_task_effort"": ""low"", ""textual_description"": ""The testsuite for boost/poly_collection is being compiled and run."", ""command"": ""b2 --j 9 test"", ""directory"": "".../boost/libs/poly_collection""}"
12652,1767433073,1767433073,1767433814,"{""inverter"": 1, ""source"": ""workstation2_log"", ""device"": ""workstation2"", ""task_type"": ""CNN fitting, GPU load"", ""model"": ""densenet121"", ""optim"": ""sgd"", ""dataset"": ""CIFAR10"", ""batch_size"": 128, ""epochs"": 2, ""model_params"": 7978856, ""llm_estimated_task_effort"": ""medium"", ""textual_description"": ""The model densenet121 is fitted on CIFAR10 using sgd for 2 epochs with bs=128.""}"
12888,1767433368,1767433368,1767433447,"{""inverter"": 1, ""source"": ""workstation1_log"", ""device"": ""workstation1"", ""task_type"": ""compilation, CPU load"", ""cpu_cores_active"": ""4"", ""library"": ""boost/context"", ""task_files"": 7, ""llm_estimated_task_effort"": ""high"", ""textual_description"": ""The testsuite for boost/context is being compiled and run."", ""command"": ""b2 --j 4 test"", ""directory"": "".../boost/libs/context""}"
12889,1767433427,1767433427,1767433428,"{""inverter"": 1, ""source"": ""workstation2_log"", ""device"": ""workstation2"", ""task_type"": ""compilation, CPU load"", ""cpu_cores_active"": ""7"", ""library"": ""boost/flyweight"", ""task_files"": 40, ""llm_estimated_task_effort"": ""low"", ""textual_description"": ""The testsuite for boost/flyweight is being compiled and run."", ""command"": ""b2 --j 7 test"", ""directory"": "".../boost/libs/flyweight""}"
12890,1767433454,1767433454,1767433553,"{""inverter"": 1, ""source"": ""workstation1_log"", ""device"": ""workstation1"", ""task_type"": ""compilation, CPU load"", ""cpu_cores_active"": ""7"", ""library"": ""boost/system"", ""task_files"": 126, ""llm_estimated_task_effort"": ""low"", ""textual_description"": ""The testsuite for boost/system is being compiled and run."", ""command"": ""b2 --j 7 test"", ""directory"": "".../boost/libs/system""}"
12891,1767434160,1767434160,1767434161,"{""inverter"": 1, ""source"": ""workstation2_log"", ""device"": ""workstation2"", ""task_type"": ""compilation, CPU load"", ""cpu_cores_active"": ""3"", ""library"": ""boost/context"", ""task_files"": 7, ""llm_estimated_task_effort"": ""high"", ""textual_description"": ""The testsuite for boost/context is being compiled and run."", ""command"": ""b2 --j 3 test"", ""directory"": "".../boost/libs/context""}"
12653,1767434182,1767434182,1767434519,"{""inverter"": 1, ""source"": ""workstation2_log"", ""device"": ""workstation2"", ""task_type"": ""CNN fitting, GPU load"", ""model"": ""vgg11"", ""optim"": ""adam"", ""dataset"": ""CIFAR10"", ""batch_size"": 128, ""epochs"": 2, ""model_params"": 132863336, ""llm_estimated_task_effort"": ""low"", ""textual_description"": ""The model vgg11 is fitted on CIFAR10 using adam for 2 epochs with bs=128.""}"
12892,1767434734,1767434734,1767434854,"{""inverter"": 1, ""source"": ""workstation1_log"", ""device"": ""workstation1"", ""task_type"": ""compilation, CPU load"", ""cpu_cores_active"": ""10"", ""library"": ""boost/gil"", ""task_files"": 353, ""llm_estimated_task_effort"": ""high"", ""textual_description"": ""The testsuite for boost/gil is being compiled and run."", ""command"": ""b2 --j 10 test"", ""directory"": "".../boost/libs/gil""}"
12654,1767435090,1767435090,1767435927,"{""inverter"": 1, ""source"": ""workstation2_log"", ""device"": ""workstation2"", ""task_type"": ""CNN fitting, GPU load"", ""model"": ""densenet121"", ""optim"": ""adam"", ""dataset"": ""CIFAR10"", ""batch_size"": 128, ""epochs"": 2, ""model_params"": 7978856, ""llm_estimated_task_effort"": ""medium"", ""textual_description"": ""The model densenet121 is fitted on CIFAR10 using adam for 2 epochs with bs=128.""}"
12893,1767435335,1767435335,1767435433,"{""inverter"": 1, ""source"": ""workstation1_log"", ""device"": ""workstation1"", ""task_type"": ""compilation, CPU load"", ""cpu_cores_active"": ""8"", ""library"": ""boost/fusion"", ""task_files"": 247, ""llm_estimated_task_effort"": ""low"", ""textual_description"": ""The testsuite for boost/fusion is being compiled and run."", ""command"": ""b2 --j 8 test"", ""directory"": "".../boost/libs/fusion""}"
12894,1767435632,1767435632,1767435633,"{""inverter"": 1, ""source"": ""workstation2_log"", ""device"": ""workstation2"", ""task_type"": ""compilation, CPU load"", ""cpu_cores_active"": ""10"", ""library"": ""boost/proto"", ""task_files"": 24, ""llm_estimated_task_effort"": ""low"", ""textual_description"": ""The testsuite for boost/proto is being compiled and run."", ""command"": ""b2 --j 10 test"", ""directory"": "".../boost/libs/proto""}"
12895,1767435741,1767435741,1767435867,"{""inverter"": 1, ""source"": ""workstation1_log"", ""device"": ""workstation1"", ""task_type"": ""compilation, CPU load"", ""cpu_cores_active"": ""1"", ""library"": ""boost/function"", ""task_files"": 43, ""llm_estimated_task_effort"": ""low"", ""textual_description"": ""The testsuite for boost/function is being compiled and run."", ""command"": ""b2 --j 1 test"", ""directory"": "".../boost/libs/function""}"
12655,1767436662,1767436662,1767437097,"{""inverter"": 1, ""source"": ""workstation2_log"", ""device"": ""workstation2"", ""task_type"": ""CNN fitting, GPU load"", ""model"": ""wide_resnet50_2"", ""optim"": ""sgd"", ""dataset"": ""CIFAR10"", ""batch_size"": 128, ""epochs"": 2, ""model_params"": 68883240, ""llm_estimated_task_effort"": ""high"", ""textual_description"": ""The model wide_resnet50_2 is fitted on CIFAR10 using sgd for 2 epochs with bs=128.""}"
12896,1767436698,1767436698,1767436699,"{""inverter"": 1, ""source"": ""workstation2_log"", ""device"": ""workstation2"", ""task_type"": ""compilation, CPU load"", ""cpu_cores_active"": ""2"", ""library"": ""boost/endian"", ""task_files"": 61, ""llm_estimated_task_effort"": ""low"", ""textual_description"": ""The testsuite for boost/endian is being compiled and run."", ""command"": ""b2 --j 2 test"", ""directory"": "".../boost/libs/endian""}"
12897,1767436877,1767436877,1767436878,"{""inverter"": 1, ""source"": ""workstation2_log"", ""device"": ""workstation2"", ""task_type"": ""compilation, CPU load"", ""cpu_cores_active"": ""1"", ""library"": ""boost/safe_numerics"", ""task_files"": 152, ""llm_estimated_task_effort"": ""low"", ""textual_description"": ""The testsuite for boost/safe_numerics is being compiled and run."", ""command"": ""b2 --j 1 test"", ""directory"": "".../boost/libs/safe_numerics""}"
12898,1767436898,1767436898,1767436899,"{""inverter"": 1, ""source"": ""workstation2_log"", ""device"": ""workstation2"", ""task_type"": ""compilation, CPU load"", ""cpu_cores_active"": ""9"", ""library"": ""boost/stacktrace"", ""task_files"": 18, ""llm_estimated_task_effort"": ""medium"", ""textual_description"": ""The testsuite for boost/stacktrace is being compiled and run."", ""command"": ""b2 --j 9 test"", ""directory"": "".../boost/libs/stacktrace""}"
12656,1767437267,1767437267,1767437602,"{""inverter"": 1, ""source"": ""workstation2_log"", ""device"": ""workstation2"", ""task_type"": ""CNN fitting, GPU load"", ""model"": ""vgg11"", ""optim"": ""sgd"", ""dataset"": ""CIFAR10"", ""batch_size"": 128, ""epochs"": 2, ""model_params"": 132863336, ""llm_estimated_task_effort"": ""low"", ""textual_description"": ""The model vgg11 is fitted on CIFAR10 using sgd for 2 epochs with bs=128.""}"
12899,1767437295,1767437295,1767437295,"{""inverter"": 1, ""source"": ""workstation2_log"", ""device"": ""workstation2"", ""task_type"": ""compilation, CPU load"", ""cpu_cores_active"": ""3"", ""library"": ""boost/container_hash"", ""task_files"": 90, ""llm_estimated_task_effort"": ""low"", ""textual_description"": ""The testsuite for boost/container_hash is being compiled and run."", ""command"": ""b2 --j 3 test"", ""directory"": "".../boost/libs/container_hash""}"
12900,1767437627,1767437627,1767437627,"{""inverter"": 1, ""source"": ""workstation2_log"", ""device"": ""workstation2"", ""task_type"": ""compilation, CPU load"", ""cpu_cores_active"": ""10"", ""library"": ""boost/fusion"", ""task_files"": 247, ""llm_estimated_task_effort"": ""low"", ""textual_description"": ""The testsuite for boost/fusion is being compiled and run."", ""command"": ""b2 --j 10 test"", ""directory"": "".../boost/libs/fusion""}"
12657,1767437634,1767437634,1767438883,"{""inverter"": 1, ""source"": ""workstation2_log"", ""device"": ""workstation2"", ""task_type"": ""CNN fitting, GPU load"", ""model"": ""swin_v2_s"", ""optim"": ""adam"", ""dataset"": ""CIFAR10"", ""batch_size"": 128, ""epochs"": 2, ""model_params"": 49737442, ""llm_estimated_task_effort"": ""high"", ""textual_description"": ""The model swin_v2_s is fitted on CIFAR10 using adam for 2 epochs with bs=128.""}"
12901,1767437673,1767437673,1767437673,"{""inverter"": 1, ""source"": ""workstation2_log"", ""device"": ""workstation2"", ""task_type"": ""compilation, CPU load"", ""cpu_cores_active"": ""5"", ""library"": ""boost/hof"", ""task_files"": 63, ""llm_estimated_task_effort"": ""low"", ""textual_description"": ""The testsuite for boost/hof is being compiled and run."", ""command"": ""b2 --j 5 test"", ""directory"": "".../boost/libs/hof""}"
12902,1767437808,1767437808,1767437808,"{""inverter"": 1, ""source"": ""workstation2_log"", ""device"": ""workstation2"", ""task_type"": ""compilation, CPU load"", ""cpu_cores_active"": ""5"", ""library"": ""boost/mqtt5"", ""task_files"": 45, ""llm_estimated_task_effort"": ""medium"", ""textual_description"": ""The testsuite for boost/mqtt5 is being compiled and run."", ""command"": ""b2 --j 5 test"", ""directory"": "".../boost/libs/mqtt5""}"
12903,1767437867,1767437867,1767437868,"{""inverter"": 1, ""source"": ""workstation2_log"", ""device"": ""workstation2"", ""task_type"": ""compilation, CPU load"", ""cpu_cores_active"": ""3"", ""library"": ""boost/sort"", ""task_files"": 17, ""llm_estimated_task_effort"": ""low"", ""textual_description"": ""The testsuite for boost/sort is being compiled and run."", ""command"": ""b2 --j 3 test"", ""directory"": "".../boost/libs/sort""}"
12904,1767438362,1767438362,1767438429,"{""inverter"": 1, ""source"": ""workstation1_log"", ""device"": ""workstation1"", ""task_type"": ""compilation, CPU load"", ""cpu_cores_active"": ""4"", ""library"": ""boost/graph_parallel"", ""task_files"": 30, ""llm_estimated_task_effort"": ""high"", ""textual_description"": ""The testsuite for boost/graph_parallel is being compiled and run."", ""command"": ""b2 --j 4 test"", ""directory"": "".../boost/libs/graph_parallel""}"
12905,1767438571,1767438571,1767438572,"{""inverter"": 1, ""source"": ""workstation2_log"", ""device"": ""workstation2"", ""task_type"": ""compilation, CPU load"", ""cpu_cores_active"": ""7"", ""library"": ""boost/variant"", ""task_files"": 37, ""llm_estimated_task_effort"": ""low"", ""textual_description"": ""The testsuite for boost/variant is being compiled and run."", ""command"": ""b2 --j 7 test"", ""directory"": "".../boost/libs/variant""}"
12906,1767438610,1767438610,1767438611,"{""inverter"": 1, ""source"": ""workstation2_log"", ""device"": ""workstation2"", ""task_type"": ""compilation, CPU load"", ""cpu_cores_active"": ""6"", ""library"": ""boost/typeof"", ""task_files"": 33, ""llm_estimated_task_effort"": ""low"", ""textual_description"": ""The testsuite for boost/typeof is being compiled and run."", ""command"": ""b2 --j 6 test"", ""directory"": "".../boost/libs/typeof""}"
12907,1767439003,1767439003,1767439107,"{""inverter"": 1, ""source"": ""workstation1_log"", ""device"": ""workstation1"", ""task_type"": ""compilation, CPU load"", ""cpu_cores_active"": ""8"", ""library"": ""boost/vmd"", ""task_files"": 336, ""llm_estimated_task_effort"": ""low"", ""textual_description"": ""The testsuite for boost/vmd is being compiled and run."", ""command"": ""b2 --j 8 test"", ""directory"": "".../boost/libs/vmd""}"
12658,1767439109,1767439109,1767440259,"{""inverter"": 1, ""source"": ""workstation2_log"", ""device"": ""workstation2"", ""task_type"": ""CNN fitting, GPU load"", ""model"": ""swin_v2_s"", ""optim"": ""sgd"", ""dataset"": ""CIFAR10"", ""batch_size"": 128, ""epochs"": 2, ""model_params"": 49737442, ""llm_estimated_task_effort"": ""high"", ""textual_description"": ""The model swin_v2_s is fitted on CIFAR10 using sgd for 2 epochs with bs=128.""}"
12908,1767439364,1767439364,1767439456,"{""inverter"": 1, ""source"": ""workstation1_log"", ""device"": ""workstation1"", ""task_type"": ""compilation, CPU load"", ""cpu_cores_active"": ""9"", ""library"": ""boost/type_erasure"", ""task_files"": 61, ""llm_estimated_task_effort"": ""low"", ""textual_description"": ""The testsuite for boost/type_erasure is being compiled and run."", ""command"": ""b2 --j 9 test"", ""directory"": "".../boost/libs/type_erasure""}"
12909,1767439542,1767439542,1767439636,"{""inverter"": 1, ""source"": ""workstation1_log"", ""device"": ""workstation1"", ""task_type"": ""compilation, CPU load"", ""cpu_cores_active"": ""3"", ""library"": ""boost/lockfree"", ""task_files"": 24, ""llm_estimated_task_effort"": ""high"", ""textual_description"": ""The testsuite for boost/lockfree is being compiled and run."", ""command"": ""b2 --j 3 test"", ""directory"": "".../boost/libs/lockfree""}"
12910,1767439550,1767439550,1767439550,"{""inverter"": 1, ""source"": ""workstation2_log"", ""device"": ""workstation2"", ""task_type"": ""compilation, CPU load"", ""cpu_cores_active"": ""10"", ""library"": ""boost/unordered"", ""task_files"": 192, ""llm_estimated_task_effort"": ""low"", ""textual_description"": ""The testsuite for boost/unordered is being compiled and run."", ""command"": ""b2 --j 10 test"", ""directory"": "".../boost/libs/unordered""}"
12911,1767439929,1767439929,1767440004,"{""inverter"": 1, ""source"": ""workstation1_log"", ""device"": ""workstation1"", ""task_type"": ""compilation, CPU load"", ""cpu_cores_active"": ""7"", ""library"": ""boost/pool"", ""task_files"": 22, ""llm_estimated_task_effort"": ""low"", ""textual_description"": ""The testsuite for boost/pool is being compiled and run."", ""command"": ""b2 --j 7 test"", ""directory"": "".../boost/libs/pool""}"
12912,1767440090,1767440090,1767440154,"{""inverter"": 1, ""source"": ""workstation1_log"", ""device"": ""workstation1"", ""task_type"": ""compilation, CPU load"", ""cpu_cores_active"": ""5"", ""library"": ""boost/graph_parallel"", ""task_files"": 30, ""llm_estimated_task_effort"": ""high"", ""textual_description"": ""The testsuite for boost/graph_parallel is being compiled and run."", ""command"": ""b2 --j 5 test"", ""directory"": "".../boost/libs/graph_parallel""}"
12913,1767440338,1767440338,1767440338,"{""inverter"": 1, ""source"": ""workstation2_log"", ""device"": ""workstation2"", ""task_type"": ""compilation, CPU load"", ""cpu_cores_active"": ""7"", ""library"": ""boost/any"", ""task_files"": 47, ""llm_estimated_task_effort"": ""low"", ""textual_description"": ""The testsuite for boost/any is being compiled and run."", ""command"": ""b2 --j 7 test"", ""directory"": "".../boost/libs/any""}"
12659,1767440630,1767440630,1767441788,"{""inverter"": 1, ""source"": ""workstation2_log"", ""device"": ""workstation2"", ""task_type"": ""CNN fitting, GPU load"", ""model"": ""swin_v2_s"", ""optim"": ""sgd"", ""dataset"": ""CIFAR10"", ""batch_size"": 128, ""epochs"": 2, ""model_params"": 49737442, ""llm_estimated_task_effort"": ""high"", ""textual_description"": ""The model swin_v2_s is fitted on CIFAR10 using sgd for 2 epochs with bs=128.""}"
12914,1767440926,1767440926,1767440995,"{""inverter"": 1, ""source"": ""workstation1_log"", ""device"": ""workstation1"", ""task_type"": ""compilation, CPU load"", ""cpu_cores_active"": ""10"", ""library"": ""boost/assert"", ""task_files"": 25, ""llm_estimated_task_effort"": ""low"", ""textual_description"": ""The testsuite for boost/assert is being compiled and run."", ""command"": ""b2 --j 10 test"", ""directory"": "".../boost/libs/assert""}"
12915,1767441680,1767441680,1767441681,"{""inverter"": 1, ""source"": ""workstation2_log"", ""device"": ""workstation2"", ""task_type"": ""compilation, CPU load"", ""cpu_cores_active"": ""5"", ""library"": ""boost/circular_buffer"", ""task_files"": 8, ""llm_estimated_task_effort"": ""low"", ""textual_description"": ""The testsuite for boost/circular_buffer is being compiled and run."", ""command"": ""b2 --j 5 test"", ""directory"": "".../boost/libs/circular_buffer""}"
12916,1767441808,1767441808,1767441808,"{""inverter"": 1, ""source"": ""workstation2_log"", ""device"": ""workstation2"", ""task_type"": ""compilation, CPU load"", ""cpu_cores_active"": ""10"", ""library"": ""boost/scope"", ""task_files"": 27, ""llm_estimated_task_effort"": ""low"", ""textual_description"": ""The testsuite for boost/scope is being compiled and run."", ""command"": ""b2 --j 10 test"", ""directory"": "".../boost/libs/scope""}"
12917,1767441809,1767441809,1767441809,"{""inverter"": 1, ""source"": ""workstation2_log"", ""device"": ""workstation2"", ""task_type"": ""compilation, CPU load"", ""cpu_cores_active"": ""8"", ""library"": ""boost/container"", ""task_files"": 98, ""llm_estimated_task_effort"": ""high"", ""textual_description"": ""The testsuite for boost/container is being compiled and run."", ""command"": ""b2 --j 8 test"", ""directory"": "".../boost/libs/container""}"
12660,1767441909,1767441909,1767442257,"{""inverter"": 1, ""source"": ""workstation2_log"", ""device"": ""workstation2"", ""task_type"": ""CNN fitting, GPU load"", ""model"": ""vgg19"", ""optim"": ""adam"", ""dataset"": ""CIFAR10"", ""batch_size"": 128, ""epochs"": 2, ""model_params"": 143667240, ""llm_estimated_task_effort"": ""medium"", ""textual_description"": ""The model vgg19 is fitted on CIFAR10 using adam for 2 epochs with bs=128.""}"
12918,1767441950,1767441950,1767442017,"{""inverter"": 1, ""source"": ""workstation1_log"", ""device"": ""workstation1"", ""task_type"": ""compilation, CPU load"", ""cpu_cores_active"": ""7"", ""library"": ""boost/graph_parallel"", ""task_files"": 30, ""llm_estimated_task_effort"": ""high"", ""textual_description"": ""The testsuite for boost/graph_parallel is being compiled and run."", ""command"": ""b2 --j 7 test"", ""directory"": "".../boost/libs/graph_parallel""}"
12919,1767442450,1767442450,1767442531,"{""inverter"": 1, ""source"": ""workstation1_log"", ""device"": ""workstation1"", ""task_type"": ""compilation, CPU load"", ""cpu_cores_active"": ""4"", ""library"": ""boost/optional"", ""task_files"": 82, ""llm_estimated_task_effort"": ""low"", ""textual_description"": ""The testsuite for boost/optional is being compiled and run."", ""command"": ""b2 --j 4 test"", ""directory"": "".../boost/libs/optional""}"
12661,1767442488,1767442488,1767442823,"{""inverter"": 1, ""source"": ""workstation2_log"", ""device"": ""workstation2"", ""task_type"": ""CNN fitting, GPU load"", ""model"": ""vgg11"", ""optim"": ""adam"", ""dataset"": ""CIFAR10"", ""batch_size"": 128, ""epochs"": 2, ""model_params"": 132863336, ""llm_estimated_task_effort"": ""low"", ""textual_description"": ""The model vgg11 is fitted on CIFAR10 using adam for 2 epochs with bs=128.""}"
12920,1767442631,1767442631,1767442717,"{""inverter"": 1, ""source"": ""workstation1_log"", ""device"": ""workstation1"", ""task_type"": ""compilation, CPU load"", ""cpu_cores_active"": ""2"", ""library"": ""boost/integer"", ""task_files"": 27, ""llm_estimated_task_effort"": ""low"", ""textual_description"": ""The testsuite for boost/integer is being compiled and run."", ""command"": ""b2 --j 2 test"", ""directory"": "".../boost/libs/integer""}"
12921,1767443014,1767443014,1767443135,"{""inverter"": 1, ""source"": ""workstation1_log"", ""device"": ""workstation1"", ""task_type"": ""compilation, CPU load"", ""cpu_cores_active"": ""3"", ""library"": ""boost/intrusive"", ""task_files"": 55, ""llm_estimated_task_effort"": ""low"", ""textual_description"": ""The testsuite for boost/intrusive is being compiled and run."", ""command"": ""b2 --j 3 test"", ""directory"": "".../boost/libs/intrusive""}"
12922,1767443162,1767443162,1767443163,"{""inverter"": 1, ""source"": ""workstation2_log"", ""device"": ""workstation2"", ""task_type"": ""compilation, CPU load"", ""cpu_cores_active"": ""6"", ""library"": ""boost/fiber"", ""task_files"": 33, ""llm_estimated_task_effort"": ""high"", ""textual_description"": ""The testsuite for boost/fiber is being compiled and run."", ""command"": ""b2 --j 6 test"", ""directory"": "".../boost/libs/fiber""}"
12923,1767443390,1767443390,1767443391,"{""inverter"": 1, ""source"": ""workstation2_log"", ""device"": ""workstation2"", ""task_type"": ""compilation, CPU load"", ""cpu_cores_active"": ""7"", ""library"": ""boost/sort"", ""task_files"": 17, ""llm_estimated_task_effort"": ""low"", ""textual_description"": ""The testsuite for boost/sort is being compiled and run."", ""command"": ""b2 --j 7 test"", ""directory"": "".../boost/libs/sort""}"
12662,1767443570,1767443570,1767443916,"{""inverter"": 1, ""source"": ""workstation2_log"", ""device"": ""workstation2"", ""task_type"": ""CNN fitting, GPU load"", ""model"": ""resnet18"", ""optim"": ""sgd"", ""dataset"": ""CIFAR10"", ""batch_size"": 128, ""epochs"": 2, ""model_params"": 11689512, ""llm_estimated_task_effort"": ""low"", ""textual_description"": ""The model resnet18 is fitted on CIFAR10 using sgd for 2 epochs with bs=128.""}"
12924,1767443891,1767443891,1767443893,"{""inverter"": 1, ""source"": ""workstation2_log"", ""device"": ""workstation2"", ""task_type"": ""compilation, CPU load"", ""cpu_cores_active"": ""5"", ""library"": ""boost/contract"", ""task_files"": 268, ""llm_estimated_task_effort"": ""medium"", ""textual_description"": ""The testsuite for boost/contract is being compiled and run."", ""command"": ""b2 --j 5 test"", ""directory"": "".../boost/libs/contract""}"
12663,1767444035,1767444035,1767444474,"{""inverter"": 1, ""source"": ""workstation2_log"", ""device"": ""workstation2"", ""task_type"": ""CNN fitting, GPU load"", ""model"": ""wide_resnet50_2"", ""optim"": ""sgd"", ""dataset"": ""CIFAR10"", ""batch_size"": 128, ""epochs"": 2, ""model_params"": 68883240, ""llm_estimated_task_effort"": ""high"", ""textual_description"": ""The model wide_resnet50_2 is fitted on CIFAR10 using sgd for 2 epochs with bs=128.""}"
12925,1767444233,1767444233,1767444234,"{""inverter"": 1, ""source"": ""workstation2_log"", ""device"": ""workstation2"", ""task_type"": ""compilation, CPU load"", ""cpu_cores_active"": ""10"", ""library"": ""boost/asio"", ""task_files"": 386, ""llm_estimated_task_effort"": ""high"", ""textual_description"": ""The testsuite for boost/asio is being compiled and run."", ""command"": ""b2 --j 10 test"", ""directory"": "".../boost/libs/asio""}"
12926,1767444245,1767444245,1767444246,"{""inverter"": 1, ""source"": ""workstation2_log"", ""device"": ""workstation2"", ""task_type"": ""compilation, CPU load"", ""cpu_cores_active"": ""5"", ""library"": ""boost/static_string"", ""task_files"": 5, ""llm_estimated_task_effort"": ""low"", ""textual_description"": ""The testsuite for boost/static_string is being compiled and run."", ""command"": ""b2 --j 5 test"", ""directory"": "".../boost/libs/static_string""}"
12927,1767444836,1767444836,1767444837,"{""inverter"": 1, ""source"": ""workstation2_log"", ""device"": ""workstation2"", ""task_type"": ""compilation, CPU load"", ""cpu_cores_active"": ""4"", ""library"": ""boost/assert"", ""task_files"": 25, ""llm_estimated_task_effort"": ""low"", ""textual_description"": ""The testsuite for boost/assert is being compiled and run."", ""command"": ""b2 --j 4 test"", ""directory"": "".../boost/libs/assert""}"
12928,1767444841,1767444841,1767444842,"{""inverter"": 1, ""source"": ""workstation2_log"", ""device"": ""workstation2"", ""task_type"": ""compilation, CPU load"", ""cpu_cores_active"": ""3"", ""library"": ""boost/typeof"", ""task_files"": 33, ""llm_estimated_task_effort"": ""low"", ""textual_description"": ""The testsuite for boost/typeof is being compiled and run."", ""command"": ""b2 --j 3 test"", ""directory"": "".../boost/libs/typeof""}"
12929,1767444868,1767444868,1767444869,"{""inverter"": 1, ""source"": ""workstation2_log"", ""device"": ""workstation2"", ""task_type"": ""compilation, CPU load"", ""cpu_cores_active"": ""8"", ""library"": ""boost/static_string"", ""task_files"": 5, ""llm_estimated_task_effort"": ""low"", ""textual_description"": ""The testsuite for boost/static_string is being compiled and run."", ""command"": ""b2 --j 8 test"", ""directory"": "".../boost/libs/static_string""}"
12930,1767445481,1767445481,1767445558,"{""inverter"": 1, ""source"": ""workstation1_log"", ""device"": ""workstation1"", ""task_type"": ""compilation, CPU load"", ""cpu_cores_active"": ""2"", ""library"": ""boost/concept_check"", ""task_files"": 18, ""llm_estimated_task_effort"": ""low"", ""textual_description"": ""The testsuite for boost/concept_check is being compiled and run."", ""command"": ""b2 --j 2 test"", ""directory"": "".../boost/libs/concept_check""}"
12664,1767445618,1767445618,1767446115,"{""inverter"": 1, ""source"": ""workstation2_log"", ""device"": ""workstation2"", ""task_type"": ""CNN fitting, GPU load"", ""model"": ""wide_resnet50_2"", ""optim"": ""adam"", ""dataset"": ""CIFAR10"", ""batch_size"": 128, ""epochs"": 2, ""model_params"": 68883240, ""llm_estimated_task_effort"": ""high"", ""textual_description"": ""The model wide_resnet50_2 is fitted on CIFAR10 using adam for 2 epochs with bs=128.""}"
12931,1767445634,1767445634,1767445635,"{""inverter"": 1, ""source"": ""workstation2_log"", ""device"": ""workstation2"", ""task_type"": ""compilation, CPU load"", ""cpu_cores_active"": ""8"", ""library"": ""boost/tti"", ""task_files"": 147, ""llm_estimated_task_effort"": ""low"", ""textual_description"": ""The testsuite for boost/tti is being compiled and run."", ""command"": ""b2 --j 8 test"", ""directory"": "".../boost/libs/tti""}"
12932,1767446244,1767446244,1767446403,"{""inverter"": 1, ""source"": ""workstation1_log"", ""device"": ""workstation1"", ""task_type"": ""compilation, CPU load"", ""cpu_cores_active"": ""1"", ""library"": ""boost/bind"", ""task_files"": 81, ""llm_estimated_task_effort"": ""low"", ""textual_description"": ""The testsuite for boost/bind is being compiled and run."", ""command"": ""b2 --j 1 test"", ""directory"": "".../boost/libs/bind""}"
12665,1767446256,1767446256,1767447501,"{""inverter"": 1, ""source"": ""workstation2_log"", ""device"": ""workstation2"", ""task_type"": ""CNN fitting, GPU load"", ""model"": ""swin_v2_s"", ""optim"": ""adam"", ""dataset"": ""CIFAR10"", ""batch_size"": 128, ""epochs"": 2, ""model_params"": 49737442, ""llm_estimated_task_effort"": ""high"", ""textual_description"": ""The model swin_v2_s is fitted on CIFAR10 using adam for 2 epochs with bs=128.""}"
12933,1767446268,1767446268,1767446268,"{""inverter"": 1, ""source"": ""workstation2_log"", ""device"": ""workstation2"", ""task_type"": ""compilation, CPU load"", ""cpu_cores_active"": ""4"", ""library"": ""boost/cobalt"", ""task_files"": 44, ""llm_estimated_task_effort"": ""medium"", ""textual_description"": ""The testsuite for boost/cobalt is being compiled and run."", ""command"": ""b2 --j 4 test"", ""directory"": "".../boost/libs/cobalt""}"
12934,1767446620,1767446620,1767446712,"{""inverter"": 1, ""source"": ""workstation1_log"", ""device"": ""workstation1"", ""task_type"": ""compilation, CPU load"", ""cpu_cores_active"": ""5"", ""library"": ""boost/uuid"", ""task_files"": 68, ""llm_estimated_task_effort"": ""low"", ""textual_description"": ""The testsuite for boost/uuid is being compiled and run."", ""command"": ""b2 --j 5 test"", ""directory"": "".../boost/libs/uuid""}"
12935,1767447113,1767447113,1767447114,"{""inverter"": 1, ""source"": ""workstation2_log"", ""device"": ""workstation2"", ""task_type"": ""compilation, CPU load"", ""cpu_cores_active"": ""6"", ""library"": ""boost/stl_interfaces"", ""task_files"": 18, ""llm_estimated_task_effort"": ""low"", ""textual_description"": ""The testsuite for boost/stl_interfaces is being compiled and run."", ""command"": ""b2 --j 6 test"", ""directory"": "".../boost/libs/stl_interfaces""}"
12936,1767447124,1767447124,1767447125,"{""inverter"": 1, ""source"": ""workstation2_log"", ""device"": ""workstation2"", ""task_type"": ""compilation, CPU load"", ""cpu_cores_active"": ""10"", ""library"": ""boost/winapi"", ""task_files"": 59, ""llm_estimated_task_effort"": ""low"", ""textual_description"": ""The testsuite for boost/winapi is being compiled and run."", ""command"": ""b2 --j 10 test"", ""directory"": "".../boost/libs/winapi""}"
12937,1767447501,1767447501,1767447623,"{""inverter"": 1, ""source"": ""workstation1_log"", ""device"": ""workstation1"", ""task_type"": ""compilation, CPU load"", ""cpu_cores_active"": ""6"", ""library"": ""boost/beast"", ""task_files"": 471, ""llm_estimated_task_effort"": ""high"", ""textual_description"": ""The testsuite for boost/beast is being compiled and run."", ""command"": ""b2 --j 6 test"", ""directory"": "".../boost/libs/beast""}"
12938,1767447521,1767447521,1767447522,"{""inverter"": 1, ""source"": ""workstation2_log"", ""device"": ""workstation2"", ""task_type"": ""compilation, CPU load"", ""cpu_cores_active"": ""8"", ""library"": ""boost/logic"", ""task_files"": 13, ""llm_estimated_task_effort"": ""low"", ""textual_description"": ""The testsuite for boost/logic is being compiled and run."", ""command"": ""b2 --j 8 test"", ""directory"": "".../boost/libs/logic""}"
12666,1767447634,1767447634,1767448787,"{""inverter"": 1, ""source"": ""workstation2_log"", ""device"": ""workstation2"", ""task_type"": ""CNN fitting, GPU load"", ""model"": ""swin_v2_s"", ""optim"": ""sgd"", ""dataset"": ""CIFAR10"", ""batch_size"": 128, ""epochs"": 2, ""model_params"": 49737442, ""llm_estimated_task_effort"": ""high"", ""textual_description"": ""The model swin_v2_s is fitted on CIFAR10 using sgd for 2 epochs with bs=128.""}"
12939,1767447687,1767447687,1767447687,"{""inverter"": 1, ""source"": ""workstation2_log"", ""device"": ""workstation2"", ""task_type"": ""compilation, CPU load"", ""cpu_cores_active"": ""5"", ""library"": ""boost/msm"", ""task_files"": 57, ""llm_estimated_task_effort"": ""high"", ""textual_description"": ""The testsuite for boost/msm is being compiled and run."", ""command"": ""b2 --j 5 test"", ""directory"": "".../boost/libs/msm""}"
12940,1767447804,1767447804,1767447805,"{""inverter"": 1, ""source"": ""workstation2_log"", ""device"": ""workstation2"", ""task_type"": ""compilation, CPU load"", ""cpu_cores_active"": ""8"", ""library"": ""boost/graph_parallel"", ""task_files"": 30, ""llm_estimated_task_effort"": ""high"", ""textual_description"": ""The testsuite for boost/graph_parallel is being compiled and run."", ""command"": ""b2 --j 8 test"", ""directory"": "".../boost/libs/graph_parallel""}"
12941,1767447822,1767447822,1767447900,"{""inverter"": 1, ""source"": ""workstation1_log"", ""device"": ""workstation1"", ""task_type"": ""compilation, CPU load"", ""cpu_cores_active"": ""3"", ""library"": ""boost/integer"", ""task_files"": 27, ""llm_estimated_task_effort"": ""low"", ""textual_description"": ""The testsuite for boost/integer is being compiled and run."", ""command"": ""b2 --j 3 test"", ""directory"": "".../boost/libs/integer""}"
12942,1767448086,1767448086,1767448087,"{""inverter"": 1, ""source"": ""workstation2_log"", ""device"": ""workstation2"", ""task_type"": ""compilation, CPU load"", ""cpu_cores_active"": ""3"", ""library"": ""boost/random"", ""task_files"": 141, ""llm_estimated_task_effort"": ""low"", ""textual_description"": ""The testsuite for boost/random is being compiled and run."", ""command"": ""b2 --j 3 test"", ""directory"": "".../boost/libs/random""}"
12943,1767448247,1767448247,1767448248,"{""inverter"": 1, ""source"": ""workstation2_log"", ""device"": ""workstation2"", ""task_type"": ""compilation, CPU load"", ""cpu_cores_active"": ""9"", ""library"": ""boost/assign"", ""task_files"": 18, ""llm_estimated_task_effort"": ""low"", ""textual_description"": ""The testsuite for boost/assign is being compiled and run."", ""command"": ""b2 --j 9 test"", ""directory"": "".../boost/libs/assign""}"
12944,1767448737,1767448737,1767448837,"{""inverter"": 1, ""source"": ""workstation1_log"", ""device"": ""workstation1"", ""task_type"": ""compilation, CPU load"", ""cpu_cores_active"": ""7"", ""library"": ""boost/hash2"", ""task_files"": 125, ""llm_estimated_task_effort"": ""low"", ""textual_description"": ""The testsuite for boost/hash2 is being compiled and run."", ""command"": ""b2 --j 7 test"", ""directory"": "".../boost/libs/hash2""}"
12945,1767448962,1767448962,1767448963,"{""inverter"": 1, ""source"": ""workstation2_log"", ""device"": ""workstation2"", ""task_type"": ""compilation, CPU load"", ""cpu_cores_active"": ""2"", ""library"": ""boost/property_map"", ""task_files"": 9, ""llm_estimated_task_effort"": ""low"", ""textual_description"": ""The testsuite for boost/property_map is being compiled and run."", ""command"": ""b2 --j 2 test"", ""directory"": "".../boost/libs/property_map""}"
12667,1767449017,1767449017,1767449353,"{""inverter"": 1, ""source"": ""workstation2_log"", ""device"": ""workstation2"", ""task_type"": ""CNN fitting, GPU load"", ""model"": ""vgg13"", ""optim"": ""adam"", ""dataset"": ""CIFAR10"", ""batch_size"": 128, ""epochs"": 2, ""model_params"": 133047848, ""llm_estimated_task_effort"": ""medium"", ""textual_description"": ""The model vgg13 is fitted on CIFAR10 using adam for 2 epochs with bs=128.""}"
12946,1767449020,1767449020,1767449097,"{""inverter"": 1, ""source"": ""workstation1_log"", ""device"": ""workstation1"", ""task_type"": ""compilation, CPU load"", ""cpu_cores_active"": ""5"", ""library"": ""boost/bloom"", ""task_files"": 14, ""llm_estimated_task_effort"": ""low"", ""textual_description"": ""The testsuite for boost/bloom is being compiled and run."", ""command"": ""b2 --j 5 test"", ""directory"": "".../boost/libs/bloom""}"
12947,1767449085,1767449085,1767449086,"{""inverter"": 1, ""source"": ""workstation2_log"", ""device"": ""workstation2"", ""task_type"": ""compilation, CPU load"", ""cpu_cores_active"": ""3"", ""library"": ""boost/serialization"", ""task_files"": 150, ""llm_estimated_task_effort"": ""high"", ""textual_description"": ""The testsuite for boost/serialization is being compiled and run."", ""command"": ""b2 --j 3 test"", ""directory"": "".../boost/libs/serialization""}"
12948,1767449549,1767449549,1767449617,"{""inverter"": 1, ""source"": ""workstation1_log"", ""device"": ""workstation1"", ""task_type"": ""compilation, CPU load"", ""cpu_cores_active"": ""8"", ""library"": ""boost/graph_parallel"", ""task_files"": 30, ""llm_estimated_task_effort"": ""high"", ""textual_description"": ""The testsuite for boost/graph_parallel is being compiled and run."", ""command"": ""b2 --j 8 test"", ""directory"": "".../boost/libs/graph_parallel""}"
12668,1767449555,1767449555,1767449893,"{""inverter"": 1, ""source"": ""workstation2_log"", ""device"": ""workstation2"", ""task_type"": ""CNN fitting, GPU load"", ""model"": ""vgg13"", ""optim"": ""adam"", ""dataset"": ""CIFAR10"", ""batch_size"": 128, ""epochs"": 2, ""model_params"": 133047848, ""llm_estimated_task_effort"": ""medium"", ""textual_description"": ""The model vgg13 is fitted on CIFAR10 using adam for 2 epochs with bs=128.""}"
12949,1767450111,1767450111,1767450111,"{""inverter"": 1, ""source"": ""workstation2_log"", ""device"": ""workstation2"", ""task_type"": ""compilation, CPU load"", ""cpu_cores_active"": ""9"", ""library"": ""boost/endian"", ""task_files"": 61, ""llm_estimated_task_effort"": ""low"", ""textual_description"": ""The testsuite for boost/endian is being compiled and run."", ""command"": ""b2 --j 9 test"", ""directory"": "".../boost/libs/endian""}"
12669,1767450135,1767450135,1767450639,"{""inverter"": 1, ""source"": ""workstation2_log"", ""device"": ""workstation2"", ""task_type"": ""CNN fitting, GPU load"", ""model"": ""wide_resnet50_2"", ""optim"": ""adam"", ""dataset"": ""CIFAR10"", ""batch_size"": 128, ""epochs"": 2, ""model_params"": 68883240, ""llm_estimated_task_effort"": ""high"", ""textual_description"": ""The model wide_resnet50_2 is fitted on CIFAR10 using adam for 2 epochs with bs=128.""}"
12950,1767450252,1767450252,1767450414,"{""inverter"": 1, ""source"": ""workstation1_log"", ""device"": ""workstation1"", ""task_type"": ""compilation, CPU load"", ""cpu_cores_active"": ""5"", ""library"": ""boost/contract"", ""task_files"": 268, ""llm_estimated_task_effort"": ""medium"", ""textual_description"": ""The testsuite for boost/contract is being compiled and run."", ""command"": ""b2 --j 5 test"", ""directory"": "".../boost/libs/contract""}"
12951,1767450325,1767450325,1767450325,"{""inverter"": 1, ""source"": ""workstation2_log"", ""device"": ""workstation2"", ""task_type"": ""compilation, CPU load"", ""cpu_cores_active"": ""4"", ""library"": ""boost/bind"", ""task_files"": 81, ""llm_estimated_task_effort"": ""low"", ""textual_description"": ""The testsuite for boost/bind is being compiled and run."", ""command"": ""b2 --j 4 test"", ""directory"": "".../boost/libs/bind""}"
12952,1767450494,1767450494,1767450565,"{""inverter"": 1, ""source"": ""workstation1_log"", ""device"": ""workstation1"", ""task_type"": ""compilation, CPU load"", ""cpu_cores_active"": ""5"", ""library"": ""boost/graph"", ""task_files"": 1290, ""llm_estimated_task_effort"": ""high"", ""textual_description"": ""The testsuite for boost/graph is being compiled and run."", ""command"": ""b2 --j 5 test"", ""directory"": "".../boost/libs/graph""}"
12670,1767450874,1767450874,1767451225,"{""inverter"": 1, ""source"": ""workstation2_log"", ""device"": ""workstation2"", ""task_type"": ""CNN fitting, GPU load"", ""model"": ""vgg19"", ""optim"": ""adam"", ""dataset"": ""CIFAR10"", ""batch_size"": 128, ""epochs"": 2, ""model_params"": 143667240, ""llm_estimated_task_effort"": ""medium"", ""textual_description"": ""The model vgg19 is fitted on CIFAR10 using adam for 2 epochs with bs=128.""}"
12953,1767450878,1767450878,1767451017,"{""inverter"": 1, ""source"": ""workstation1_log"", ""device"": ""workstation1"", ""task_type"": ""compilation, CPU load"", ""cpu_cores_active"": ""2"", ""library"": ""boost/chrono"", ""task_files"": 67, ""llm_estimated_task_effort"": ""low"", ""textual_description"": ""The testsuite for boost/chrono is being compiled and run."", ""command"": ""b2 --j 2 test"", ""directory"": "".../boost/libs/chrono""}"
12954,1767451044,1767451044,1767451115,"{""inverter"": 1, ""source"": ""workstation1_log"", ""device"": ""workstation1"", ""task_type"": ""compilation, CPU load"", ""cpu_cores_active"": ""3"", ""library"": ""boost/static_assert"", ""task_files"": 17, ""llm_estimated_task_effort"": ""low"", ""textual_description"": ""The testsuite for boost/static_assert is being compiled and run."", ""command"": ""b2 --j 3 test"", ""directory"": "".../boost/libs/static_assert""}"
12955,1767451271,1767451271,1767451341,"{""inverter"": 1, ""source"": ""workstation1_log"", ""device"": ""workstation1"", ""task_type"": ""compilation, CPU load"", ""cpu_cores_active"": ""5"", ""library"": ""boost/scope"", ""task_files"": 27, ""llm_estimated_task_effort"": ""low"", ""textual_description"": ""The testsuite for boost/scope is being compiled and run."", ""command"": ""b2 --j 5 test"", ""directory"": "".../boost/libs/scope""}"
12956,1767451623,1767451623,1767451718,"{""inverter"": 1, ""source"": ""workstation1_log"", ""device"": ""workstation1"", ""task_type"": ""compilation, CPU load"", ""cpu_cores_active"": ""10"", ""library"": ""boost/xpressive"", ""task_files"": 70, ""llm_estimated_task_effort"": ""high"", ""textual_description"": ""The testsuite for boost/xpressive is being compiled and run."", ""command"": ""b2 --j 10 test"", ""directory"": "".../boost/libs/xpressive""}"
12671,1767451757,1767451757,1767452097,"{""inverter"": 1, ""source"": ""workstation2_log"", ""device"": ""workstation2"", ""task_type"": ""CNN fitting, GPU load"", ""model"": ""vgg13"", ""optim"": ""adam"", ""dataset"": ""CIFAR10"", ""batch_size"": 128, ""epochs"": 2, ""model_params"": 133047848, ""llm_estimated_task_effort"": ""medium"", ""textual_description"": ""The model vgg13 is fitted on CIFAR10 using adam for 2 epochs with bs=128.""}"
12957,1767451854,1767451854,1767451991,"{""inverter"": 1, ""source"": ""workstation1_log"", ""device"": ""workstation1"", ""task_type"": ""compilation, CPU load"", ""cpu_cores_active"": ""5"", ""library"": ""boost/poly_collection"", ""task_files"": 46, ""llm_estimated_task_effort"": ""low"", ""textual_description"": ""The testsuite for boost/poly_collection is being compiled and run."", ""command"": ""b2 --j 5 test"", ""directory"": "".../boost/libs/poly_collection""}"
12958,1767451883,1767451883,1767451885,"{""inverter"": 1, ""source"": ""workstation2_log"", ""device"": ""workstation2"", ""task_type"": ""compilation, CPU load"", ""cpu_cores_active"": ""7"", ""library"": ""boost/throw_exception"", ""task_files"": 36, ""llm_estimated_task_effort"": ""low"", ""textual_description"": ""The testsuite for boost/throw_exception is being compiled and run."", ""command"": ""b2 --j 7 test"", ""directory"": "".../boost/libs/throw_exception""}"
12959,1767452104,1767452104,1767452105,"{""inverter"": 1, ""source"": ""workstation2_log"", ""device"": ""workstation2"", ""task_type"": ""compilation, CPU load"", ""cpu_cores_active"": ""8"", ""library"": ""boost/mpl"", ""task_files"": 109, ""llm_estimated_task_effort"": ""low"", ""textual_description"": ""The testsuite for boost/mpl is being compiled and run."", ""command"": ""b2 --j 8 test"", ""directory"": "".../boost/libs/mpl""}"
12672,1767452392,1767452392,1767452734,"{""inverter"": 1, ""source"": ""workstation2_log"", ""device"": ""workstation2"", ""task_type"": ""CNN fitting, GPU load"", ""model"": ""resnet18"", ""optim"": ""sgd"", ""dataset"": ""CIFAR10"", ""batch_size"": 128, ""epochs"": 2, ""model_params"": 11689512, ""llm_estimated_task_effort"": ""low"", ""textual_description"": ""The model resnet18 is fitted on CIFAR10 using sgd for 2 epochs with bs=128.""}"
12960,1767452663,1767452663,1767452786,"{""inverter"": 1, ""source"": ""workstation1_log"", ""device"": ""workstation1"", ""task_type"": ""compilation, CPU load"", ""cpu_cores_active"": ""8"", ""library"": ""boost/contract"", ""task_files"": 268, ""llm_estimated_task_effort"": ""medium"", ""textual_description"": ""The testsuite for boost/contract is being compiled and run."", ""command"": ""b2 --j 8 test"", ""directory"": "".../boost/libs/contract""}"
12961,1767452676,1767452676,1767452677,"{""inverter"": 1, ""source"": ""workstation2_log"", ""device"": ""workstation2"", ""task_type"": ""compilation, CPU load"", ""cpu_cores_active"": ""9"", ""library"": ""boost/describe"", ""task_files"": 53, ""llm_estimated_task_effort"": ""low"", ""textual_description"": ""The testsuite for boost/describe is being compiled and run."", ""command"": ""b2 --j 9 test"", ""directory"": "".../boost/libs/describe""}"
12962,1767452696,1767452696,1767452696,"{""inverter"": 1, ""source"": ""workstation2_log"", ""device"": ""workstation2"", ""task_type"": ""compilation, CPU load"", ""cpu_cores_active"": ""4"", ""library"": ""boost/flyweight"", ""task_files"": 40, ""llm_estimated_task_effort"": ""low"", ""textual_description"": ""The testsuite for boost/flyweight is being compiled and run."", ""command"": ""b2 --j 4 test"", ""directory"": "".../boost/libs/flyweight""}"
12963,1767452834,1767452834,1767452836,"{""inverter"": 1, ""source"": ""workstation2_log"", ""device"": ""workstation2"", ""task_type"": ""compilation, CPU load"", ""cpu_cores_active"": ""6"", ""library"": ""boost/multi_index"", ""task_files"": 92, ""llm_estimated_task_effort"": ""low"", ""textual_description"": ""The testsuite for boost/multi_index is being compiled and run."", ""command"": ""b2 --j 6 test"", ""directory"": "".../boost/libs/multi_index""}"
12964,1767452867,1767452867,1767452867,"{""inverter"": 1, ""source"": ""workstation2_log"", ""device"": ""workstation2"", ""task_type"": ""compilation, CPU load"", ""cpu_cores_active"": ""5"", ""library"": ""boost/describe"", ""task_files"": 53, ""llm_estimated_task_effort"": ""low"", ""textual_description"": ""The testsuite for boost/describe is being compiled and run."", ""command"": ""b2 --j 5 test"", ""directory"": "".../boost/libs/describe""}"
12965,1767453053,1767453053,1767453123,"{""inverter"": 1, ""source"": ""workstation1_log"", ""device"": ""workstation1"", ""task_type"": ""compilation, CPU load"", ""cpu_cores_active"": ""4"", ""library"": ""boost/io"", ""task_files"": 9, ""llm_estimated_task_effort"": ""low"", ""textual_description"": ""The testsuite for boost/io is being compiled and run."", ""command"": ""b2 --j 4 test"", ""directory"": "".../boost/libs/io""}"
12673,1767453078,1767453078,1767453416,"{""inverter"": 1, ""source"": ""workstation2_log"", ""device"": ""workstation2"", ""task_type"": ""CNN fitting, GPU load"", ""model"": ""vgg11"", ""optim"": ""adam"", ""dataset"": ""CIFAR10"", ""batch_size"": 128, ""epochs"": 2, ""model_params"": 132863336, ""llm_estimated_task_effort"": ""low"", ""textual_description"": ""The model vgg11 is fitted on CIFAR10 using adam for 2 epochs with bs=128.""}"
12966,1767453294,1767453294,1767453295,"{""inverter"": 1, ""source"": ""workstation2_log"", ""device"": ""workstation2"", ""task_type"": ""compilation, CPU load"", ""cpu_cores_active"": ""3"", ""library"": ""boost/compute"", ""task_files"": 168, ""llm_estimated_task_effort"": ""high"", ""textual_description"": ""The testsuite for boost/compute is being compiled and run."", ""command"": ""b2 --j 3 test"", ""directory"": "".../boost/libs/compute""}"
12967,1767453460,1767453460,1767453591,"{""inverter"": 1, ""source"": ""workstation1_log"", ""device"": ""workstation1"", ""task_type"": ""compilation, CPU load"", ""cpu_cores_active"": ""1"", ""library"": ""boost/assign"", ""task_files"": 18, ""llm_estimated_task_effort"": ""low"", ""textual_description"": ""The testsuite for boost/assign is being compiled and run."", ""command"": ""b2 --j 1 test"", ""directory"": "".../boost/libs/assign""}"
12968,1767454182,1767454182,1767454363,"{""inverter"": 1, ""source"": ""workstation1_log"", ""device"": ""workstation1"", ""task_type"": ""compilation, CPU load"", ""cpu_cores_active"": ""4"", ""library"": ""boost/range"", ""task_files"": 205, ""llm_estimated_task_effort"": ""low"", ""textual_description"": ""The testsuite for boost/range is being compiled and run."", ""command"": ""b2 --j 4 test"", ""directory"": "".../boost/libs/range""}"
12969,1767454346,1767454346,1767454348,"{""inverter"": 1, ""source"": ""workstation2_log"", ""device"": ""workstation2"", ""task_type"": ""compilation, CPU load"", ""cpu_cores_active"": ""3"", ""library"": ""boost/multiprecision"", ""task_files"": 471, ""llm_estimated_task_effort"": ""high"", ""textual_description"": ""The testsuite for boost/multiprecision is being compiled and run."", ""command"": ""b2 --j 3 test"", ""directory"": "".../boost/libs/multiprecision""}"
12970,1767454445,1767454445,1767454523,"{""inverter"": 1, ""source"": ""workstation1_log"", ""device"": ""workstation1"", ""task_type"": ""compilation, CPU load"", ""cpu_cores_active"": ""3"", ""library"": ""boost/bloom"", ""task_files"": 14, ""llm_estimated_task_effort"": ""low"", ""textual_description"": ""The testsuite for boost/bloom is being compiled and run."", ""command"": ""b2 --j 3 test"", ""directory"": "".../boost/libs/bloom""}"
12971,1767454897,1767454897,1767454978,"{""inverter"": 1, ""source"": ""workstation1_log"", ""device"": ""workstation1"", ""task_type"": ""compilation, CPU load"", ""cpu_cores_active"": ""9"", ""library"": ""boost/pool"", ""task_files"": 22, ""llm_estimated_task_effort"": ""low"", ""textual_description"": ""The testsuite for boost/pool is being compiled and run."", ""command"": ""b2 --j 9 test"", ""directory"": "".../boost/libs/pool""}"
12674,1767454906,1767454906,1767455641,"{""inverter"": 1, ""source"": ""workstation2_log"", ""device"": ""workstation2"", ""task_type"": ""CNN fitting, GPU load"", ""model"": ""densenet121"", ""optim"": ""sgd"", ""dataset"": ""CIFAR10"", ""batch_size"": 128, ""epochs"": 2, ""model_params"": 7978856, ""llm_estimated_task_effort"": ""medium"", ""textual_description"": ""The model densenet121 is fitted on CIFAR10 using sgd for 2 epochs with bs=128.""}"
12972,1767454946,1767454946,1767454946,"{""inverter"": 1, ""source"": ""workstation2_log"", ""device"": ""workstation2"", ""task_type"": ""compilation, CPU load"", ""cpu_cores_active"": ""4"", ""library"": ""boost/callable_traits"", ""task_files"": 52, ""llm_estimated_task_effort"": ""low"", ""textual_description"": ""The testsuite for boost/callable_traits is being compiled and run."", ""command"": ""b2 --j 4 test"", ""directory"": "".../boost/libs/callable_traits""}"
12973,1767454982,1767454982,1767455599,"{""inverter"": 1, ""source"": ""workstation1_log"", ""device"": ""workstation1"", ""task_type"": ""compilation, CPU load"", ""cpu_cores_active"": ""2"", ""library"": ""boost/spirit"", ""task_files"": 331, ""llm_estimated_task_effort"": ""high"", ""textual_description"": ""The testsuite for boost/spirit is being compiled and run."", ""command"": ""b2 --j 2 test"", ""directory"": "".../boost/libs/spirit""}"
12974,1767455098,1767455098,1767455098,"{""inverter"": 1, ""source"": ""workstation2_log"", ""device"": ""workstation2"", ""task_type"": ""compilation, CPU load"", ""cpu_cores_active"": ""9"", ""library"": ""boost/msm"", ""task_files"": 57, ""llm_estimated_task_effort"": ""high"", ""textual_description"": ""The testsuite for boost/msm is being compiled and run."", ""command"": ""b2 --j 9 test"", ""directory"": "".../boost/libs/msm""}"
12975,1767455499,1767455499,1767455500,"{""inverter"": 1, ""source"": ""workstation2_log"", ""device"": ""workstation2"", ""task_type"": ""compilation, CPU load"", ""cpu_cores_active"": ""8"", ""library"": ""boost/hof"", ""task_files"": 63, ""llm_estimated_task_effort"": ""low"", ""textual_description"": ""The testsuite for boost/hof is being compiled and run."", ""command"": ""b2 --j 8 test"", ""directory"": "".../boost/libs/hof""}"
12976,1767455502,1767455502,1767455503,"{""inverter"": 1, ""source"": ""workstation2_log"", ""device"": ""workstation2"", ""task_type"": ""compilation, CPU load"", ""cpu_cores_active"": ""6"", ""library"": ""boost/hash2"", ""task_files"": 125, ""llm_estimated_task_effort"": ""low"", ""textual_description"": ""The testsuite for boost/hash2 is being compiled and run."", ""command"": ""b2 --j 6 test"", ""directory"": "".../boost/libs/hash2""}"
12675,1767455920,1767455920,1767457163,"{""inverter"": 1, ""source"": ""workstation2_log"", ""device"": ""workstation2"", ""task_type"": ""CNN fitting, GPU load"", ""model"": ""swin_v2_s"", ""optim"": ""adam"", ""dataset"": ""CIFAR10"", ""batch_size"": 128, ""epochs"": 2, ""model_params"": 49737442, ""llm_estimated_task_effort"": ""high"", ""textual_description"": ""The model swin_v2_s is fitted on CIFAR10 using adam for 2 epochs with bs=128.""}"
12977,1756616221,1767456000,1768579199,"{ ""source"": ""manual entry"",""textual_description"": ""Add/Drop (2nd term)""}"
13047,1767456144,1767456144,1767456145,"{""inverter"": 1, ""source"": ""workstation2_log"", ""device"": ""workstation2"", ""task_type"": ""compilation, CPU load"", ""cpu_cores_active"": ""4"", ""library"": ""boost/interprocess"", ""task_files"": 122, ""llm_estimated_task_effort"": ""high"", ""textual_description"": ""The testsuite for boost/interprocess is being compiled and run."", ""command"": ""b2 --j 4 test"", ""directory"": "".../boost/libs/interprocess""}"
13048,1767456321,1767456321,1767456396,"{""inverter"": 1, ""source"": ""workstation1_log"", ""device"": ""workstation1"", ""task_type"": ""compilation, CPU load"", ""cpu_cores_active"": ""5"", ""library"": ""boost/scope"", ""task_files"": 27, ""llm_estimated_task_effort"": ""low"", ""textual_description"": ""The testsuite for boost/scope is being compiled and run."", ""command"": ""b2 --j 5 test"", ""directory"": "".../boost/libs/scope""}"
13049,1767456496,1767456496,1767456497,"{""inverter"": 1, ""source"": ""workstation2_log"", ""device"": ""workstation2"", ""task_type"": ""compilation, CPU load"", ""cpu_cores_active"": ""2"", ""library"": ""boost/json"", ""task_files"": 417, ""llm_estimated_task_effort"": ""high"", ""textual_description"": ""The testsuite for boost/json is being compiled and run."", ""command"": ""b2 --j 2 test"", ""directory"": "".../boost/libs/json""}"
13050,1767456566,1767456566,1767456567,"{""inverter"": 1, ""source"": ""workstation2_log"", ""device"": ""workstation2"", ""task_type"": ""compilation, CPU load"", ""cpu_cores_active"": ""8"", ""library"": ""boost/charconv"", ""task_files"": 44, ""llm_estimated_task_effort"": ""low"", ""textual_description"": ""The testsuite for boost/charconv is being compiled and run."", ""command"": ""b2 --j 8 test"", ""directory"": "".../boost/libs/charconv""}"
13051,1767456869,1767456869,1767456870,"{""inverter"": 1, ""source"": ""workstation2_log"", ""device"": ""workstation2"", ""task_type"": ""compilation, CPU load"", ""cpu_cores_active"": ""8"", ""library"": ""boost/parameter_python"", ""task_files"": 3, ""llm_estimated_task_effort"": ""low"", ""textual_description"": ""The testsuite for boost/parameter_python is being compiled and run."", ""command"": ""b2 --j 8 test"", ""directory"": "".../boost/libs/parameter_python""}"
13052,1767456924,1767456924,1767457048,"{""inverter"": 1, ""source"": ""workstation1_log"", ""device"": ""workstation1"", ""task_type"": ""compilation, CPU load"", ""cpu_cores_active"": ""7"", ""library"": ""boost/sort"", ""task_files"": 17, ""llm_estimated_task_effort"": ""low"", ""textual_description"": ""The testsuite for boost/sort is being compiled and run."", ""command"": ""b2 --j 7 test"", ""directory"": "".../boost/libs/sort""}"
13053,1767456957,1767456957,1767456957,"{""inverter"": 1, ""source"": ""workstation2_log"", ""device"": ""workstation2"", ""task_type"": ""compilation, CPU load"", ""cpu_cores_active"": ""2"", ""library"": ""boost/signals2"", ""task_files"": 23, ""llm_estimated_task_effort"": ""low"", ""textual_description"": ""The testsuite for boost/signals2 is being compiled and run."", ""command"": ""b2 --j 2 test"", ""directory"": "".../boost/libs/signals2""}"
13054,1767456980,1767456980,1767456981,"{""inverter"": 1, ""source"": ""workstation2_log"", ""device"": ""workstation2"", ""task_type"": ""compilation, CPU load"", ""cpu_cores_active"": ""4"", ""library"": ""boost/metaparse"", ""task_files"": 113, ""llm_estimated_task_effort"": ""medium"", ""textual_description"": ""The testsuite for boost/metaparse is being compiled and run."", ""command"": ""b2 --j 4 test"", ""directory"": "".../boost/libs/metaparse""}"
13055,1767457071,1767457071,1767457185,"{""inverter"": 1, ""source"": ""workstation1_log"", ""device"": ""workstation1"", ""task_type"": ""compilation, CPU load"", ""cpu_cores_active"": ""5"", ""library"": ""boost/wave"", ""task_files"": 287, ""llm_estimated_task_effort"": ""high"", ""textual_description"": ""The testsuite for boost/wave is being compiled and run."", ""command"": ""b2 --j 5 test"", ""directory"": "".../boost/libs/wave""}"
13056,1767457100,1767457100,1767457101,"{""inverter"": 1, ""source"": ""workstation2_log"", ""device"": ""workstation2"", ""task_type"": ""compilation, CPU load"", ""cpu_cores_active"": ""4"", ""library"": ""boost/stl_interfaces"", ""task_files"": 18, ""llm_estimated_task_effort"": ""low"", ""textual_description"": ""The testsuite for boost/stl_interfaces is being compiled and run."", ""command"": ""b2 --j 4 test"", ""directory"": "".../boost/libs/stl_interfaces""}"
13057,1767457222,1767457222,1767457223,"{""inverter"": 1, ""source"": ""workstation2_log"", ""device"": ""workstation2"", ""task_type"": ""compilation, CPU load"", ""cpu_cores_active"": ""2"", ""library"": ""boost/regex"", ""task_files"": 106, ""llm_estimated_task_effort"": ""high"", ""textual_description"": ""The testsuite for boost/regex is being compiled and run."", ""command"": ""b2 --j 2 test"", ""directory"": "".../boost/libs/regex""}"
13058,1767457244,1767457244,1767457245,"{""inverter"": 1, ""source"": ""workstation2_log"", ""device"": ""workstation2"", ""task_type"": ""compilation, CPU load"", ""cpu_cores_active"": ""2"", ""library"": ""boost/describe"", ""task_files"": 53, ""llm_estimated_task_effort"": ""low"", ""textual_description"": ""The testsuite for boost/describe is being compiled and run."", ""command"": ""b2 --j 2 test"", ""directory"": "".../boost/libs/describe""}"
13059,1767457818,1767457818,1767457891,"{""inverter"": 1, ""source"": ""workstation1_log"", ""device"": ""workstation1"", ""task_type"": ""compilation, CPU load"", ""cpu_cores_active"": ""2"", ""library"": ""boost/static_assert"", ""task_files"": 17, ""llm_estimated_task_effort"": ""low"", ""textual_description"": ""The testsuite for boost/static_assert is being compiled and run."", ""command"": ""b2 --j 2 test"", ""directory"": "".../boost/libs/static_assert""}"
13060,1767457876,1767457876,1767457876,"{""inverter"": 1, ""source"": ""workstation2_log"", ""device"": ""workstation2"", ""task_type"": ""compilation, CPU load"", ""cpu_cores_active"": ""4"", ""library"": ""boost/dynamic_bitset"", ""task_files"": 13, ""llm_estimated_task_effort"": ""low"", ""textual_description"": ""The testsuite for boost/dynamic_bitset is being compiled and run."", ""command"": ""b2 --j 4 test"", ""directory"": "".../boost/libs/dynamic_bitset""}"
13061,1767458248,1767458248,1767458319,"{""inverter"": 1, ""source"": ""workstation1_log"", ""device"": ""workstation1"", ""task_type"": ""compilation, CPU load"", ""cpu_cores_active"": ""5"", ""library"": ""boost/lambda2"", ""task_files"": 16, ""llm_estimated_task_effort"": ""low"", ""textual_description"": ""The testsuite for boost/lambda2 is being compiled and run."", ""command"": ""b2 --j 5 test"", ""directory"": "".../boost/libs/lambda2""}"
13062,1767458271,1767458271,1767458272,"{""inverter"": 1, ""source"": ""workstation2_log"", ""device"": ""workstation2"", ""task_type"": ""compilation, CPU load"", ""cpu_cores_active"": ""4"", ""library"": ""boost/io"", ""task_files"": 9, ""llm_estimated_task_effort"": ""low"", ""textual_description"": ""The testsuite for boost/io is being compiled and run."", ""command"": ""b2 --j 4 test"", ""directory"": "".../boost/libs/io""}"
13063,1767458304,1767458304,1767458305,"{""inverter"": 1, ""source"": ""workstation2_log"", ""device"": ""workstation2"", ""task_type"": ""compilation, CPU load"", ""cpu_cores_active"": ""5"", ""library"": ""boost/type_traits"", ""task_files"": 229, ""llm_estimated_task_effort"": ""low"", ""textual_description"": ""The testsuite for boost/type_traits is being compiled and run."", ""command"": ""b2 --j 5 test"", ""directory"": "".../boost/libs/type_traits""}"
13064,1767458415,1767458415,1767458486,"{""inverter"": 1, ""source"": ""workstation1_log"", ""device"": ""workstation1"", ""task_type"": ""compilation, CPU load"", ""cpu_cores_active"": ""5"", ""library"": ""boost/property_map"", ""task_files"": 9, ""llm_estimated_task_effort"": ""low"", ""textual_description"": ""The testsuite for boost/property_map is being compiled and run."", ""command"": ""b2 --j 5 test"", ""directory"": "".../boost/libs/property_map""}"
13065,1767458525,1767458525,1767458588,"{""inverter"": 1, ""source"": ""workstation1_log"", ""device"": ""workstation1"", ""task_type"": ""compilation, CPU load"", ""cpu_cores_active"": ""10"", ""library"": ""boost/headers"", ""task_files"": 0, ""llm_estimated_task_effort"": ""low"", ""textual_description"": ""The testsuite for boost/headers is being compiled and run."", ""command"": ""b2 --j 10 test"", ""directory"": "".../boost/libs/headers""}"
12978,1767458732,1767458732,1767459070,"{""inverter"": 1, ""source"": ""workstation2_log"", ""device"": ""workstation2"", ""task_type"": ""CNN fitting, GPU load"", ""model"": ""vgg13"", ""optim"": ""adam"", ""dataset"": ""CIFAR10"", ""batch_size"": 128, ""epochs"": 2, ""model_params"": 133047848, ""llm_estimated_task_effort"": ""medium"", ""textual_description"": ""The model vgg13 is fitted on CIFAR10 using adam for 2 epochs with bs=128.""}"
13066,1767458785,1767458785,1767458786,"{""inverter"": 1, ""source"": ""workstation2_log"", ""device"": ""workstation2"", ""task_type"": ""compilation, CPU load"", ""cpu_cores_active"": ""4"", ""library"": ""boost/utility"", ""task_files"": 30, ""llm_estimated_task_effort"": ""low"", ""textual_description"": ""The testsuite for boost/utility is being compiled and run."", ""command"": ""b2 --j 4 test"", ""directory"": "".../boost/libs/utility""}"
13067,1767458839,1767458839,1767458960,"{""inverter"": 1, ""source"": ""workstation1_log"", ""device"": ""workstation1"", ""task_type"": ""compilation, CPU load"", ""cpu_cores_active"": ""4"", ""library"": ""boost/stacktrace"", ""task_files"": 18, ""llm_estimated_task_effort"": ""medium"", ""textual_description"": ""The testsuite for boost/stacktrace is being compiled and run."", ""command"": ""b2 --j 4 test"", ""directory"": "".../boost/libs/stacktrace""}"
13068,1767459255,1767459255,1767459395,"{""inverter"": 1, ""source"": ""workstation1_log"", ""device"": ""workstation1"", ""task_type"": ""compilation, CPU load"", ""cpu_cores_active"": ""4"", ""library"": ""boost/smart_ptr"", ""task_files"": 292, ""llm_estimated_task_effort"": ""low"", ""textual_description"": ""The testsuite for boost/smart_ptr is being compiled and run."", ""command"": ""b2 --j 4 test"", ""directory"": "".../boost/libs/smart_ptr""}"
12979,1767459285,1767459285,1767459659,"{""inverter"": 1, ""source"": ""workstation2_log"", ""device"": ""workstation2"", ""task_type"": ""CNN fitting, GPU load"", ""model"": ""resnet18"", ""optim"": ""adam"", ""dataset"": ""CIFAR10"", ""batch_size"": 128, ""epochs"": 2, ""model_params"": 11689512, ""llm_estimated_task_effort"": ""low"", ""textual_description"": ""The model resnet18 is fitted on CIFAR10 using adam for 2 epochs with bs=128.""}"
13069,1767459392,1767459392,1767459392,"{""inverter"": 1, ""source"": ""workstation2_log"", ""device"": ""workstation2"", ""task_type"": ""compilation, CPU load"", ""cpu_cores_active"": ""5"", ""library"": ""boost/lockfree"", ""task_files"": 24, ""llm_estimated_task_effort"": ""high"", ""textual_description"": ""The testsuite for boost/lockfree is being compiled and run."", ""command"": ""b2 --j 5 test"", ""directory"": "".../boost/libs/lockfree""}"
12980,1767459919,1767459919,1767460663,"{""inverter"": 1, ""source"": ""workstation2_log"", ""device"": ""workstation2"", ""task_type"": ""CNN fitting, GPU load"", ""model"": ""densenet121"", ""optim"": ""sgd"", ""dataset"": ""CIFAR10"", ""batch_size"": 128, ""epochs"": 2, ""model_params"": 7978856, ""llm_estimated_task_effort"": ""medium"", ""textual_description"": ""The model densenet121 is fitted on CIFAR10 using sgd for 2 epochs with bs=128.""}"
13070,1767459978,1767459978,1767460048,"{""inverter"": 1, ""source"": ""workstation1_log"", ""device"": ""workstation1"", ""task_type"": ""compilation, CPU load"", ""cpu_cores_active"": ""2"", ""library"": ""boost/winapi"", ""task_files"": 59, ""llm_estimated_task_effort"": ""low"", ""textual_description"": ""The testsuite for boost/winapi is being compiled and run."", ""command"": ""b2 --j 2 test"", ""directory"": "".../boost/libs/winapi""}"
13071,1767460105,1767460105,1767460192,"{""inverter"": 1, ""source"": ""workstation1_log"", ""device"": ""workstation1"", ""task_type"": ""compilation, CPU load"", ""cpu_cores_active"": ""4"", ""library"": ""boost/bind"", ""task_files"": 81, ""llm_estimated_task_effort"": ""low"", ""textual_description"": ""The testsuite for boost/bind is being compiled and run."", ""command"": ""b2 --j 4 test"", ""directory"": "".../boost/libs/bind""}"
13072,1767460418,1767460418,1767460502,"{""inverter"": 1, ""source"": ""workstation1_log"", ""device"": ""workstation1"", ""task_type"": ""compilation, CPU load"", ""cpu_cores_active"": ""8"", ""library"": ""boost/property_tree"", ""task_files"": 23, ""llm_estimated_task_effort"": ""low"", ""textual_description"": ""The testsuite for boost/property_tree is being compiled and run."", ""command"": ""b2 --j 8 test"", ""directory"": "".../boost/libs/property_tree""}"
13073,1767460829,1767460829,1767460830,"{""inverter"": 1, ""source"": ""workstation2_log"", ""device"": ""workstation2"", ""task_type"": ""compilation, CPU load"", ""cpu_cores_active"": ""2"", ""library"": ""boost/metaparse"", ""task_files"": 113, ""llm_estimated_task_effort"": ""medium"", ""textual_description"": ""The testsuite for boost/metaparse is being compiled and run."", ""command"": ""b2 --j 2 test"", ""directory"": "".../boost/libs/metaparse""}"
13074,1767461032,1767461032,1767461134,"{""inverter"": 1, ""source"": ""workstation1_log"", ""device"": ""workstation1"", ""task_type"": ""compilation, CPU load"", ""cpu_cores_active"": ""2"", ""library"": ""boost/exception"", ""task_files"": 59, ""llm_estimated_task_effort"": ""low"", ""textual_description"": ""The testsuite for boost/exception is being compiled and run."", ""command"": ""b2 --j 2 test"", ""directory"": "".../boost/libs/exception""}"
12981,1767461362,1767461362,1767462211,"{""inverter"": 1, ""source"": ""workstation2_log"", ""device"": ""workstation2"", ""task_type"": ""CNN fitting, GPU load"", ""model"": ""densenet121"", ""optim"": ""adam"", ""dataset"": ""CIFAR10"", ""batch_size"": 128, ""epochs"": 2, ""model_params"": 7978856, ""llm_estimated_task_effort"": ""medium"", ""textual_description"": ""The model densenet121 is fitted on CIFAR10 using adam for 2 epochs with bs=128.""}"
13075,1767461482,1767461482,1767461563,"{""inverter"": 1, ""source"": ""workstation1_log"", ""device"": ""workstation1"", ""task_type"": ""compilation, CPU load"", ""cpu_cores_active"": ""8"", ""library"": ""boost/describe"", ""task_files"": 53, ""llm_estimated_task_effort"": ""low"", ""textual_description"": ""The testsuite for boost/describe is being compiled and run."", ""command"": ""b2 --j 8 test"", ""directory"": "".../boost/libs/describe""}"
13076,1767461568,1767461568,1767461670,"{""inverter"": 1, ""source"": ""workstation1_log"", ""device"": ""workstation1"", ""task_type"": ""compilation, CPU load"", ""cpu_cores_active"": ""8"", ""library"": ""boost/url"", ""task_files"": 105, ""llm_estimated_task_effort"": ""low"", ""textual_description"": ""The testsuite for boost/url is being compiled and run."", ""command"": ""b2 --j 8 test"", ""directory"": "".../boost/libs/url""}"
13077,1767461850,1767461850,1767461851,"{""inverter"": 1, ""source"": ""workstation2_log"", ""device"": ""workstation2"", ""task_type"": ""compilation, CPU load"", ""cpu_cores_active"": ""1"", ""library"": ""boost/graph_parallel"", ""task_files"": 30, ""llm_estimated_task_effort"": ""high"", ""textual_description"": ""The testsuite for boost/graph_parallel is being compiled and run."", ""command"": ""b2 --j 1 test"", ""directory"": "".../boost/libs/graph_parallel""}"
13078,1767462006,1767462006,1767462007,"{""inverter"": 1, ""source"": ""workstation2_log"", ""device"": ""workstation2"", ""task_type"": ""compilation, CPU load"", ""cpu_cores_active"": ""5"", ""library"": ""boost/beast"", ""task_files"": 471, ""llm_estimated_task_effort"": ""high"", ""textual_description"": ""The testsuite for boost/beast is being compiled and run."", ""command"": ""b2 --j 5 test"", ""directory"": "".../boost/libs/beast""}"
13079,1767462207,1767462207,1767462207,"{""inverter"": 1, ""source"": ""workstation2_log"", ""device"": ""workstation2"", ""task_type"": ""compilation, CPU load"", ""cpu_cores_active"": ""3"", ""library"": ""boost/lockfree"", ""task_files"": 24, ""llm_estimated_task_effort"": ""high"", ""textual_description"": ""The testsuite for boost/lockfree is being compiled and run."", ""command"": ""b2 --j 3 test"", ""directory"": "".../boost/libs/lockfree""}"
12982,1767462426,1767462426,1767462775,"{""inverter"": 1, ""source"": ""workstation2_log"", ""device"": ""workstation2"", ""task_type"": ""CNN fitting, GPU load"", ""model"": ""vgg19"", ""optim"": ""adam"", ""dataset"": ""CIFAR10"", ""batch_size"": 128, ""epochs"": 2, ""model_params"": 143667240, ""llm_estimated_task_effort"": ""medium"", ""textual_description"": ""The model vgg19 is fitted on CIFAR10 using adam for 2 epochs with bs=128.""}"
13080,1767462509,1767462509,1767462509,"{""inverter"": 1, ""source"": ""workstation2_log"", ""device"": ""workstation2"", ""task_type"": ""compilation, CPU load"", ""cpu_cores_active"": ""9"", ""library"": ""boost/preprocessor"", ""task_files"": 73, ""llm_estimated_task_effort"": ""medium"", ""textual_description"": ""The testsuite for boost/preprocessor is being compiled and run."", ""command"": ""b2 --j 9 test"", ""directory"": "".../boost/libs/preprocessor""}"
13081,1767462684,1767462684,1767462774,"{""inverter"": 1, ""source"": ""workstation1_log"", ""device"": ""workstation1"", ""task_type"": ""compilation, CPU load"", ""cpu_cores_active"": ""9"", ""library"": ""boost/system"", ""task_files"": 126, ""llm_estimated_task_effort"": ""low"", ""textual_description"": ""The testsuite for boost/system is being compiled and run."", ""command"": ""b2 --j 9 test"", ""directory"": "".../boost/libs/system""}"
12983,1767462847,1767462847,1767463183,"{""inverter"": 1, ""source"": ""workstation2_log"", ""device"": ""workstation2"", ""task_type"": ""CNN fitting, GPU load"", ""model"": ""vgg19"", ""optim"": ""sgd"", ""dataset"": ""CIFAR10"", ""batch_size"": 128, ""epochs"": 2, ""model_params"": 143667240, ""llm_estimated_task_effort"": ""medium"", ""textual_description"": ""The model vgg19 is fitted on CIFAR10 using sgd for 2 epochs with bs=128.""}"
13082,1767463134,1767463134,1767463310,"{""inverter"": 1, ""source"": ""workstation1_log"", ""device"": ""workstation1"", ""task_type"": ""compilation, CPU load"", ""cpu_cores_active"": ""1"", ""library"": ""boost/container_hash"", ""task_files"": 90, ""llm_estimated_task_effort"": ""low"", ""textual_description"": ""The testsuite for boost/container_hash is being compiled and run."", ""command"": ""b2 --j 1 test"", ""directory"": "".../boost/libs/container_hash""}"
13083,1767463313,1767463313,1767463313,"{""inverter"": 1, ""source"": ""workstation2_log"", ""device"": ""workstation2"", ""task_type"": ""compilation, CPU load"", ""cpu_cores_active"": ""8"", ""library"": ""boost/mpi"", ""task_files"": 75, ""llm_estimated_task_effort"": ""high"", ""textual_description"": ""The testsuite for boost/mpi is being compiled and run."", ""command"": ""b2 --j 8 test"", ""directory"": "".../boost/libs/mpi""}"
13084,1767463400,1767463400,1767463472,"{""inverter"": 1, ""source"": ""workstation1_log"", ""device"": ""workstation1"", ""task_type"": ""compilation, CPU load"", ""cpu_cores_active"": ""2"", ""library"": ""boost/conversion"", ""task_files"": 8, ""llm_estimated_task_effort"": ""low"", ""textual_description"": ""The testsuite for boost/conversion is being compiled and run."", ""command"": ""b2 --j 2 test"", ""directory"": "".../boost/libs/conversion""}"
13085,1767463766,1767463766,1767463841,"{""inverter"": 1, ""source"": ""workstation1_log"", ""device"": ""workstation1"", ""task_type"": ""compilation, CPU load"", ""cpu_cores_active"": ""7"", ""library"": ""boost/exception"", ""task_files"": 59, ""llm_estimated_task_effort"": ""low"", ""textual_description"": ""The testsuite for boost/exception is being compiled and run."", ""command"": ""b2 --j 7 test"", ""directory"": "".../boost/libs/exception""}"
12984,1767463927,1767463927,1767464429,"{""inverter"": 1, ""source"": ""workstation2_log"", ""device"": ""workstation2"", ""task_type"": ""CNN fitting, GPU load"", ""model"": ""wide_resnet50_2"", ""optim"": ""adam"", ""dataset"": ""CIFAR10"", ""batch_size"": 128, ""epochs"": 2, ""model_params"": 68883240, ""llm_estimated_task_effort"": ""high"", ""textual_description"": ""The model wide_resnet50_2 is fitted on CIFAR10 using adam for 2 epochs with bs=128.""}"
13086,1767464485,1767464485,1767464587,"{""inverter"": 1, ""source"": ""workstation1_log"", ""device"": ""workstation1"", ""task_type"": ""compilation, CPU load"", ""cpu_cores_active"": ""8"", ""library"": ""boost/url"", ""task_files"": 105, ""llm_estimated_task_effort"": ""low"", ""textual_description"": ""The testsuite for boost/url is being compiled and run."", ""command"": ""b2 --j 8 test"", ""directory"": "".../boost/libs/url""}"
13087,1767465063,1767465063,1767465063,"{""inverter"": 1, ""source"": ""workstation2_log"", ""device"": ""workstation2"", ""task_type"": ""compilation, CPU load"", ""cpu_cores_active"": ""9"", ""library"": ""boost/scope"", ""task_files"": 27, ""llm_estimated_task_effort"": ""low"", ""textual_description"": ""The testsuite for boost/scope is being compiled and run."", ""command"": ""b2 --j 9 test"", ""directory"": "".../boost/libs/scope""}"
13088,1767465363,1767465363,1767465364,"{""inverter"": 1, ""source"": ""workstation2_log"", ""device"": ""workstation2"", ""task_type"": ""compilation, CPU load"", ""cpu_cores_active"": ""3"", ""library"": ""boost/callable_traits"", ""task_files"": 52, ""llm_estimated_task_effort"": ""low"", ""textual_description"": ""The testsuite for boost/callable_traits is being compiled and run."", ""command"": ""b2 --j 3 test"", ""directory"": "".../boost/libs/callable_traits""}"
13089,1767465385,1767465385,1767465461,"{""inverter"": 1, ""source"": ""workstation1_log"", ""device"": ""workstation1"", ""task_type"": ""compilation, CPU load"", ""cpu_cores_active"": ""4"", ""library"": ""boost/integer"", ""task_files"": 27, ""llm_estimated_task_effort"": ""low"", ""textual_description"": ""The testsuite for boost/integer is being compiled and run."", ""command"": ""b2 --j 4 test"", ""directory"": "".../boost/libs/integer""}"
12985,1767465404,1767465404,1767465742,"{""inverter"": 1, ""source"": ""workstation2_log"", ""device"": ""workstation2"", ""task_type"": ""CNN fitting, GPU load"", ""model"": ""vgg13"", ""optim"": ""adam"", ""dataset"": ""CIFAR10"", ""batch_size"": 128, ""epochs"": 2, ""model_params"": 133047848, ""llm_estimated_task_effort"": ""medium"", ""textual_description"": ""The model vgg13 is fitted on CIFAR10 using adam for 2 epochs with bs=128.""}"
13090,1767466276,1767466276,1767466276,"{""inverter"": 1, ""source"": ""workstation2_log"", ""device"": ""workstation2"", ""task_type"": ""compilation, CPU load"", ""cpu_cores_active"": ""1"", ""library"": ""boost/multi_index"", ""task_files"": 92, ""llm_estimated_task_effort"": ""low"", ""textual_description"": ""The testsuite for boost/multi_index is being compiled and run."", ""command"": ""b2 --j 1 test"", ""directory"": "".../boost/libs/multi_index""}"
13091,1767466293,1767466293,1767466294,"{""inverter"": 1, ""source"": ""workstation2_log"", ""device"": ""workstation2"", ""task_type"": ""compilation, CPU load"", ""cpu_cores_active"": ""9"", ""library"": ""boost/hash2"", ""task_files"": 125, ""llm_estimated_task_effort"": ""low"", ""textual_description"": ""The testsuite for boost/hash2 is being compiled and run."", ""command"": ""b2 --j 9 test"", ""directory"": "".../boost/libs/hash2""}"
13092,1767466722,1767466722,1767466723,"{""inverter"": 1, ""source"": ""workstation2_log"", ""device"": ""workstation2"", ""task_type"": ""compilation, CPU load"", ""cpu_cores_active"": ""2"", ""library"": ""boost/coroutine"", ""task_files"": 3, ""llm_estimated_task_effort"": ""high"", ""textual_description"": ""The testsuite for boost/coroutine is being compiled and run."", ""command"": ""b2 --j 2 test"", ""directory"": "".../boost/libs/coroutine""}"
13093,1767467067,1767467067,1767467068,"{""inverter"": 1, ""source"": ""workstation2_log"", ""device"": ""workstation2"", ""task_type"": ""compilation, CPU load"", ""cpu_cores_active"": ""1"", ""library"": ""boost/accumulators"", ""task_files"": 52, ""llm_estimated_task_effort"": ""medium"", ""textual_description"": ""The testsuite for boost/accumulators is being compiled and run."", ""command"": ""b2 --j 1 test"", ""directory"": "".../boost/libs/accumulators""}"
13094,1767467282,1767467282,1767467282,"{""inverter"": 1, ""source"": ""workstation2_log"", ""device"": ""workstation2"", ""task_type"": ""compilation, CPU load"", ""cpu_cores_active"": ""10"", ""library"": ""boost/parameter"", ""task_files"": 68, ""llm_estimated_task_effort"": ""low"", ""textual_description"": ""The testsuite for boost/parameter is being compiled and run."", ""command"": ""b2 --j 10 test"", ""directory"": "".../boost/libs/parameter""}"
13095,1767467364,1767467364,1767467365,"{""inverter"": 1, ""source"": ""workstation2_log"", ""device"": ""workstation2"", ""task_type"": ""compilation, CPU load"", ""cpu_cores_active"": ""5"", ""library"": ""boost/flyweight"", ""task_files"": 40, ""llm_estimated_task_effort"": ""low"", ""textual_description"": ""The testsuite for boost/flyweight is being compiled and run."", ""command"": ""b2 --j 5 test"", ""directory"": "".../boost/libs/flyweight""}"
13096,1767467408,1767467408,1767467408,"{""inverter"": 1, ""source"": ""workstation2_log"", ""device"": ""workstation2"", ""task_type"": ""compilation, CPU load"", ""cpu_cores_active"": ""6"", ""library"": ""boost/cobalt"", ""task_files"": 44, ""llm_estimated_task_effort"": ""medium"", ""textual_description"": ""The testsuite for boost/cobalt is being compiled and run."", ""command"": ""b2 --j 6 test"", ""directory"": "".../boost/libs/cobalt""}"
13097,1767467443,1767467443,1767467444,"{""inverter"": 1, ""source"": ""workstation2_log"", ""device"": ""workstation2"", ""task_type"": ""compilation, CPU load"", ""cpu_cores_active"": ""2"", ""library"": ""boost/metaparse"", ""task_files"": 113, ""llm_estimated_task_effort"": ""medium"", ""textual_description"": ""The testsuite for boost/metaparse is being compiled and run."", ""command"": ""b2 --j 2 test"", ""directory"": "".../boost/libs/metaparse""}"
12986,1767467480,1767467480,1767468226,"{""inverter"": 1, ""source"": ""workstation2_log"", ""device"": ""workstation2"", ""task_type"": ""CNN fitting, GPU load"", ""model"": ""densenet121"", ""optim"": ""sgd"", ""dataset"": ""CIFAR10"", ""batch_size"": 128, ""epochs"": 2, ""model_params"": 7978856, ""llm_estimated_task_effort"": ""medium"", ""textual_description"": ""The model densenet121 is fitted on CIFAR10 using sgd for 2 epochs with bs=128.""}"
13098,1767467506,1767467506,1767467595,"{""inverter"": 1, ""source"": ""workstation1_log"", ""device"": ""workstation1"", ""task_type"": ""compilation, CPU load"", ""cpu_cores_active"": ""6"", ""library"": ""boost/polygon"", ""task_files"": 17, ""llm_estimated_task_effort"": ""high"", ""textual_description"": ""The testsuite for boost/polygon is being compiled and run."", ""command"": ""b2 --j 6 test"", ""directory"": "".../boost/libs/polygon""}"
13099,1767467812,1767467812,1767467944,"{""inverter"": 1, ""source"": ""workstation1_log"", ""device"": ""workstation1"", ""task_type"": ""compilation, CPU load"", ""cpu_cores_active"": ""1"", ""library"": ""boost/compat"", ""task_files"": 65, ""llm_estimated_task_effort"": ""low"", ""textual_description"": ""The testsuite for boost/compat is being compiled and run."", ""command"": ""b2 --j 1 test"", ""directory"": "".../boost/libs/compat""}"
13100,1767468293,1767468293,1767468293,"{""inverter"": 1, ""source"": ""workstation2_log"", ""device"": ""workstation2"", ""task_type"": ""compilation, CPU load"", ""cpu_cores_active"": ""1"", ""library"": ""boost/integer"", ""task_files"": 27, ""llm_estimated_task_effort"": ""low"", ""textual_description"": ""The testsuite for boost/integer is being compiled and run."", ""command"": ""b2 --j 1 test"", ""directory"": "".../boost/libs/integer""}"
12987,1767468365,1767468365,1767468710,"{""inverter"": 1, ""source"": ""workstation2_log"", ""device"": ""workstation2"", ""task_type"": ""CNN fitting, GPU load"", ""model"": ""vgg13"", ""optim"": ""adam"", ""dataset"": ""CIFAR10"", ""batch_size"": 128, ""epochs"": 2, ""model_params"": 133047848, ""llm_estimated_task_effort"": ""medium"", ""textual_description"": ""The model vgg13 is fitted on CIFAR10 using adam for 2 epochs with bs=128.""}"
12988,1767468783,1767468783,1767469136,"{""inverter"": 1, ""source"": ""workstation2_log"", ""device"": ""workstation2"", ""task_type"": ""CNN fitting, GPU load"", ""model"": ""vgg19"", ""optim"": ""adam"", ""dataset"": ""CIFAR10"", ""batch_size"": 128, ""epochs"": 2, ""model_params"": 143667240, ""llm_estimated_task_effort"": ""medium"", ""textual_description"": ""The model vgg19 is fitted on CIFAR10 using adam for 2 epochs with bs=128.""}"
13101,1767468822,1767468822,1767468823,"{""inverter"": 1, ""source"": ""workstation2_log"", ""device"": ""workstation2"", ""task_type"": ""compilation, CPU load"", ""cpu_cores_active"": ""8"", ""library"": ""boost/flyweight"", ""task_files"": 40, ""llm_estimated_task_effort"": ""low"", ""textual_description"": ""The testsuite for boost/flyweight is being compiled and run."", ""command"": ""b2 --j 8 test"", ""directory"": "".../boost/libs/flyweight""}"
13102,1767468835,1767468835,1767469104,"{""inverter"": 1, ""source"": ""workstation1_log"", ""device"": ""workstation1"", ""task_type"": ""compilation, CPU load"", ""cpu_cores_active"": ""1"", ""library"": ""boost/container"", ""task_files"": 98, ""llm_estimated_task_effort"": ""high"", ""textual_description"": ""The testsuite for boost/container is being compiled and run."", ""command"": ""b2 --j 1 test"", ""directory"": "".../boost/libs/container""}"
13103,1767469188,1767469188,1767469282,"{""inverter"": 1, ""source"": ""workstation1_log"", ""device"": ""workstation1"", ""task_type"": ""compilation, CPU load"", ""cpu_cores_active"": ""8"", ""library"": ""boost/xpressive"", ""task_files"": 70, ""llm_estimated_task_effort"": ""high"", ""textual_description"": ""The testsuite for boost/xpressive is being compiled and run."", ""command"": ""b2 --j 8 test"", ""directory"": "".../boost/libs/xpressive""}"
12989,1767469329,1767469329,1767469668,"{""inverter"": 1, ""source"": ""workstation2_log"", ""device"": ""workstation2"", ""task_type"": ""CNN fitting, GPU load"", ""model"": ""vgg13"", ""optim"": ""adam"", ""dataset"": ""CIFAR10"", ""batch_size"": 128, ""epochs"": 2, ""model_params"": 133047848, ""llm_estimated_task_effort"": ""medium"", ""textual_description"": ""The model vgg13 is fitted on CIFAR10 using adam for 2 epochs with bs=128.""}"
13104,1767469841,1767469841,1767469842,"{""inverter"": 1, ""source"": ""workstation2_log"", ""device"": ""workstation2"", ""task_type"": ""compilation, CPU load"", ""cpu_cores_active"": ""3"", ""library"": ""boost/scope"", ""task_files"": 27, ""llm_estimated_task_effort"": ""low"", ""textual_description"": ""The testsuite for boost/scope is being compiled and run."", ""command"": ""b2 --j 3 test"", ""directory"": "".../boost/libs/scope""}"
13105,1767469900,1767469900,1767469901,"{""inverter"": 1, ""source"": ""workstation2_log"", ""device"": ""workstation2"", ""task_type"": ""compilation, CPU load"", ""cpu_cores_active"": ""8"", ""library"": ""boost/python"", ""task_files"": 188, ""llm_estimated_task_effort"": ""high"", ""textual_description"": ""The testsuite for boost/python is being compiled and run."", ""command"": ""b2 --j 8 test"", ""directory"": "".../boost/libs/python""}"
13106,1767469991,1767469991,1767469992,"{""inverter"": 1, ""source"": ""workstation2_log"", ""device"": ""workstation2"", ""task_type"": ""compilation, CPU load"", ""cpu_cores_active"": ""8"", ""library"": ""boost/hana"", ""task_files"": 831, ""llm_estimated_task_effort"": ""medium"", ""textual_description"": ""The testsuite for boost/hana is being compiled and run."", ""command"": ""b2 --j 8 test"", ""directory"": "".../boost/libs/hana""}"
13107,1767470361,1767470361,1767470434,"{""inverter"": 1, ""source"": ""workstation1_log"", ""device"": ""workstation1"", ""task_type"": ""compilation, CPU load"", ""cpu_cores_active"": ""9"", ""library"": ""boost/detail"", ""task_files"": 14, ""llm_estimated_task_effort"": ""low"", ""textual_description"": ""The testsuite for boost/detail is being compiled and run."", ""command"": ""b2 --j 9 test"", ""directory"": "".../boost/libs/detail""}"
13108,1767470467,1767470467,1767470467,"{""inverter"": 1, ""source"": ""workstation2_log"", ""device"": ""workstation2"", ""task_type"": ""compilation, CPU load"", ""cpu_cores_active"": ""1"", ""library"": ""boost/throw_exception"", ""task_files"": 36, ""llm_estimated_task_effort"": ""low"", ""textual_description"": ""The testsuite for boost/throw_exception is being compiled and run."", ""command"": ""b2 --j 1 test"", ""directory"": "".../boost/libs/throw_exception""}"
13109,1767470549,1767470549,1767470632,"{""inverter"": 1, ""source"": ""workstation1_log"", ""device"": ""workstation1"", ""task_type"": ""compilation, CPU load"", ""cpu_cores_active"": ""5"", ""library"": ""boost/units"", ""task_files"": 51, ""llm_estimated_task_effort"": ""low"", ""textual_description"": ""The testsuite for boost/units is being compiled and run."", ""command"": ""b2 --j 5 test"", ""directory"": "".../boost/libs/units""}"
13110,1767471020,1767471020,1767471021,"{""inverter"": 1, ""source"": ""workstation2_log"", ""device"": ""workstation2"", ""task_type"": ""compilation, CPU load"", ""cpu_cores_active"": ""1"", ""library"": ""boost/bimap"", ""task_files"": 36, ""llm_estimated_task_effort"": ""low"", ""textual_description"": ""The testsuite for boost/bimap is being compiled and run."", ""command"": ""b2 --j 1 test"", ""directory"": "".../boost/libs/bimap""}"
12990,1767471305,1767471305,1767472464,"{""inverter"": 1, ""source"": ""workstation2_log"", ""device"": ""workstation2"", ""task_type"": ""CNN fitting, GPU load"", ""model"": ""swin_v2_s"", ""optim"": ""sgd"", ""dataset"": ""CIFAR10"", ""batch_size"": 128, ""epochs"": 2, ""model_params"": 49737442, ""llm_estimated_task_effort"": ""high"", ""textual_description"": ""The model swin_v2_s is fitted on CIFAR10 using sgd for 2 epochs with bs=128.""}"
13111,1767471530,1767471530,1767471531,"{""inverter"": 1, ""source"": ""workstation2_log"", ""device"": ""workstation2"", ""task_type"": ""compilation, CPU load"", ""cpu_cores_active"": ""4"", ""library"": ""boost/pool"", ""task_files"": 22, ""llm_estimated_task_effort"": ""low"", ""textual_description"": ""The testsuite for boost/pool is being compiled and run."", ""command"": ""b2 --j 4 test"", ""directory"": "".../boost/libs/pool""}"
13112,1767472126,1767472126,1767472335,"{""inverter"": 1, ""source"": ""workstation1_log"", ""device"": ""workstation1"", ""task_type"": ""compilation, CPU load"", ""cpu_cores_active"": ""9"", ""library"": ""boost/test"", ""task_files"": 112, ""llm_estimated_task_effort"": ""low"", ""textual_description"": ""The testsuite for boost/test is being compiled and run."", ""command"": ""b2 --j 9 test"", ""directory"": "".../boost/libs/test""}"
13113,1767472433,1767472433,1767472433,"{""inverter"": 1, ""source"": ""workstation2_log"", ""device"": ""workstation2"", ""task_type"": ""compilation, CPU load"", ""cpu_cores_active"": ""7"", ""library"": ""boost/pfr"", ""task_files"": 91, ""llm_estimated_task_effort"": ""low"", ""textual_description"": ""The testsuite for boost/pfr is being compiled and run."", ""command"": ""b2 --j 7 test"", ""directory"": "".../boost/libs/pfr""}"
12991,1767472503,1767472503,1767473240,"{""inverter"": 1, ""source"": ""workstation2_log"", ""device"": ""workstation2"", ""task_type"": ""CNN fitting, GPU load"", ""model"": ""densenet121"", ""optim"": ""sgd"", ""dataset"": ""CIFAR10"", ""batch_size"": 128, ""epochs"": 2, ""model_params"": 7978856, ""llm_estimated_task_effort"": ""medium"", ""textual_description"": ""The model densenet121 is fitted on CIFAR10 using sgd for 2 epochs with bs=128.""}"
13114,1767472541,1767472541,1767472626,"{""inverter"": 1, ""source"": ""workstation1_log"", ""device"": ""workstation1"", ""task_type"": ""compilation, CPU load"", ""cpu_cores_active"": ""4"", ""library"": ""boost/function"", ""task_files"": 43, ""llm_estimated_task_effort"": ""low"", ""textual_description"": ""The testsuite for boost/function is being compiled and run."", ""command"": ""b2 --j 4 test"", ""directory"": "".../boost/libs/function""}"
13115,1767473330,1767473330,1767473330,"{""inverter"": 1, ""source"": ""workstation2_log"", ""device"": ""workstation2"", ""task_type"": ""compilation, CPU load"", ""cpu_cores_active"": ""2"", ""library"": ""boost/proto"", ""task_files"": 24, ""llm_estimated_task_effort"": ""low"", ""textual_description"": ""The testsuite for boost/proto is being compiled and run."", ""command"": ""b2 --j 2 test"", ""directory"": "".../boost/libs/proto""}"
13116,1767473396,1767473396,1767473397,"{""inverter"": 1, ""source"": ""workstation2_log"", ""device"": ""workstation2"", ""task_type"": ""compilation, CPU load"", ""cpu_cores_active"": ""5"", ""library"": ""boost/fusion"", ""task_files"": 247, ""llm_estimated_task_effort"": ""low"", ""textual_description"": ""The testsuite for boost/fusion is being compiled and run."", ""command"": ""b2 --j 5 test"", ""directory"": "".../boost/libs/fusion""}"
13117,1767473715,1767473715,1767473790,"{""inverter"": 1, ""source"": ""workstation1_log"", ""device"": ""workstation1"", ""task_type"": ""compilation, CPU load"", ""cpu_cores_active"": ""10"", ""library"": ""boost/charconv"", ""task_files"": 44, ""llm_estimated_task_effort"": ""low"", ""textual_description"": ""The testsuite for boost/charconv is being compiled and run."", ""command"": ""b2 --j 10 test"", ""directory"": "".../boost/libs/charconv""}"
13118,1767473726,1767473726,1767473727,"{""inverter"": 1, ""source"": ""workstation2_log"", ""device"": ""workstation2"", ""task_type"": ""compilation, CPU load"", ""cpu_cores_active"": ""10"", ""library"": ""boost/outcome"", ""task_files"": 55, ""llm_estimated_task_effort"": ""low"", ""textual_description"": ""The testsuite for boost/outcome is being compiled and run."", ""command"": ""b2 --j 10 test"", ""directory"": "".../boost/libs/outcome""}"
13119,1767473966,1767473966,1767473966,"{""inverter"": 1, ""source"": ""workstation2_log"", ""device"": ""workstation2"", ""task_type"": ""compilation, CPU load"", ""cpu_cores_active"": ""5"", ""library"": ""boost/scope_exit"", ""task_files"": 32, ""llm_estimated_task_effort"": ""low"", ""textual_description"": ""The testsuite for boost/scope_exit is being compiled and run."", ""command"": ""b2 --j 5 test"", ""directory"": "".../boost/libs/scope_exit""}"
13120,1767474015,1767474015,1767474016,"{""inverter"": 1, ""source"": ""workstation2_log"", ""device"": ""workstation2"", ""task_type"": ""compilation, CPU load"", ""cpu_cores_active"": ""9"", ""library"": ""boost/python"", ""task_files"": 188, ""llm_estimated_task_effort"": ""high"", ""textual_description"": ""The testsuite for boost/python is being compiled and run."", ""command"": ""b2 --j 9 test"", ""directory"": "".../boost/libs/python""}"
13121,1767474047,1767474047,1767474161,"{""inverter"": 1, ""source"": ""workstation1_log"", ""device"": ""workstation1"", ""task_type"": ""compilation, CPU load"", ""cpu_cores_active"": ""10"", ""library"": ""boost/contract"", ""task_files"": 268, ""llm_estimated_task_effort"": ""medium"", ""textual_description"": ""The testsuite for boost/contract is being compiled and run."", ""command"": ""b2 --j 10 test"", ""directory"": "".../boost/libs/contract""}"
13122,1767474054,1767474054,1767474054,"{""inverter"": 1, ""source"": ""workstation2_log"", ""device"": ""workstation2"", ""task_type"": ""compilation, CPU load"", ""cpu_cores_active"": ""9"", ""library"": ""boost/iterator"", ""task_files"": 55, ""llm_estimated_task_effort"": ""low"", ""textual_description"": ""The testsuite for boost/iterator is being compiled and run."", ""command"": ""b2 --j 9 test"", ""directory"": "".../boost/libs/iterator""}"
12992,1767474602,1767474602,1767474944,"{""inverter"": 1, ""source"": ""workstation2_log"", ""device"": ""workstation2"", ""task_type"": ""CNN fitting, GPU load"", ""model"": ""vgg13"", ""optim"": ""adam"", ""dataset"": ""CIFAR10"", ""batch_size"": 128, ""epochs"": 2, ""model_params"": 133047848, ""llm_estimated_task_effort"": ""medium"", ""textual_description"": ""The model vgg13 is fitted on CIFAR10 using adam for 2 epochs with bs=128.""}"
13123,1767474630,1767474630,1767474630,"{""inverter"": 1, ""source"": ""workstation2_log"", ""device"": ""workstation2"", ""task_type"": ""compilation, CPU load"", ""cpu_cores_active"": ""8"", ""library"": ""boost/function"", ""task_files"": 43, ""llm_estimated_task_effort"": ""low"", ""textual_description"": ""The testsuite for boost/function is being compiled and run."", ""command"": ""b2 --j 8 test"", ""directory"": "".../boost/libs/function""}"
13124,1767475086,1767475086,1767475086,"{""inverter"": 1, ""source"": ""workstation2_log"", ""device"": ""workstation2"", ""task_type"": ""compilation, CPU load"", ""cpu_cores_active"": ""8"", ""library"": ""boost/describe"", ""task_files"": 53, ""llm_estimated_task_effort"": ""low"", ""textual_description"": ""The testsuite for boost/describe is being compiled and run."", ""command"": ""b2 --j 8 test"", ""directory"": "".../boost/libs/describe""}"
13125,1767475301,1767475301,1767475302,"{""inverter"": 1, ""source"": ""workstation2_log"", ""device"": ""workstation2"", ""task_type"": ""compilation, CPU load"", ""cpu_cores_active"": ""9"", ""library"": ""boost/mysql"", ""task_files"": 258, ""llm_estimated_task_effort"": ""medium"", ""textual_description"": ""The testsuite for boost/mysql is being compiled and run."", ""command"": ""b2 --j 9 test"", ""directory"": "".../boost/libs/mysql""}"
13126,1767475352,1767475352,1767475432,"{""inverter"": 1, ""source"": ""workstation1_log"", ""device"": ""workstation1"", ""task_type"": ""compilation, CPU load"", ""cpu_cores_active"": ""9"", ""library"": ""boost/throw_exception"", ""task_files"": 36, ""llm_estimated_task_effort"": ""low"", ""textual_description"": ""The testsuite for boost/throw_exception is being compiled and run."", ""command"": ""b2 --j 9 test"", ""directory"": "".../boost/libs/throw_exception""}"
13127,1767475507,1767475507,1767475507,"{""inverter"": 1, ""source"": ""workstation2_log"", ""device"": ""workstation2"", ""task_type"": ""compilation, CPU load"", ""cpu_cores_active"": ""2"", ""library"": ""boost/locale"", ""task_files"": 48, ""llm_estimated_task_effort"": ""high"", ""textual_description"": ""The testsuite for boost/locale is being compiled and run."", ""command"": ""b2 --j 2 test"", ""directory"": "".../boost/libs/locale""}"
13128,1767475635,1767475635,1767475731,"{""inverter"": 1, ""source"": ""workstation1_log"", ""device"": ""workstation1"", ""task_type"": ""compilation, CPU load"", ""cpu_cores_active"": ""9"", ""library"": ""boost/type_erasure"", ""task_files"": 61, ""llm_estimated_task_effort"": ""low"", ""textual_description"": ""The testsuite for boost/type_erasure is being compiled and run."", ""command"": ""b2 --j 9 test"", ""directory"": "".../boost/libs/type_erasure""}"
13129,1767476048,1767476048,1767476316,"{""inverter"": 1, ""source"": ""workstation1_log"", ""device"": ""workstation1"", ""task_type"": ""compilation, CPU load"", ""cpu_cores_active"": ""1"", ""library"": ""boost/iostreams"", ""task_files"": 407, ""llm_estimated_task_effort"": ""high"", ""textual_description"": ""The testsuite for boost/iostreams is being compiled and run."", ""command"": ""b2 --j 1 test"", ""directory"": "".../boost/libs/iostreams""}"
13130,1767476254,1767476254,1767476255,"{""inverter"": 1, ""source"": ""workstation2_log"", ""device"": ""workstation2"", ""task_type"": ""compilation, CPU load"", ""cpu_cores_active"": ""9"", ""library"": ""boost/tokenizer"", ""task_files"": 9, ""llm_estimated_task_effort"": ""low"", ""textual_description"": ""The testsuite for boost/tokenizer is being compiled and run."", ""command"": ""b2 --j 9 test"", ""directory"": "".../boost/libs/tokenizer""}"
13131,1767476381,1767476381,1767476381,"{""inverter"": 1, ""source"": ""workstation2_log"", ""device"": ""workstation2"", ""task_type"": ""compilation, CPU load"", ""cpu_cores_active"": ""2"", ""library"": ""boost/gil"", ""task_files"": 353, ""llm_estimated_task_effort"": ""high"", ""textual_description"": ""The testsuite for boost/gil is being compiled and run."", ""command"": ""b2 --j 2 test"", ""directory"": "".../boost/libs/gil""}"
13132,1767476525,1767476525,1767476526,"{""inverter"": 1, ""source"": ""workstation2_log"", ""device"": ""workstation2"", ""task_type"": ""compilation, CPU load"", ""cpu_cores_active"": ""4"", ""library"": ""boost/pool"", ""task_files"": 22, ""llm_estimated_task_effort"": ""low"", ""textual_description"": ""The testsuite for boost/pool is being compiled and run."", ""command"": ""b2 --j 4 test"", ""directory"": "".../boost/libs/pool""}"
13133,1767476745,1767476745,1767476746,"{""inverter"": 1, ""source"": ""workstation2_log"", ""device"": ""workstation2"", ""task_type"": ""compilation, CPU load"", ""cpu_cores_active"": ""7"", ""library"": ""boost/foreach"", ""task_files"": 27, ""llm_estimated_task_effort"": ""low"", ""textual_description"": ""The testsuite for boost/foreach is being compiled and run."", ""command"": ""b2 --j 7 test"", ""directory"": "".../boost/libs/foreach""}"
13134,1767477324,1767477324,1767477404,"{""inverter"": 1, ""source"": ""workstation1_log"", ""device"": ""workstation1"", ""task_type"": ""compilation, CPU load"", ""cpu_cores_active"": ""5"", ""library"": ""boost/charconv"", ""task_files"": 44, ""llm_estimated_task_effort"": ""low"", ""textual_description"": ""The testsuite for boost/charconv is being compiled and run."", ""command"": ""b2 --j 5 test"", ""directory"": "".../boost/libs/charconv""}"
13135,1767477485,1767477485,1767477640,"{""inverter"": 1, ""source"": ""workstation1_log"", ""device"": ""workstation1"", ""task_type"": ""compilation, CPU load"", ""cpu_cores_active"": ""3"", ""library"": ""boost/system"", ""task_files"": 126, ""llm_estimated_task_effort"": ""low"", ""textual_description"": ""The testsuite for boost/system is being compiled and run."", ""command"": ""b2 --j 3 test"", ""directory"": "".../boost/libs/system""}"
13136,1767477653,1767477653,1767477794,"{""inverter"": 1, ""source"": ""workstation1_log"", ""device"": ""workstation1"", ""task_type"": ""compilation, CPU load"", ""cpu_cores_active"": ""4"", ""library"": ""boost/smart_ptr"", ""task_files"": 292, ""llm_estimated_task_effort"": ""low"", ""textual_description"": ""The testsuite for boost/smart_ptr is being compiled and run."", ""command"": ""b2 --j 4 test"", ""directory"": "".../boost/libs/smart_ptr""}"
13137,1767477991,1767477991,1767477992,"{""inverter"": 1, ""source"": ""workstation2_log"", ""device"": ""workstation2"", ""task_type"": ""compilation, CPU load"", ""cpu_cores_active"": ""3"", ""library"": ""boost/iostreams"", ""task_files"": 407, ""llm_estimated_task_effort"": ""high"", ""textual_description"": ""The testsuite for boost/iostreams is being compiled and run."", ""command"": ""b2 --j 3 test"", ""directory"": "".../boost/libs/iostreams""}"
12993,1767478009,1767478009,1767478387,"{""inverter"": 1, ""source"": ""workstation2_log"", ""device"": ""workstation2"", ""task_type"": ""CNN fitting, GPU load"", ""model"": ""resnet18"", ""optim"": ""adam"", ""dataset"": ""CIFAR10"", ""batch_size"": 128, ""epochs"": 2, ""model_params"": 11689512, ""llm_estimated_task_effort"": ""low"", ""textual_description"": ""The model resnet18 is fitted on CIFAR10 using adam for 2 epochs with bs=128.""}"
13138,1767478064,1767478064,1767478065,"{""inverter"": 1, ""source"": ""workstation2_log"", ""device"": ""workstation2"", ""task_type"": ""compilation, CPU load"", ""cpu_cores_active"": ""9"", ""library"": ""boost/log"", ""task_files"": 72, ""llm_estimated_task_effort"": ""high"", ""textual_description"": ""The testsuite for boost/log is being compiled and run."", ""command"": ""b2 --j 9 test"", ""directory"": "".../boost/libs/log""}"
13139,1767478193,1767478193,1767478571,"{""inverter"": 1, ""source"": ""workstation1_log"", ""device"": ""workstation1"", ""task_type"": ""compilation, CPU load"", ""cpu_cores_active"": ""4"", ""library"": ""boost/test"", ""task_files"": 112, ""llm_estimated_task_effort"": ""low"", ""textual_description"": ""The testsuite for boost/test is being compiled and run."", ""command"": ""b2 --j 4 test"", ""directory"": "".../boost/libs/test""}"
13140,1767478615,1767478615,1767480375,"{""inverter"": 1, ""source"": ""workstation1_log"", ""device"": ""workstation1"", ""task_type"": ""compilation, CPU load"", ""cpu_cores_active"": ""7"", ""library"": ""boost/geometry"", ""task_files"": 665, ""llm_estimated_task_effort"": ""high"", ""textual_description"": ""The testsuite for boost/geometry is being compiled and run."", ""command"": ""b2 --j 7 test"", ""directory"": "".../boost/libs/geometry""}"
12994,1767478733,1767478733,1767479485,"{""inverter"": 1, ""source"": ""workstation2_log"", ""device"": ""workstation2"", ""task_type"": ""CNN fitting, GPU load"", ""model"": ""densenet121"", ""optim"": ""sgd"", ""dataset"": ""CIFAR10"", ""batch_size"": 128, ""epochs"": 2, ""model_params"": 7978856, ""llm_estimated_task_effort"": ""medium"", ""textual_description"": ""The model densenet121 is fitted on CIFAR10 using sgd for 2 epochs with bs=128.""}"
12995,1767479772,1767479772,1767480108,"{""inverter"": 1, ""source"": ""workstation2_log"", ""device"": ""workstation2"", ""task_type"": ""CNN fitting, GPU load"", ""model"": ""vgg11"", ""optim"": ""adam"", ""dataset"": ""CIFAR10"", ""batch_size"": 128, ""epochs"": 2, ""model_params"": 132863336, ""llm_estimated_task_effort"": ""low"", ""textual_description"": ""The model vgg11 is fitted on CIFAR10 using adam for 2 epochs with bs=128.""}"
13141,1767479814,1767479814,1767479814,"{""inverter"": 1, ""source"": ""workstation2_log"", ""device"": ""workstation2"", ""task_type"": ""compilation, CPU load"", ""cpu_cores_active"": ""6"", ""library"": ""boost/winapi"", ""task_files"": 59, ""llm_estimated_task_effort"": ""low"", ""textual_description"": ""The testsuite for boost/winapi is being compiled and run."", ""command"": ""b2 --j 6 test"", ""directory"": "".../boost/libs/winapi""}"
13142,1767480105,1767480105,1767480106,"{""inverter"": 1, ""source"": ""workstation2_log"", ""device"": ""workstation2"", ""task_type"": ""compilation, CPU load"", ""cpu_cores_active"": ""7"", ""library"": ""boost/chrono"", ""task_files"": 67, ""llm_estimated_task_effort"": ""low"", ""textual_description"": ""The testsuite for boost/chrono is being compiled and run."", ""command"": ""b2 --j 7 test"", ""directory"": "".../boost/libs/chrono""}"
12996,1767480244,1767480244,1767480577,"{""inverter"": 1, ""source"": ""workstation2_log"", ""device"": ""workstation2"", ""task_type"": ""CNN fitting, GPU load"", ""model"": ""vgg13"", ""optim"": ""sgd"", ""dataset"": ""CIFAR10"", ""batch_size"": 128, ""epochs"": 2, ""model_params"": 133047848, ""llm_estimated_task_effort"": ""medium"", ""textual_description"": ""The model vgg13 is fitted on CIFAR10 using sgd for 2 epochs with bs=128.""}"
13143,1767480251,1767480251,1767480253,"{""inverter"": 1, ""source"": ""workstation2_log"", ""device"": ""workstation2"", ""task_type"": ""compilation, CPU load"", ""cpu_cores_active"": ""3"", ""library"": ""boost/chrono"", ""task_files"": 67, ""llm_estimated_task_effort"": ""low"", ""textual_description"": ""The testsuite for boost/chrono is being compiled and run."", ""command"": ""b2 --j 3 test"", ""directory"": "".../boost/libs/chrono""}"
13144,1767480280,1767480280,1767480281,"{""inverter"": 1, ""source"": ""workstation2_log"", ""device"": ""workstation2"", ""task_type"": ""compilation, CPU load"", ""cpu_cores_active"": ""7"", ""library"": ""boost/hof"", ""task_files"": 63, ""llm_estimated_task_effort"": ""low"", ""textual_description"": ""The testsuite for boost/hof is being compiled and run."", ""command"": ""b2 --j 7 test"", ""directory"": "".../boost/libs/hof""}"
13145,1767480574,1767480574,1767480575,"{""inverter"": 1, ""source"": ""workstation2_log"", ""device"": ""workstation2"", ""task_type"": ""compilation, CPU load"", ""cpu_cores_active"": ""6"", ""library"": ""boost/describe"", ""task_files"": 53, ""llm_estimated_task_effort"": ""low"", ""textual_description"": ""The testsuite for boost/describe is being compiled and run."", ""command"": ""b2 --j 6 test"", ""directory"": "".../boost/libs/describe""}"
13146,1767480815,1767480815,1767480887,"{""inverter"": 1, ""source"": ""workstation1_log"", ""device"": ""workstation1"", ""task_type"": ""compilation, CPU load"", ""cpu_cores_active"": ""1"", ""library"": ""boost/property_map_parallel"", ""task_files"": 0, ""llm_estimated_task_effort"": ""low"", ""textual_description"": ""The testsuite for boost/property_map_parallel is being compiled and run."", ""command"": ""b2 --j 1 test"", ""directory"": "".../boost/libs/property_map_parallel""}"
13147,1767481073,1767481073,1767481074,"{""inverter"": 1, ""source"": ""workstation2_log"", ""device"": ""workstation2"", ""task_type"": ""compilation, CPU load"", ""cpu_cores_active"": ""9"", ""library"": ""boost/multi_index"", ""task_files"": 92, ""llm_estimated_task_effort"": ""low"", ""textual_description"": ""The testsuite for boost/multi_index is being compiled and run."", ""command"": ""b2 --j 9 test"", ""directory"": "".../boost/libs/multi_index""}"
13148,1767481185,1767481185,1767481334,"{""inverter"": 1, ""source"": ""workstation1_log"", ""device"": ""workstation1"", ""task_type"": ""compilation, CPU load"", ""cpu_cores_active"": ""3"", ""library"": ""boost/core"", ""task_files"": 278, ""llm_estimated_task_effort"": ""low"", ""textual_description"": ""The testsuite for boost/core is being compiled and run."", ""command"": ""b2 --j 3 test"", ""directory"": "".../boost/libs/core""}"
13149,1767481568,1767481568,1767481671,"{""inverter"": 1, ""source"": ""workstation1_log"", ""device"": ""workstation1"", ""task_type"": ""compilation, CPU load"", ""cpu_cores_active"": ""6"", ""library"": ""boost/core"", ""task_files"": 278, ""llm_estimated_task_effort"": ""low"", ""textual_description"": ""The testsuite for boost/core is being compiled and run."", ""command"": ""b2 --j 6 test"", ""directory"": "".../boost/libs/core""}"
13150,1767481992,1767481992,1767482073,"{""inverter"": 1, ""source"": ""workstation1_log"", ""device"": ""workstation1"", ""task_type"": ""compilation, CPU load"", ""cpu_cores_active"": ""1"", ""library"": ""boost/timer"", ""task_files"": 17, ""llm_estimated_task_effort"": ""low"", ""textual_description"": ""The testsuite for boost/timer is being compiled and run."", ""command"": ""b2 --j 1 test"", ""directory"": "".../boost/libs/timer""}"
12997,1767482509,1767482509,1767483357,"{""inverter"": 1, ""source"": ""workstation2_log"", ""device"": ""workstation2"", ""task_type"": ""CNN fitting, GPU load"", ""model"": ""densenet121"", ""optim"": ""adam"", ""dataset"": ""CIFAR10"", ""batch_size"": 128, ""epochs"": 2, ""model_params"": 7978856, ""llm_estimated_task_effort"": ""medium"", ""textual_description"": ""The model densenet121 is fitted on CIFAR10 using adam for 2 epochs with bs=128.""}"
13151,1767483240,1767483240,1767483242,"{""inverter"": 1, ""source"": ""workstation2_log"", ""device"": ""workstation2"", ""task_type"": ""compilation, CPU load"", ""cpu_cores_active"": ""2"", ""library"": ""boost/smart_ptr"", ""task_files"": 292, ""llm_estimated_task_effort"": ""low"", ""textual_description"": ""The testsuite for boost/smart_ptr is being compiled and run."", ""command"": ""b2 --j 2 test"", ""directory"": "".../boost/libs/smart_ptr""}"
13152,1767483328,1767483328,1767483329,"{""inverter"": 1, ""source"": ""workstation2_log"", ""device"": ""workstation2"", ""task_type"": ""compilation, CPU load"", ""cpu_cores_active"": ""2"", ""library"": ""boost/process"", ""task_files"": 76, ""llm_estimated_task_effort"": ""medium"", ""textual_description"": ""The testsuite for boost/process is being compiled and run."", ""command"": ""b2 --j 2 test"", ""directory"": "".../boost/libs/process""}"
13153,1767483504,1767483504,1767483504,"{""inverter"": 1, ""source"": ""workstation2_log"", ""device"": ""workstation2"", ""task_type"": ""compilation, CPU load"", ""cpu_cores_active"": ""6"", ""library"": ""boost/callable_traits"", ""task_files"": 52, ""llm_estimated_task_effort"": ""low"", ""textual_description"": ""The testsuite for boost/callable_traits is being compiled and run."", ""command"": ""b2 --j 6 test"", ""directory"": "".../boost/libs/callable_traits""}"
12998,1767483570,1767483570,1767483920,"{""inverter"": 1, ""source"": ""workstation2_log"", ""device"": ""workstation2"", ""task_type"": ""CNN fitting, GPU load"", ""model"": ""vgg19"", ""optim"": ""adam"", ""dataset"": ""CIFAR10"", ""batch_size"": 128, ""epochs"": 2, ""model_params"": 143667240, ""llm_estimated_task_effort"": ""medium"", ""textual_description"": ""The model vgg19 is fitted on CIFAR10 using adam for 2 epochs with bs=128.""}"
13154,1767483809,1767483809,1767483810,"{""inverter"": 1, ""source"": ""workstation2_log"", ""device"": ""workstation2"", ""task_type"": ""compilation, CPU load"", ""cpu_cores_active"": ""2"", ""library"": ""boost/variant"", ""task_files"": 37, ""llm_estimated_task_effort"": ""low"", ""textual_description"": ""The testsuite for boost/variant is being compiled and run."", ""command"": ""b2 --j 2 test"", ""directory"": "".../boost/libs/variant""}"
13155,1767483820,1767483820,1767483892,"{""inverter"": 1, ""source"": ""workstation1_log"", ""device"": ""workstation1"", ""task_type"": ""compilation, CPU load"", ""cpu_cores_active"": ""8"", ""library"": ""boost/concept_check"", ""task_files"": 18, ""llm_estimated_task_effort"": ""low"", ""textual_description"": ""The testsuite for boost/concept_check is being compiled and run."", ""command"": ""b2 --j 8 test"", ""directory"": "".../boost/libs/concept_check""}"
12999,1767484122,1767484122,1767484557,"{""inverter"": 1, ""source"": ""workstation2_log"", ""device"": ""workstation2"", ""task_type"": ""CNN fitting, GPU load"", ""model"": ""wide_resnet50_2"", ""optim"": ""sgd"", ""dataset"": ""CIFAR10"", ""batch_size"": 128, ""epochs"": 2, ""model_params"": 68883240, ""llm_estimated_task_effort"": ""high"", ""textual_description"": ""The model wide_resnet50_2 is fitted on CIFAR10 using sgd for 2 epochs with bs=128.""}"
13156,1767484178,1767484178,1767484180,"{""inverter"": 1, ""source"": ""workstation2_log"", ""device"": ""workstation2"", ""task_type"": ""compilation, CPU load"", ""cpu_cores_active"": ""6"", ""library"": ""boost/interprocess"", ""task_files"": 122, ""llm_estimated_task_effort"": ""high"", ""textual_description"": ""The testsuite for boost/interprocess is being compiled and run."", ""command"": ""b2 --j 6 test"", ""directory"": "".../boost/libs/interprocess""}"
13157,1767484235,1767484235,1767484236,"{""inverter"": 1, ""source"": ""workstation2_log"", ""device"": ""workstation2"", ""task_type"": ""compilation, CPU load"", ""cpu_cores_active"": ""5"", ""library"": ""boost/convert"", ""task_files"": 20, ""llm_estimated_task_effort"": ""low"", ""textual_description"": ""The testsuite for boost/convert is being compiled and run."", ""command"": ""b2 --j 5 test"", ""directory"": "".../boost/libs/convert""}"
13158,1767484371,1767484371,1767484472,"{""inverter"": 1, ""source"": ""workstation1_log"", ""device"": ""workstation1"", ""task_type"": ""compilation, CPU load"", ""cpu_cores_active"": ""7"", ""library"": ""boost/core"", ""task_files"": 278, ""llm_estimated_task_effort"": ""low"", ""textual_description"": ""The testsuite for boost/core is being compiled and run."", ""command"": ""b2 --j 7 test"", ""directory"": "".../boost/libs/core""}"
13159,1767484584,1767484584,1767484693,"{""inverter"": 1, ""source"": ""workstation1_log"", ""device"": ""workstation1"", ""task_type"": ""compilation, CPU load"", ""cpu_cores_active"": ""2"", ""library"": ""boost/property_tree"", ""task_files"": 23, ""llm_estimated_task_effort"": ""low"", ""textual_description"": ""The testsuite for boost/property_tree is being compiled and run."", ""command"": ""b2 --j 2 test"", ""directory"": "".../boost/libs/property_tree""}"
13160,1767484692,1767484692,1767484693,"{""inverter"": 1, ""source"": ""workstation2_log"", ""device"": ""workstation2"", ""task_type"": ""compilation, CPU load"", ""cpu_cores_active"": ""10"", ""library"": ""boost/mpl"", ""task_files"": 109, ""llm_estimated_task_effort"": ""low"", ""textual_description"": ""The testsuite for boost/mpl is being compiled and run."", ""command"": ""b2 --j 10 test"", ""directory"": "".../boost/libs/mpl""}"
13000,1767484696,1767484696,1767485037,"{""inverter"": 1, ""source"": ""workstation2_log"", ""device"": ""workstation2"", ""task_type"": ""CNN fitting, GPU load"", ""model"": ""vgg13"", ""optim"": ""adam"", ""dataset"": ""CIFAR10"", ""batch_size"": 128, ""epochs"": 2, ""model_params"": 133047848, ""llm_estimated_task_effort"": ""medium"", ""textual_description"": ""The model vgg13 is fitted on CIFAR10 using adam for 2 epochs with bs=128.""}"
13001,1767485388,1767485388,1767485764,"{""inverter"": 1, ""source"": ""workstation2_log"", ""device"": ""workstation2"", ""task_type"": ""CNN fitting, GPU load"", ""model"": ""resnet18"", ""optim"": ""adam"", ""dataset"": ""CIFAR10"", ""batch_size"": 128, ""epochs"": 2, ""model_params"": 11689512, ""llm_estimated_task_effort"": ""low"", ""textual_description"": ""The model resnet18 is fitted on CIFAR10 using adam for 2 epochs with bs=128.""}"
13161,1767485411,1767485411,1767485481,"{""inverter"": 1, ""source"": ""workstation1_log"", ""device"": ""workstation1"", ""task_type"": ""compilation, CPU load"", ""cpu_cores_active"": ""10"", ""library"": ""boost/cobalt"", ""task_files"": 44, ""llm_estimated_task_effort"": ""medium"", ""textual_description"": ""The testsuite for boost/cobalt is being compiled and run."", ""command"": ""b2 --j 10 test"", ""directory"": "".../boost/libs/cobalt""}"
13162,1767485453,1767485453,1767485453,"{""inverter"": 1, ""source"": ""workstation2_log"", ""device"": ""workstation2"", ""task_type"": ""compilation, CPU load"", ""cpu_cores_active"": ""5"", ""library"": ""boost/smart_ptr"", ""task_files"": 292, ""llm_estimated_task_effort"": ""low"", ""textual_description"": ""The testsuite for boost/smart_ptr is being compiled and run."", ""command"": ""b2 --j 5 test"", ""directory"": "".../boost/libs/smart_ptr""}"
13002,1767485980,1767485980,1767487156,"{""inverter"": 1, ""source"": ""workstation2_log"", ""device"": ""workstation2"", ""task_type"": ""CNN fitting, GPU load"", ""model"": ""swin_v2_s"", ""optim"": ""sgd"", ""dataset"": ""CIFAR10"", ""batch_size"": 128, ""epochs"": 2, ""model_params"": 49737442, ""llm_estimated_task_effort"": ""high"", ""textual_description"": ""The model swin_v2_s is fitted on CIFAR10 using sgd for 2 epochs with bs=128.""}"
13163,1767486078,1767486078,1767486157,"{""inverter"": 1, ""source"": ""workstation1_log"", ""device"": ""workstation1"", ""task_type"": ""compilation, CPU load"", ""cpu_cores_active"": ""8"", ""library"": ""boost/pool"", ""task_files"": 22, ""llm_estimated_task_effort"": ""low"", ""textual_description"": ""The testsuite for boost/pool is being compiled and run."", ""command"": ""b2 --j 8 test"", ""directory"": "".../boost/libs/pool""}"
13164,1767486288,1767486288,1767486289,"{""inverter"": 1, ""source"": ""workstation2_log"", ""device"": ""workstation2"", ""task_type"": ""compilation, CPU load"", ""cpu_cores_active"": ""2"", ""library"": ""boost/bind"", ""task_files"": 81, ""llm_estimated_task_effort"": ""low"", ""textual_description"": ""The testsuite for boost/bind is being compiled and run."", ""command"": ""b2 --j 2 test"", ""directory"": "".../boost/libs/bind""}"
13165,1767486305,1767486305,1767486307,"{""inverter"": 1, ""source"": ""workstation2_log"", ""device"": ""workstation2"", ""task_type"": ""compilation, CPU load"", ""cpu_cores_active"": ""3"", ""library"": ""boost/static_string"", ""task_files"": 5, ""llm_estimated_task_effort"": ""low"", ""textual_description"": ""The testsuite for boost/static_string is being compiled and run."", ""command"": ""b2 --j 3 test"", ""directory"": "".../boost/libs/static_string""}"
13166,1767486638,1767486638,1767486639,"{""inverter"": 1, ""source"": ""workstation2_log"", ""device"": ""workstation2"", ""task_type"": ""compilation, CPU load"", ""cpu_cores_active"": ""2"", ""library"": ""boost/endian"", ""task_files"": 61, ""llm_estimated_task_effort"": ""low"", ""textual_description"": ""The testsuite for boost/endian is being compiled and run."", ""command"": ""b2 --j 2 test"", ""directory"": "".../boost/libs/endian""}"
13167,1767486803,1767486803,1767486974,"{""inverter"": 1, ""source"": ""workstation1_log"", ""device"": ""workstation1"", ""task_type"": ""compilation, CPU load"", ""cpu_cores_active"": ""2"", ""library"": ""boost/container"", ""task_files"": 98, ""llm_estimated_task_effort"": ""high"", ""textual_description"": ""The testsuite for boost/container is being compiled and run."", ""command"": ""b2 --j 2 test"", ""directory"": "".../boost/libs/container""}"
13168,1767487190,1767487190,1767487280,"{""inverter"": 1, ""source"": ""workstation1_log"", ""device"": ""workstation1"", ""task_type"": ""compilation, CPU load"", ""cpu_cores_active"": ""3"", ""library"": ""boost/function"", ""task_files"": 43, ""llm_estimated_task_effort"": ""low"", ""textual_description"": ""The testsuite for boost/function is being compiled and run."", ""command"": ""b2 --j 3 test"", ""directory"": "".../boost/libs/function""}"
13003,1767487488,1767487488,1767487834,"{""inverter"": 1, ""source"": ""workstation2_log"", ""device"": ""workstation2"", ""task_type"": ""CNN fitting, GPU load"", ""model"": ""resnet18"", ""optim"": ""sgd"", ""dataset"": ""CIFAR10"", ""batch_size"": 128, ""epochs"": 2, ""model_params"": 11689512, ""llm_estimated_task_effort"": ""low"", ""textual_description"": ""The model resnet18 is fitted on CIFAR10 using sgd for 2 epochs with bs=128.""}"
13004,1767487880,1767487880,1767488387,"{""inverter"": 1, ""source"": ""workstation2_log"", ""device"": ""workstation2"", ""task_type"": ""CNN fitting, GPU load"", ""model"": ""wide_resnet50_2"", ""optim"": ""adam"", ""dataset"": ""CIFAR10"", ""batch_size"": 128, ""epochs"": 2, ""model_params"": 68883240, ""llm_estimated_task_effort"": ""high"", ""textual_description"": ""The model wide_resnet50_2 is fitted on CIFAR10 using adam for 2 epochs with bs=128.""}"
13169,1767488182,1767488182,1767488265,"{""inverter"": 1, ""source"": ""workstation1_log"", ""device"": ""workstation1"", ""task_type"": ""compilation, CPU load"", ""cpu_cores_active"": ""6"", ""library"": ""boost/move"", ""task_files"": 34, ""llm_estimated_task_effort"": ""low"", ""textual_description"": ""The testsuite for boost/move is being compiled and run."", ""command"": ""b2 --j 6 test"", ""directory"": "".../boost/libs/move""}"
13170,1767488571,1767488571,1767488645,"{""inverter"": 1, ""source"": ""workstation1_log"", ""device"": ""workstation1"", ""task_type"": ""compilation, CPU load"", ""cpu_cores_active"": ""10"", ""library"": ""boost/cobalt"", ""task_files"": 44, ""llm_estimated_task_effort"": ""medium"", ""textual_description"": ""The testsuite for boost/cobalt is being compiled and run."", ""command"": ""b2 --j 10 test"", ""directory"": "".../boost/libs/cobalt""}"
13171,1767489039,1767489039,1767489040,"{""inverter"": 1, ""source"": ""workstation2_log"", ""device"": ""workstation2"", ""task_type"": ""compilation, CPU load"", ""cpu_cores_active"": ""3"", ""library"": ""boost/dynamic_bitset"", ""task_files"": 13, ""llm_estimated_task_effort"": ""low"", ""textual_description"": ""The testsuite for boost/dynamic_bitset is being compiled and run."", ""command"": ""b2 --j 3 test"", ""directory"": "".../boost/libs/dynamic_bitset""}"
13172,1767489111,1767489111,1767489111,"{""inverter"": 1, ""source"": ""workstation2_log"", ""device"": ""workstation2"", ""task_type"": ""compilation, CPU load"", ""cpu_cores_active"": ""5"", ""library"": ""boost/static_assert"", ""task_files"": 17, ""llm_estimated_task_effort"": ""low"", ""textual_description"": ""The testsuite for boost/static_assert is being compiled and run."", ""command"": ""b2 --j 5 test"", ""directory"": "".../boost/libs/static_assert""}"
13005,1767489335,1767489335,1767489839,"{""inverter"": 1, ""source"": ""workstation2_log"", ""device"": ""workstation2"", ""task_type"": ""CNN fitting, GPU load"", ""model"": ""wide_resnet50_2"", ""optim"": ""adam"", ""dataset"": ""CIFAR10"", ""batch_size"": 128, ""epochs"": 2, ""model_params"": 68883240, ""llm_estimated_task_effort"": ""high"", ""textual_description"": ""The model wide_resnet50_2 is fitted on CIFAR10 using adam for 2 epochs with bs=128.""}"
13173,1767489968,1767489968,1767489969,"{""inverter"": 1, ""source"": ""workstation2_log"", ""device"": ""workstation2"", ""task_type"": ""compilation, CPU load"", ""cpu_cores_active"": ""3"", ""library"": ""boost/lambda"", ""task_files"": 27, ""llm_estimated_task_effort"": ""low"", ""textual_description"": ""The testsuite for boost/lambda is being compiled and run."", ""command"": ""b2 --j 3 test"", ""directory"": "".../boost/libs/lambda""}"
13174,1767490226,1767490226,1767490226,"{""inverter"": 1, ""source"": ""workstation2_log"", ""device"": ""workstation2"", ""task_type"": ""compilation, CPU load"", ""cpu_cores_active"": ""2"", ""library"": ""boost/convert"", ""task_files"": 20, ""llm_estimated_task_effort"": ""low"", ""textual_description"": ""The testsuite for boost/convert is being compiled and run."", ""command"": ""b2 --j 2 test"", ""directory"": "".../boost/libs/convert""}"
13175,1767490268,1767490268,1767490268,"{""inverter"": 1, ""source"": ""workstation2_log"", ""device"": ""workstation2"", ""task_type"": ""compilation, CPU load"", ""cpu_cores_active"": ""6"", ""library"": ""boost/hana"", ""task_files"": 831, ""llm_estimated_task_effort"": ""medium"", ""textual_description"": ""The testsuite for boost/hana is being compiled and run."", ""command"": ""b2 --j 6 test"", ""directory"": "".../boost/libs/hana""}"
13176,1767490394,1767490394,1767490394,"{""inverter"": 1, ""source"": ""workstation2_log"", ""device"": ""workstation2"", ""task_type"": ""compilation, CPU load"", ""cpu_cores_active"": ""2"", ""library"": ""boost/algorithm"", ""task_files"": 60, ""llm_estimated_task_effort"": ""low"", ""textual_description"": ""The testsuite for boost/algorithm is being compiled and run."", ""command"": ""b2 --j 2 test"", ""directory"": "".../boost/libs/algorithm""}"
13006,1767490403,1767490403,1767490751,"{""inverter"": 1, ""source"": ""workstation2_log"", ""device"": ""workstation2"", ""task_type"": ""CNN fitting, GPU load"", ""model"": ""resnet18"", ""optim"": ""sgd"", ""dataset"": ""CIFAR10"", ""batch_size"": 128, ""epochs"": 2, ""model_params"": 11689512, ""llm_estimated_task_effort"": ""low"", ""textual_description"": ""The model resnet18 is fitted on CIFAR10 using sgd for 2 epochs with bs=128.""}"
13177,1767490779,1767490779,1767490780,"{""inverter"": 1, ""source"": ""workstation2_log"", ""device"": ""workstation2"", ""task_type"": ""compilation, CPU load"", ""cpu_cores_active"": ""9"", ""library"": ""boost/safe_numerics"", ""task_files"": 152, ""llm_estimated_task_effort"": ""low"", ""textual_description"": ""The testsuite for boost/safe_numerics is being compiled and run."", ""command"": ""b2 --j 9 test"", ""directory"": "".../boost/libs/safe_numerics""}"
13178,1767490802,1767490802,1767490804,"{""inverter"": 1, ""source"": ""workstation2_log"", ""device"": ""workstation2"", ""task_type"": ""compilation, CPU load"", ""cpu_cores_active"": ""10"", ""library"": ""boost/detail"", ""task_files"": 14, ""llm_estimated_task_effort"": ""low"", ""textual_description"": ""The testsuite for boost/detail is being compiled and run."", ""command"": ""b2 --j 10 test"", ""directory"": "".../boost/libs/detail""}"
13179,1767490843,1767490843,1767490937,"{""inverter"": 1, ""source"": ""workstation1_log"", ""device"": ""workstation1"", ""task_type"": ""compilation, CPU load"", ""cpu_cores_active"": ""7"", ""library"": ""boost/parameter"", ""task_files"": 68, ""llm_estimated_task_effort"": ""low"", ""textual_description"": ""The testsuite for boost/parameter is being compiled and run."", ""command"": ""b2 --j 7 test"", ""directory"": "".../boost/libs/parameter""}"
13180,1767491188,1767491188,1767491189,"{""inverter"": 1, ""source"": ""workstation2_log"", ""device"": ""workstation2"", ""task_type"": ""compilation, CPU load"", ""cpu_cores_active"": ""5"", ""library"": ""boost/poly_collection"", ""task_files"": 46, ""llm_estimated_task_effort"": ""low"", ""textual_description"": ""The testsuite for boost/poly_collection is being compiled and run."", ""command"": ""b2 --j 5 test"", ""directory"": "".../boost/libs/poly_collection""}"
13181,1767491891,1767491891,1767491892,"{""inverter"": 1, ""source"": ""workstation2_log"", ""device"": ""workstation2"", ""task_type"": ""compilation, CPU load"", ""cpu_cores_active"": ""10"", ""library"": ""boost/units"", ""task_files"": 51, ""llm_estimated_task_effort"": ""low"", ""textual_description"": ""The testsuite for boost/units is being compiled and run."", ""command"": ""b2 --j 10 test"", ""directory"": "".../boost/libs/units""}"
13182,1767492052,1767492052,1767492190,"{""inverter"": 1, ""source"": ""workstation1_log"", ""device"": ""workstation1"", ""task_type"": ""compilation, CPU load"", ""cpu_cores_active"": ""1"", ""library"": ""boost/flyweight"", ""task_files"": 40, ""llm_estimated_task_effort"": ""low"", ""textual_description"": ""The testsuite for boost/flyweight is being compiled and run."", ""command"": ""b2 --j 1 test"", ""directory"": "".../boost/libs/flyweight""}"
13183,1767492301,1767492301,1767492301,"{""inverter"": 1, ""source"": ""workstation2_log"", ""device"": ""workstation2"", ""task_type"": ""compilation, CPU load"", ""cpu_cores_active"": ""3"", ""library"": ""boost/property_map_parallel"", ""task_files"": 0, ""llm_estimated_task_effort"": ""low"", ""textual_description"": ""The testsuite for boost/property_map_parallel is being compiled and run."", ""command"": ""b2 --j 3 test"", ""directory"": "".../boost/libs/property_map_parallel""}"
13007,1767492703,1767492703,1767493202,"{""inverter"": 1, ""source"": ""workstation2_log"", ""device"": ""workstation2"", ""task_type"": ""CNN fitting, GPU load"", ""model"": ""wide_resnet50_2"", ""optim"": ""adam"", ""dataset"": ""CIFAR10"", ""batch_size"": 128, ""epochs"": 2, ""model_params"": 68883240, ""llm_estimated_task_effort"": ""high"", ""textual_description"": ""The model wide_resnet50_2 is fitted on CIFAR10 using adam for 2 epochs with bs=128.""}"
13184,1767493674,1767493674,1767493747,"{""inverter"": 1, ""source"": ""workstation1_log"", ""device"": ""workstation1"", ""task_type"": ""compilation, CPU load"", ""cpu_cores_active"": ""9"", ""library"": ""boost/bloom"", ""task_files"": 14, ""llm_estimated_task_effort"": ""low"", ""textual_description"": ""The testsuite for boost/bloom is being compiled and run."", ""command"": ""b2 --j 9 test"", ""directory"": "".../boost/libs/bloom""}"
13185,1767493811,1767493811,1767493811,"{""inverter"": 1, ""source"": ""workstation2_log"", ""device"": ""workstation2"", ""task_type"": ""compilation, CPU load"", ""cpu_cores_active"": ""2"", ""library"": ""boost/integer"", ""task_files"": 27, ""llm_estimated_task_effort"": ""low"", ""textual_description"": ""The testsuite for boost/integer is being compiled and run."", ""command"": ""b2 --j 2 test"", ""directory"": "".../boost/libs/integer""}"
13186,1767493974,1767493974,1767494043,"{""inverter"": 1, ""source"": ""workstation1_log"", ""device"": ""workstation1"", ""task_type"": ""compilation, CPU load"", ""cpu_cores_active"": ""9"", ""library"": ""boost/lambda2"", ""task_files"": 16, ""llm_estimated_task_effort"": ""low"", ""textual_description"": ""The testsuite for boost/lambda2 is being compiled and run."", ""command"": ""b2 --j 9 test"", ""directory"": "".../boost/libs/lambda2""}"
13008,1767494177,1767494177,1767494677,"{""inverter"": 1, ""source"": ""workstation2_log"", ""device"": ""workstation2"", ""task_type"": ""CNN fitting, GPU load"", ""model"": ""wide_resnet50_2"", ""optim"": ""adam"", ""dataset"": ""CIFAR10"", ""batch_size"": 128, ""epochs"": 2, ""model_params"": 68883240, ""llm_estimated_task_effort"": ""high"", ""textual_description"": ""The model wide_resnet50_2 is fitted on CIFAR10 using adam for 2 epochs with bs=128.""}"
13187,1767494598,1767494598,1767494599,"{""inverter"": 1, ""source"": ""workstation2_log"", ""device"": ""workstation2"", ""task_type"": ""compilation, CPU load"", ""cpu_cores_active"": ""1"", ""library"": ""boost/utility"", ""task_files"": 30, ""llm_estimated_task_effort"": ""low"", ""textual_description"": ""The testsuite for boost/utility is being compiled and run."", ""command"": ""b2 --j 1 test"", ""directory"": "".../boost/libs/utility""}"
13009,1767494868,1767494868,1767495204,"{""inverter"": 1, ""source"": ""workstation2_log"", ""device"": ""workstation2"", ""task_type"": ""CNN fitting, GPU load"", ""model"": ""vgg13"", ""optim"": ""sgd"", ""dataset"": ""CIFAR10"", ""batch_size"": 128, ""epochs"": 2, ""model_params"": 133047848, ""llm_estimated_task_effort"": ""medium"", ""textual_description"": ""The model vgg13 is fitted on CIFAR10 using sgd for 2 epochs with bs=128.""}"
13188,1767495545,1767495545,1767495546,"{""inverter"": 1, ""source"": ""workstation2_log"", ""device"": ""workstation2"", ""task_type"": ""compilation, CPU load"", ""cpu_cores_active"": ""9"", ""library"": ""boost/concept_check"", ""task_files"": 18, ""llm_estimated_task_effort"": ""low"", ""textual_description"": ""The testsuite for boost/concept_check is being compiled and run."", ""command"": ""b2 --j 9 test"", ""directory"": "".../boost/libs/concept_check""}"
13189,1767495653,1767495653,1767495726,"{""inverter"": 1, ""source"": ""workstation1_log"", ""device"": ""workstation1"", ""task_type"": ""compilation, CPU load"", ""cpu_cores_active"": ""7"", ""library"": ""boost/circular_buffer"", ""task_files"": 8, ""llm_estimated_task_effort"": ""low"", ""textual_description"": ""The testsuite for boost/circular_buffer is being compiled and run."", ""command"": ""b2 --j 7 test"", ""directory"": "".../boost/libs/circular_buffer""}"
13010,1767495672,1767495672,1767496840,"{""inverter"": 1, ""source"": ""workstation2_log"", ""device"": ""workstation2"", ""task_type"": ""CNN fitting, GPU load"", ""model"": ""swin_v2_s"", ""optim"": ""sgd"", ""dataset"": ""CIFAR10"", ""batch_size"": 128, ""epochs"": 2, ""model_params"": 49737442, ""llm_estimated_task_effort"": ""high"", ""textual_description"": ""The model swin_v2_s is fitted on CIFAR10 using sgd for 2 epochs with bs=128.""}"
13190,1767495734,1767495734,1767495805,"{""inverter"": 1, ""source"": ""workstation1_log"", ""device"": ""workstation1"", ""task_type"": ""compilation, CPU load"", ""cpu_cores_active"": ""3"", ""library"": ""boost/python"", ""task_files"": 188, ""llm_estimated_task_effort"": ""high"", ""textual_description"": ""The testsuite for boost/python is being compiled and run."", ""command"": ""b2 --j 3 test"", ""directory"": "".../boost/libs/python""}"
13191,1767496330,1767496330,1767496331,"{""inverter"": 1, ""source"": ""workstation2_log"", ""device"": ""workstation2"", ""task_type"": ""compilation, CPU load"", ""cpu_cores_active"": ""10"", ""library"": ""boost/conversion"", ""task_files"": 8, ""llm_estimated_task_effort"": ""low"", ""textual_description"": ""The testsuite for boost/conversion is being compiled and run."", ""command"": ""b2 --j 10 test"", ""directory"": "".../boost/libs/conversion""}"
13192,1767496354,1767496354,1767496428,"{""inverter"": 1, ""source"": ""workstation1_log"", ""device"": ""workstation1"", ""task_type"": ""compilation, CPU load"", ""cpu_cores_active"": ""5"", ""library"": ""boost/stl_interfaces"", ""task_files"": 18, ""llm_estimated_task_effort"": ""low"", ""textual_description"": ""The testsuite for boost/stl_interfaces is being compiled and run."", ""command"": ""b2 --j 5 test"", ""directory"": "".../boost/libs/stl_interfaces""}"
13193,1767496408,1767496408,1767496408,"{""inverter"": 1, ""source"": ""workstation2_log"", ""device"": ""workstation2"", ""task_type"": ""compilation, CPU load"", ""cpu_cores_active"": ""10"", ""library"": ""boost/scope_exit"", ""task_files"": 32, ""llm_estimated_task_effort"": ""low"", ""textual_description"": ""The testsuite for boost/scope_exit is being compiled and run."", ""command"": ""b2 --j 10 test"", ""directory"": "".../boost/libs/scope_exit""}"
13194,1767496539,1767496539,1767496624,"{""inverter"": 1, ""source"": ""workstation1_log"", ""device"": ""workstation1"", ""task_type"": ""compilation, CPU load"", ""cpu_cores_active"": ""3"", ""library"": ""boost/config"", ""task_files"": 754, ""llm_estimated_task_effort"": ""low"", ""textual_description"": ""The testsuite for boost/config is being compiled and run."", ""command"": ""b2 --j 3 test"", ""directory"": "".../boost/libs/config""}"
13011,1767497007,1767497007,1767497853,"{""inverter"": 1, ""source"": ""workstation2_log"", ""device"": ""workstation2"", ""task_type"": ""CNN fitting, GPU load"", ""model"": ""densenet121"", ""optim"": ""adam"", ""dataset"": ""CIFAR10"", ""batch_size"": 128, ""epochs"": 2, ""model_params"": 7978856, ""llm_estimated_task_effort"": ""medium"", ""textual_description"": ""The model densenet121 is fitted on CIFAR10 using adam for 2 epochs with bs=128.""}"
13195,1767497024,1767497024,1767497091,"{""inverter"": 1, ""source"": ""workstation1_log"", ""device"": ""workstation1"", ""task_type"": ""compilation, CPU load"", ""cpu_cores_active"": ""5"", ""library"": ""boost/tokenizer"", ""task_files"": 9, ""llm_estimated_task_effort"": ""low"", ""textual_description"": ""The testsuite for boost/tokenizer is being compiled and run."", ""command"": ""b2 --j 5 test"", ""directory"": "".../boost/libs/tokenizer""}"
13196,1767497203,1767497203,1767497203,"{""inverter"": 1, ""source"": ""workstation2_log"", ""device"": ""workstation2"", ""task_type"": ""compilation, CPU load"", ""cpu_cores_active"": ""3"", ""library"": ""boost/statechart"", ""task_files"": 67, ""llm_estimated_task_effort"": ""high"", ""textual_description"": ""The testsuite for boost/statechart is being compiled and run."", ""command"": ""b2 --j 3 test"", ""directory"": "".../boost/libs/statechart""}"
13197,1767497260,1767497260,1767497262,"{""inverter"": 1, ""source"": ""workstation2_log"", ""device"": ""workstation2"", ""task_type"": ""compilation, CPU load"", ""cpu_cores_active"": ""9"", ""library"": ""boost/lockfree"", ""task_files"": 24, ""llm_estimated_task_effort"": ""high"", ""textual_description"": ""The testsuite for boost/lockfree is being compiled and run."", ""command"": ""b2 --j 9 test"", ""directory"": "".../boost/libs/lockfree""}"
13198,1767497377,1767497377,1767497379,"{""inverter"": 1, ""source"": ""workstation2_log"", ""device"": ""workstation2"", ""task_type"": ""compilation, CPU load"", ""cpu_cores_active"": ""2"", ""library"": ""boost/preprocessor"", ""task_files"": 73, ""llm_estimated_task_effort"": ""medium"", ""textual_description"": ""The testsuite for boost/preprocessor is being compiled and run."", ""command"": ""b2 --j 2 test"", ""directory"": "".../boost/libs/preprocessor""}"
13199,1767497380,1767497380,1767497463,"{""inverter"": 1, ""source"": ""workstation1_log"", ""device"": ""workstation1"", ""task_type"": ""compilation, CPU load"", ""cpu_cores_active"": ""7"", ""library"": ""boost/move"", ""task_files"": 34, ""llm_estimated_task_effort"": ""low"", ""textual_description"": ""The testsuite for boost/move is being compiled and run."", ""command"": ""b2 --j 7 test"", ""directory"": "".../boost/libs/move""}"
13200,1767498353,1767498353,1767498428,"{""inverter"": 1, ""source"": ""workstation1_log"", ""device"": ""workstation1"", ""task_type"": ""compilation, CPU load"", ""cpu_cores_active"": ""7"", ""library"": ""boost/integer"", ""task_files"": 27, ""llm_estimated_task_effort"": ""low"", ""textual_description"": ""The testsuite for boost/integer is being compiled and run."", ""command"": ""b2 --j 7 test"", ""directory"": "".../boost/libs/integer""}"
13012,1767498761,1767498761,1767499915,"{""inverter"": 1, ""source"": ""workstation2_log"", ""device"": ""workstation2"", ""task_type"": ""CNN fitting, GPU load"", ""model"": ""swin_v2_s"", ""optim"": ""sgd"", ""dataset"": ""CIFAR10"", ""batch_size"": 128, ""epochs"": 2, ""model_params"": 49737442, ""llm_estimated_task_effort"": ""high"", ""textual_description"": ""The model swin_v2_s is fitted on CIFAR10 using sgd for 2 epochs with bs=128.""}"
13201,1767498887,1767498887,1767498888,"{""inverter"": 1, ""source"": ""workstation2_log"", ""device"": ""workstation2"", ""task_type"": ""compilation, CPU load"", ""cpu_cores_active"": ""8"", ""library"": ""boost/type_erasure"", ""task_files"": 61, ""llm_estimated_task_effort"": ""low"", ""textual_description"": ""The testsuite for boost/type_erasure is being compiled and run."", ""command"": ""b2 --j 8 test"", ""directory"": "".../boost/libs/type_erasure""}"
13202,1767499281,1767499281,1767499282,"{""inverter"": 1, ""source"": ""workstation2_log"", ""device"": ""workstation2"", ""task_type"": ""compilation, CPU load"", ""cpu_cores_active"": ""1"", ""library"": ""boost/mpi"", ""task_files"": 75, ""llm_estimated_task_effort"": ""high"", ""textual_description"": ""The testsuite for boost/mpi is being compiled and run."", ""command"": ""b2 --j 1 test"", ""directory"": "".../boost/libs/mpi""}"
13203,1767499370,1767499370,1767499371,"{""inverter"": 1, ""source"": ""workstation2_log"", ""device"": ""workstation2"", ""task_type"": ""compilation, CPU load"", ""cpu_cores_active"": ""2"", ""library"": ""boost/fiber"", ""task_files"": 33, ""llm_estimated_task_effort"": ""high"", ""textual_description"": ""The testsuite for boost/fiber is being compiled and run."", ""command"": ""b2 --j 2 test"", ""directory"": "".../boost/libs/fiber""}"
13204,1767499551,1767499551,1767499630,"{""inverter"": 1, ""source"": ""workstation1_log"", ""device"": ""workstation1"", ""task_type"": ""compilation, CPU load"", ""cpu_cores_active"": ""7"", ""library"": ""boost/proto"", ""task_files"": 24, ""llm_estimated_task_effort"": ""low"", ""textual_description"": ""The testsuite for boost/proto is being compiled and run."", ""command"": ""b2 --j 7 test"", ""directory"": "".../boost/libs/proto""}"
13205,1767499684,1767499684,1767499896,"{""inverter"": 1, ""source"": ""workstation1_log"", ""device"": ""workstation1"", ""task_type"": ""compilation, CPU load"", ""cpu_cores_active"": ""9"", ""library"": ""boost/test"", ""task_files"": 112, ""llm_estimated_task_effort"": ""low"", ""textual_description"": ""The testsuite for boost/test is being compiled and run."", ""command"": ""b2 --j 9 test"", ""directory"": "".../boost/libs/test""}"
13206,1767499926,1767499926,1767499927,"{""inverter"": 1, ""source"": ""workstation2_log"", ""device"": ""workstation2"", ""task_type"": ""compilation, CPU load"", ""cpu_cores_active"": ""3"", ""library"": ""boost/container_hash"", ""task_files"": 90, ""llm_estimated_task_effort"": ""low"", ""textual_description"": ""The testsuite for boost/container_hash is being compiled and run."", ""command"": ""b2 --j 3 test"", ""directory"": "".../boost/libs/container_hash""}"
13207,1767500266,1767500266,1767500354,"{""inverter"": 1, ""source"": ""workstation1_log"", ""device"": ""workstation1"", ""task_type"": ""compilation, CPU load"", ""cpu_cores_active"": ""9"", ""library"": ""boost/mp11"", ""task_files"": 241, ""llm_estimated_task_effort"": ""low"", ""textual_description"": ""The testsuite for boost/mp11 is being compiled and run."", ""command"": ""b2 --j 9 test"", ""directory"": "".../boost/libs/mp11""}"
13208,1767500988,1767500988,1767500989,"{""inverter"": 1, ""source"": ""workstation2_log"", ""device"": ""workstation2"", ""task_type"": ""compilation, CPU load"", ""cpu_cores_active"": ""9"", ""library"": ""boost/any"", ""task_files"": 47, ""llm_estimated_task_effort"": ""low"", ""textual_description"": ""The testsuite for boost/any is being compiled and run."", ""command"": ""b2 --j 9 test"", ""directory"": "".../boost/libs/any""}"
13013,1767501652,1767501652,1767501986,"{""inverter"": 1, ""source"": ""workstation2_log"", ""device"": ""workstation2"", ""task_type"": ""CNN fitting, GPU load"", ""model"": ""vgg19"", ""optim"": ""sgd"", ""dataset"": ""CIFAR10"", ""batch_size"": 128, ""epochs"": 2, ""model_params"": 143667240, ""llm_estimated_task_effort"": ""medium"", ""textual_description"": ""The model vgg19 is fitted on CIFAR10 using sgd for 2 epochs with bs=128.""}"
13209,1767501686,1767501686,1767501687,"{""inverter"": 1, ""source"": ""workstation2_log"", ""device"": ""workstation2"", ""task_type"": ""compilation, CPU load"", ""cpu_cores_active"": ""10"", ""library"": ""boost/integer"", ""task_files"": 27, ""llm_estimated_task_effort"": ""low"", ""textual_description"": ""The testsuite for boost/integer is being compiled and run."", ""command"": ""b2 --j 10 test"", ""directory"": "".../boost/libs/integer""}"
13210,1767501755,1767501755,1767501836,"{""inverter"": 1, ""source"": ""workstation1_log"", ""device"": ""workstation1"", ""task_type"": ""compilation, CPU load"", ""cpu_cores_active"": ""4"", ""library"": ""boost/nowide"", ""task_files"": 25, ""llm_estimated_task_effort"": ""low"", ""textual_description"": ""The testsuite for boost/nowide is being compiled and run."", ""command"": ""b2 --j 4 test"", ""directory"": "".../boost/libs/nowide""}"
13211,1767502057,1767502057,1767502058,"{""inverter"": 1, ""source"": ""workstation2_log"", ""device"": ""workstation2"", ""task_type"": ""compilation, CPU load"", ""cpu_cores_active"": ""3"", ""library"": ""boost/metaparse"", ""task_files"": 113, ""llm_estimated_task_effort"": ""medium"", ""textual_description"": ""The testsuite for boost/metaparse is being compiled and run."", ""command"": ""b2 --j 3 test"", ""directory"": "".../boost/libs/metaparse""}"
13212,1767502073,1767502073,1767502185,"{""inverter"": 1, ""source"": ""workstation1_log"", ""device"": ""workstation1"", ""task_type"": ""compilation, CPU load"", ""cpu_cores_active"": ""1"", ""library"": ""boost/nowide"", ""task_files"": 25, ""llm_estimated_task_effort"": ""low"", ""textual_description"": ""The testsuite for boost/nowide is being compiled and run."", ""command"": ""b2 --j 1 test"", ""directory"": "".../boost/libs/nowide""}"
13213,1767502157,1767502157,1767502158,"{""inverter"": 1, ""source"": ""workstation2_log"", ""device"": ""workstation2"", ""task_type"": ""compilation, CPU load"", ""cpu_cores_active"": ""1"", ""library"": ""boost/program_options"", ""task_files"": 26, ""llm_estimated_task_effort"": ""high"", ""textual_description"": ""The testsuite for boost/program_options is being compiled and run."", ""command"": ""b2 --j 1 test"", ""directory"": "".../boost/libs/program_options""}"
13214,1767502532,1767502532,1767502598,"{""inverter"": 1, ""source"": ""workstation1_log"", ""device"": ""workstation1"", ""task_type"": ""compilation, CPU load"", ""cpu_cores_active"": ""1"", ""library"": ""boost/graph_parallel"", ""task_files"": 30, ""llm_estimated_task_effort"": ""high"", ""textual_description"": ""The testsuite for boost/graph_parallel is being compiled and run."", ""command"": ""b2 --j 1 test"", ""directory"": "".../boost/libs/graph_parallel""}"
13014,1767502707,1767502707,1767503086,"{""inverter"": 1, ""source"": ""workstation2_log"", ""device"": ""workstation2"", ""task_type"": ""CNN fitting, GPU load"", ""model"": ""resnet18"", ""optim"": ""adam"", ""dataset"": ""CIFAR10"", ""batch_size"": 128, ""epochs"": 2, ""model_params"": 11689512, ""llm_estimated_task_effort"": ""low"", ""textual_description"": ""The model resnet18 is fitted on CIFAR10 using adam for 2 epochs with bs=128.""}"
13215,1767503244,1767503244,1767503329,"{""inverter"": 1, ""source"": ""workstation1_log"", ""device"": ""workstation1"", ""task_type"": ""compilation, CPU load"", ""cpu_cores_active"": ""5"", ""library"": ""boost/lockfree"", ""task_files"": 24, ""llm_estimated_task_effort"": ""high"", ""textual_description"": ""The testsuite for boost/lockfree is being compiled and run."", ""command"": ""b2 --j 5 test"", ""directory"": "".../boost/libs/lockfree""}"
13015,1767503675,1767503675,1767504014,"{""inverter"": 1, ""source"": ""workstation2_log"", ""device"": ""workstation2"", ""task_type"": ""CNN fitting, GPU load"", ""model"": ""vgg13"", ""optim"": ""adam"", ""dataset"": ""CIFAR10"", ""batch_size"": 128, ""epochs"": 2, ""model_params"": 133047848, ""llm_estimated_task_effort"": ""medium"", ""textual_description"": ""The model vgg13 is fitted on CIFAR10 using adam for 2 epochs with bs=128.""}"
13216,1767503905,1767503905,1767503906,"{""inverter"": 1, ""source"": ""workstation2_log"", ""device"": ""workstation2"", ""task_type"": ""compilation, CPU load"", ""cpu_cores_active"": ""3"", ""library"": ""boost/date_time"", ""task_files"": 70, ""llm_estimated_task_effort"": ""low"", ""textual_description"": ""The testsuite for boost/date_time is being compiled and run."", ""command"": ""b2 --j 3 test"", ""directory"": "".../boost/libs/date_time""}"
13217,1767503950,1767503950,1767504022,"{""inverter"": 1, ""source"": ""workstation1_log"", ""device"": ""workstation1"", ""task_type"": ""compilation, CPU load"", ""cpu_cores_active"": ""6"", ""library"": ""boost/lambda2"", ""task_files"": 16, ""llm_estimated_task_effort"": ""low"", ""textual_description"": ""The testsuite for boost/lambda2 is being compiled and run."", ""command"": ""b2 --j 6 test"", ""directory"": "".../boost/libs/lambda2""}"
13016,1767504119,1767504119,1767504859,"{""inverter"": 1, ""source"": ""workstation2_log"", ""device"": ""workstation2"", ""task_type"": ""CNN fitting, GPU load"", ""model"": ""densenet121"", ""optim"": ""sgd"", ""dataset"": ""CIFAR10"", ""batch_size"": 128, ""epochs"": 2, ""model_params"": 7978856, ""llm_estimated_task_effort"": ""medium"", ""textual_description"": ""The model densenet121 is fitted on CIFAR10 using sgd for 2 epochs with bs=128.""}"
13218,1767504204,1767504204,1767504275,"{""inverter"": 1, ""source"": ""workstation1_log"", ""device"": ""workstation1"", ""task_type"": ""compilation, CPU load"", ""cpu_cores_active"": ""6"", ""library"": ""boost/graph"", ""task_files"": 1290, ""llm_estimated_task_effort"": ""high"", ""textual_description"": ""The testsuite for boost/graph is being compiled and run."", ""command"": ""b2 --j 6 test"", ""directory"": "".../boost/libs/graph""}"
13219,1767504296,1767504296,1767504381,"{""inverter"": 1, ""source"": ""workstation1_log"", ""device"": ""workstation1"", ""task_type"": ""compilation, CPU load"", ""cpu_cores_active"": ""5"", ""library"": ""boost/move"", ""task_files"": 34, ""llm_estimated_task_effort"": ""low"", ""textual_description"": ""The testsuite for boost/move is being compiled and run."", ""command"": ""b2 --j 5 test"", ""directory"": "".../boost/libs/move""}"
13220,1767504854,1767504854,1767504855,"{""inverter"": 1, ""source"": ""workstation2_log"", ""device"": ""workstation2"", ""task_type"": ""compilation, CPU load"", ""cpu_cores_active"": ""2"", ""library"": ""boost/algorithm"", ""task_files"": 60, ""llm_estimated_task_effort"": ""low"", ""textual_description"": ""The testsuite for boost/algorithm is being compiled and run."", ""command"": ""b2 --j 2 test"", ""directory"": "".../boost/libs/algorithm""}"
13017,1767504903,1767504903,1767506154,"{""inverter"": 1, ""source"": ""workstation2_log"", ""device"": ""workstation2"", ""task_type"": ""CNN fitting, GPU load"", ""model"": ""swin_v2_s"", ""optim"": ""adam"", ""dataset"": ""CIFAR10"", ""batch_size"": 128, ""epochs"": 2, ""model_params"": 49737442, ""llm_estimated_task_effort"": ""high"", ""textual_description"": ""The model swin_v2_s is fitted on CIFAR10 using adam for 2 epochs with bs=128.""}"
13221,1767505036,1767505036,1767505118,"{""inverter"": 1, ""source"": ""workstation1_log"", ""device"": ""workstation1"", ""task_type"": ""compilation, CPU load"", ""cpu_cores_active"": ""8"", ""library"": ""boost/local_function"", ""task_files"": 86, ""llm_estimated_task_effort"": ""low"", ""textual_description"": ""The testsuite for boost/local_function is being compiled and run."", ""command"": ""b2 --j 8 test"", ""directory"": "".../boost/libs/local_function""}"
13222,1767505086,1767505086,1767505087,"{""inverter"": 1, ""source"": ""workstation2_log"", ""device"": ""workstation2"", ""task_type"": ""compilation, CPU load"", ""cpu_cores_active"": ""6"", ""library"": ""boost/regex"", ""task_files"": 106, ""llm_estimated_task_effort"": ""high"", ""textual_description"": ""The testsuite for boost/regex is being compiled and run."", ""command"": ""b2 --j 6 test"", ""directory"": "".../boost/libs/regex""}"
13223,1767505434,1767505434,1767505435,"{""inverter"": 1, ""source"": ""workstation2_log"", ""device"": ""workstation2"", ""task_type"": ""compilation, CPU load"", ""cpu_cores_active"": ""8"", ""library"": ""boost/intrusive"", ""task_files"": 55, ""llm_estimated_task_effort"": ""low"", ""textual_description"": ""The testsuite for boost/intrusive is being compiled and run."", ""command"": ""b2 --j 8 test"", ""directory"": "".../boost/libs/intrusive""}"
13224,1767505926,1767505926,1767505927,"{""inverter"": 1, ""source"": ""workstation2_log"", ""device"": ""workstation2"", ""task_type"": ""compilation, CPU load"", ""cpu_cores_active"": ""1"", ""library"": ""boost/pool"", ""task_files"": 22, ""llm_estimated_task_effort"": ""low"", ""textual_description"": ""The testsuite for boost/pool is being compiled and run."", ""command"": ""b2 --j 1 test"", ""directory"": "".../boost/libs/pool""}"
13225,1767506214,1767506214,1767506216,"{""inverter"": 1, ""source"": ""workstation2_log"", ""device"": ""workstation2"", ""task_type"": ""compilation, CPU load"", ""cpu_cores_active"": ""10"", ""library"": ""boost/context"", ""task_files"": 7, ""llm_estimated_task_effort"": ""high"", ""textual_description"": ""The testsuite for boost/context is being compiled and run."", ""command"": ""b2 --j 10 test"", ""directory"": "".../boost/libs/context""}"
13226,1767506219,1767506219,1767506220,"{""inverter"": 1, ""source"": ""workstation2_log"", ""device"": ""workstation2"", ""task_type"": ""compilation, CPU load"", ""cpu_cores_active"": ""6"", ""library"": ""boost/fusion"", ""task_files"": 247, ""llm_estimated_task_effort"": ""low"", ""textual_description"": ""The testsuite for boost/fusion is being compiled and run."", ""command"": ""b2 --j 6 test"", ""directory"": "".../boost/libs/fusion""}"
13227,1767506552,1767506552,1767506552,"{""inverter"": 1, ""source"": ""workstation2_log"", ""device"": ""workstation2"", ""task_type"": ""compilation, CPU load"", ""cpu_cores_active"": ""10"", ""library"": ""boost/asio"", ""task_files"": 386, ""llm_estimated_task_effort"": ""high"", ""textual_description"": ""The testsuite for boost/asio is being compiled and run."", ""command"": ""b2 --j 10 test"", ""directory"": "".../boost/libs/asio""}"
13018,1767506718,1767506718,1767507880,"{""inverter"": 1, ""source"": ""workstation2_log"", ""device"": ""workstation2"", ""task_type"": ""CNN fitting, GPU load"", ""model"": ""swin_v2_s"", ""optim"": ""sgd"", ""dataset"": ""CIFAR10"", ""batch_size"": 128, ""epochs"": 2, ""model_params"": 49737442, ""llm_estimated_task_effort"": ""high"", ""textual_description"": ""The model swin_v2_s is fitted on CIFAR10 using sgd for 2 epochs with bs=128.""}"
13228,1767506945,1767506945,1767507024,"{""inverter"": 1, ""source"": ""workstation1_log"", ""device"": ""workstation1"", ""task_type"": ""compilation, CPU load"", ""cpu_cores_active"": ""4"", ""library"": ""boost/config"", ""task_files"": 754, ""llm_estimated_task_effort"": ""low"", ""textual_description"": ""The testsuite for boost/config is being compiled and run."", ""command"": ""b2 --j 4 test"", ""directory"": "".../boost/libs/config""}"
13229,1767507573,1767507573,1767507653,"{""inverter"": 1, ""source"": ""workstation1_log"", ""device"": ""workstation1"", ""task_type"": ""compilation, CPU load"", ""cpu_cores_active"": ""7"", ""library"": ""boost/tti"", ""task_files"": 147, ""llm_estimated_task_effort"": ""low"", ""textual_description"": ""The testsuite for boost/tti is being compiled and run."", ""command"": ""b2 --j 7 test"", ""directory"": "".../boost/libs/tti""}"
13230,1767507634,1767507634,1767507635,"{""inverter"": 1, ""source"": ""workstation2_log"", ""device"": ""workstation2"", ""task_type"": ""compilation, CPU load"", ""cpu_cores_active"": ""2"", ""library"": ""boost/redis"", ""task_files"": 45, ""llm_estimated_task_effort"": ""medium"", ""textual_description"": ""The testsuite for boost/redis is being compiled and run."", ""command"": ""b2 --j 2 test"", ""directory"": "".../boost/libs/redis""}"
13231,1767507671,1767507671,1767507767,"{""inverter"": 1, ""source"": ""workstation1_log"", ""device"": ""workstation1"", ""task_type"": ""compilation, CPU load"", ""cpu_cores_active"": ""8"", ""library"": ""boost/date_time"", ""task_files"": 70, ""llm_estimated_task_effort"": ""low"", ""textual_description"": ""The testsuite for boost/date_time is being compiled and run."", ""command"": ""b2 --j 8 test"", ""directory"": "".../boost/libs/date_time""}"
13232,1767508120,1767508120,1767508121,"{""inverter"": 1, ""source"": ""workstation2_log"", ""device"": ""workstation2"", ""task_type"": ""compilation, CPU load"", ""cpu_cores_active"": ""10"", ""library"": ""boost/assert"", ""task_files"": 25, ""llm_estimated_task_effort"": ""low"", ""textual_description"": ""The testsuite for boost/assert is being compiled and run."", ""command"": ""b2 --j 10 test"", ""directory"": "".../boost/libs/assert""}"
13233,1767508147,1767508147,1767508148,"{""inverter"": 1, ""source"": ""workstation2_log"", ""device"": ""workstation2"", ""task_type"": ""compilation, CPU load"", ""cpu_cores_active"": ""1"", ""library"": ""boost/bimap"", ""task_files"": 36, ""llm_estimated_task_effort"": ""low"", ""textual_description"": ""The testsuite for boost/bimap is being compiled and run."", ""command"": ""b2 --j 1 test"", ""directory"": "".../boost/libs/bimap""}"
13234,1767508347,1767508347,1767508587,"{""inverter"": 1, ""source"": ""workstation1_log"", ""device"": ""workstation1"", ""task_type"": ""compilation, CPU load"", ""cpu_cores_active"": ""7"", ""library"": ""boost/test"", ""task_files"": 112, ""llm_estimated_task_effort"": ""low"", ""textual_description"": ""The testsuite for boost/test is being compiled and run."", ""command"": ""b2 --j 7 test"", ""directory"": "".../boost/libs/test""}"
13235,1767508900,1767508900,1767508979,"{""inverter"": 1, ""source"": ""workstation1_log"", ""device"": ""workstation1"", ""task_type"": ""compilation, CPU load"", ""cpu_cores_active"": ""2"", ""library"": ""boost/convert"", ""task_files"": 20, ""llm_estimated_task_effort"": ""low"", ""textual_description"": ""The testsuite for boost/convert is being compiled and run."", ""command"": ""b2 --j 2 test"", ""directory"": "".../boost/libs/convert""}"
13019,1767509318,1767509318,1767510593,"{""inverter"": 1, ""source"": ""workstation2_log"", ""device"": ""workstation2"", ""task_type"": ""CNN fitting, GPU load"", ""model"": ""swin_v2_s"", ""optim"": ""adam"", ""dataset"": ""CIFAR10"", ""batch_size"": 128, ""epochs"": 2, ""model_params"": 49737442, ""llm_estimated_task_effort"": ""high"", ""textual_description"": ""The model swin_v2_s is fitted on CIFAR10 using adam for 2 epochs with bs=128.""}"
13236,1767509827,1767509827,1767509828,"{""inverter"": 1, ""source"": ""workstation2_log"", ""device"": ""workstation2"", ""task_type"": ""compilation, CPU load"", ""cpu_cores_active"": ""2"", ""library"": ""boost/polygon"", ""task_files"": 17, ""llm_estimated_task_effort"": ""high"", ""textual_description"": ""The testsuite for boost/polygon is being compiled and run."", ""command"": ""b2 --j 2 test"", ""directory"": "".../boost/libs/polygon""}"
13237,1767509891,1767509891,1767509974,"{""inverter"": 1, ""source"": ""workstation1_log"", ""device"": ""workstation1"", ""task_type"": ""compilation, CPU load"", ""cpu_cores_active"": ""9"", ""library"": ""boost/ptr_container"", ""task_files"": 32, ""llm_estimated_task_effort"": ""medium"", ""textual_description"": ""The testsuite for boost/ptr_container is being compiled and run."", ""command"": ""b2 --j 9 test"", ""directory"": "".../boost/libs/ptr_container""}"
13238,1767510144,1767510144,1767510224,"{""inverter"": 1, ""source"": ""workstation1_log"", ""device"": ""workstation1"", ""task_type"": ""compilation, CPU load"", ""cpu_cores_active"": ""8"", ""library"": ""boost/program_options"", ""task_files"": 26, ""llm_estimated_task_effort"": ""high"", ""textual_description"": ""The testsuite for boost/program_options is being compiled and run."", ""command"": ""b2 --j 8 test"", ""directory"": "".../boost/libs/program_options""}"
13239,1767510358,1767510358,1767510359,"{""inverter"": 1, ""source"": ""workstation2_log"", ""device"": ""workstation2"", ""task_type"": ""compilation, CPU load"", ""cpu_cores_active"": ""6"", ""library"": ""boost/describe"", ""task_files"": 53, ""llm_estimated_task_effort"": ""low"", ""textual_description"": ""The testsuite for boost/describe is being compiled and run."", ""command"": ""b2 --j 6 test"", ""directory"": "".../boost/libs/describe""}"
13020,1767510754,1767510754,1767511605,"{""inverter"": 1, ""source"": ""workstation2_log"", ""device"": ""workstation2"", ""task_type"": ""CNN fitting, GPU load"", ""model"": ""densenet121"", ""optim"": ""adam"", ""dataset"": ""CIFAR10"", ""batch_size"": 128, ""epochs"": 2, ""model_params"": 7978856, ""llm_estimated_task_effort"": ""medium"", ""textual_description"": ""The model densenet121 is fitted on CIFAR10 using adam for 2 epochs with bs=128.""}"
13240,1767510959,1767510959,1767510959,"{""inverter"": 1, ""source"": ""workstation2_log"", ""device"": ""workstation2"", ""task_type"": ""compilation, CPU load"", ""cpu_cores_active"": ""10"", ""library"": ""boost/program_options"", ""task_files"": 26, ""llm_estimated_task_effort"": ""high"", ""textual_description"": ""The testsuite for boost/program_options is being compiled and run."", ""command"": ""b2 --j 10 test"", ""directory"": "".../boost/libs/program_options""}"
13241,1767511685,1767511685,1767511760,"{""inverter"": 1, ""source"": ""workstation1_log"", ""device"": ""workstation1"", ""task_type"": ""compilation, CPU load"", ""cpu_cores_active"": ""8"", ""library"": ""boost/nowide"", ""task_files"": 25, ""llm_estimated_task_effort"": ""low"", ""textual_description"": ""The testsuite for boost/nowide is being compiled and run."", ""command"": ""b2 --j 8 test"", ""directory"": "".../boost/libs/nowide""}"
13242,1767511905,1767511905,1767511906,"{""inverter"": 1, ""source"": ""workstation2_log"", ""device"": ""workstation2"", ""task_type"": ""compilation, CPU load"", ""cpu_cores_active"": ""7"", ""library"": ""boost/safe_numerics"", ""task_files"": 152, ""llm_estimated_task_effort"": ""low"", ""textual_description"": ""The testsuite for boost/safe_numerics is being compiled and run."", ""command"": ""b2 --j 7 test"", ""directory"": "".../boost/libs/safe_numerics""}"
13021,1767512228,1767512228,1767512734,"{""inverter"": 1, ""source"": ""workstation2_log"", ""device"": ""workstation2"", ""task_type"": ""CNN fitting, GPU load"", ""model"": ""wide_resnet50_2"", ""optim"": ""adam"", ""dataset"": ""CIFAR10"", ""batch_size"": 128, ""epochs"": 2, ""model_params"": 68883240, ""llm_estimated_task_effort"": ""high"", ""textual_description"": ""The model wide_resnet50_2 is fitted on CIFAR10 using adam for 2 epochs with bs=128.""}"
13243,1767512344,1767512344,1767512345,"{""inverter"": 1, ""source"": ""workstation2_log"", ""device"": ""workstation2"", ""task_type"": ""compilation, CPU load"", ""cpu_cores_active"": ""2"", ""library"": ""boost/dll"", ""task_files"": 29, ""llm_estimated_task_effort"": ""low"", ""textual_description"": ""The testsuite for boost/dll is being compiled and run."", ""command"": ""b2 --j 2 test"", ""directory"": "".../boost/libs/dll""}"
13244,1767512722,1767512722,1767512833,"{""inverter"": 1, ""source"": ""workstation1_log"", ""device"": ""workstation1"", ""task_type"": ""compilation, CPU load"", ""cpu_cores_active"": ""10"", ""library"": ""boost/mqtt5"", ""task_files"": 45, ""llm_estimated_task_effort"": ""medium"", ""textual_description"": ""The testsuite for boost/mqtt5 is being compiled and run."", ""command"": ""b2 --j 10 test"", ""directory"": "".../boost/libs/mqtt5""}"
13022,1767512794,1767512794,1767513149,"{""inverter"": 1, ""source"": ""workstation2_log"", ""device"": ""workstation2"", ""task_type"": ""CNN fitting, GPU load"", ""model"": ""vgg19"", ""optim"": ""adam"", ""dataset"": ""CIFAR10"", ""batch_size"": 128, ""epochs"": 2, ""model_params"": 143667240, ""llm_estimated_task_effort"": ""medium"", ""textual_description"": ""The model vgg19 is fitted on CIFAR10 using adam for 2 epochs with bs=128.""}"
13245,1767512853,1767512853,1767512854,"{""inverter"": 1, ""source"": ""workstation2_log"", ""device"": ""workstation2"", ""task_type"": ""compilation, CPU load"", ""cpu_cores_active"": ""4"", ""library"": ""boost/coroutine"", ""task_files"": 3, ""llm_estimated_task_effort"": ""high"", ""textual_description"": ""The testsuite for boost/coroutine is being compiled and run."", ""command"": ""b2 --j 4 test"", ""directory"": "".../boost/libs/coroutine""}"
13246,1767513020,1767513020,1767513021,"{""inverter"": 1, ""source"": ""workstation2_log"", ""device"": ""workstation2"", ""task_type"": ""compilation, CPU load"", ""cpu_cores_active"": ""10"", ""library"": ""boost/conversion"", ""task_files"": 8, ""llm_estimated_task_effort"": ""low"", ""textual_description"": ""The testsuite for boost/conversion is being compiled and run."", ""command"": ""b2 --j 10 test"", ""directory"": "".../boost/libs/conversion""}"
13247,1767513184,1767513184,1767513185,"{""inverter"": 1, ""source"": ""workstation2_log"", ""device"": ""workstation2"", ""task_type"": ""compilation, CPU load"", ""cpu_cores_active"": ""9"", ""library"": ""boost/tuple"", ""task_files"": 13, ""llm_estimated_task_effort"": ""low"", ""textual_description"": ""The testsuite for boost/tuple is being compiled and run."", ""command"": ""b2 --j 9 test"", ""directory"": "".../boost/libs/tuple""}"
13248,1767513219,1767513219,1767513219,"{""inverter"": 1, ""source"": ""workstation2_log"", ""device"": ""workstation2"", ""task_type"": ""compilation, CPU load"", ""cpu_cores_active"": ""5"", ""library"": ""boost/lambda"", ""task_files"": 27, ""llm_estimated_task_effort"": ""low"", ""textual_description"": ""The testsuite for boost/lambda is being compiled and run."", ""command"": ""b2 --j 5 test"", ""directory"": "".../boost/libs/lambda""}"
13249,1767513335,1767513335,1767513336,"{""inverter"": 1, ""source"": ""workstation2_log"", ""device"": ""workstation2"", ""task_type"": ""compilation, CPU load"", ""cpu_cores_active"": ""2"", ""library"": ""boost/program_options"", ""task_files"": 26, ""llm_estimated_task_effort"": ""high"", ""textual_description"": ""The testsuite for boost/program_options is being compiled and run."", ""command"": ""b2 --j 2 test"", ""directory"": "".../boost/libs/program_options""}"
13250,1767514105,1767514105,1767514461,"{""inverter"": 1, ""source"": ""workstation1_log"", ""device"": ""workstation1"", ""task_type"": ""compilation, CPU load"", ""cpu_cores_active"": ""1"", ""library"": ""boost/sort"", ""task_files"": 17, ""llm_estimated_task_effort"": ""low"", ""textual_description"": ""The testsuite for boost/sort is being compiled and run."", ""command"": ""b2 --j 1 test"", ""directory"": "".../boost/libs/sort""}"
13251,1767514204,1767514204,1767514205,"{""inverter"": 1, ""source"": ""workstation2_log"", ""device"": ""workstation2"", ""task_type"": ""compilation, CPU load"", ""cpu_cores_active"": ""1"", ""library"": ""boost/scope"", ""task_files"": 27, ""llm_estimated_task_effort"": ""low"", ""textual_description"": ""The testsuite for boost/scope is being compiled and run."", ""command"": ""b2 --j 1 test"", ""directory"": "".../boost/libs/scope""}"
13252,1767514557,1767514557,1767514745,"{""inverter"": 1, ""source"": ""workstation1_log"", ""device"": ""workstation1"", ""task_type"": ""compilation, CPU load"", ""cpu_cores_active"": ""9"", ""library"": ""boost/interprocess"", ""task_files"": 122, ""llm_estimated_task_effort"": ""high"", ""textual_description"": ""The testsuite for boost/interprocess is being compiled and run."", ""command"": ""b2 --j 9 test"", ""directory"": "".../boost/libs/interprocess""}"
13023,1767514691,1767514691,1767515944,"{""inverter"": 1, ""source"": ""workstation2_log"", ""device"": ""workstation2"", ""task_type"": ""CNN fitting, GPU load"", ""model"": ""swin_v2_s"", ""optim"": ""adam"", ""dataset"": ""CIFAR10"", ""batch_size"": 128, ""epochs"": 2, ""model_params"": 49737442, ""llm_estimated_task_effort"": ""high"", ""textual_description"": ""The model swin_v2_s is fitted on CIFAR10 using adam for 2 epochs with bs=128.""}"
13253,1767514894,1767514894,1767514895,"{""inverter"": 1, ""source"": ""workstation2_log"", ""device"": ""workstation2"", ""task_type"": ""compilation, CPU load"", ""cpu_cores_active"": ""5"", ""library"": ""boost/coroutine2"", ""task_files"": 2, ""llm_estimated_task_effort"": ""high"", ""textual_description"": ""The testsuite for boost/coroutine2 is being compiled and run."", ""command"": ""b2 --j 5 test"", ""directory"": "".../boost/libs/coroutine2""}"
13254,1767515217,1767515217,1767515218,"{""inverter"": 1, ""source"": ""workstation2_log"", ""device"": ""workstation2"", ""task_type"": ""compilation, CPU load"", ""cpu_cores_active"": ""9"", ""library"": ""boost/tuple"", ""task_files"": 13, ""llm_estimated_task_effort"": ""low"", ""textual_description"": ""The testsuite for boost/tuple is being compiled and run."", ""command"": ""b2 --j 9 test"", ""directory"": "".../boost/libs/tuple""}"
13255,1767516050,1767516050,1767516050,"{""inverter"": 1, ""source"": ""workstation2_log"", ""device"": ""workstation2"", ""task_type"": ""compilation, CPU load"", ""cpu_cores_active"": ""1"", ""library"": ""boost/preprocessor"", ""task_files"": 73, ""llm_estimated_task_effort"": ""medium"", ""textual_description"": ""The testsuite for boost/preprocessor is being compiled and run."", ""command"": ""b2 --j 1 test"", ""directory"": "".../boost/libs/preprocessor""}"
13024,1767516235,1767516235,1767516616,"{""inverter"": 1, ""source"": ""workstation2_log"", ""device"": ""workstation2"", ""task_type"": ""CNN fitting, GPU load"", ""model"": ""resnet18"", ""optim"": ""adam"", ""dataset"": ""CIFAR10"", ""batch_size"": 128, ""epochs"": 2, ""model_params"": 11689512, ""llm_estimated_task_effort"": ""low"", ""textual_description"": ""The model resnet18 is fitted on CIFAR10 using adam for 2 epochs with bs=128.""}"
13256,1767516571,1767516571,1767516644,"{""inverter"": 1, ""source"": ""workstation1_log"", ""device"": ""workstation1"", ""task_type"": ""compilation, CPU load"", ""cpu_cores_active"": ""3"", ""library"": ""boost/detail"", ""task_files"": 14, ""llm_estimated_task_effort"": ""low"", ""textual_description"": ""The testsuite for boost/detail is being compiled and run."", ""command"": ""b2 --j 3 test"", ""directory"": "".../boost/libs/detail""}"
13257,1767516716,1767516716,1767516789,"{""inverter"": 1, ""source"": ""workstation1_log"", ""device"": ""workstation1"", ""task_type"": ""compilation, CPU load"", ""cpu_cores_active"": ""10"", ""library"": ""boost/optional"", ""task_files"": 82, ""llm_estimated_task_effort"": ""low"", ""textual_description"": ""The testsuite for boost/optional is being compiled and run."", ""command"": ""b2 --j 10 test"", ""directory"": "".../boost/libs/optional""}"
13025,1767516768,1767516768,1767517923,"{""inverter"": 1, ""source"": ""workstation2_log"", ""device"": ""workstation2"", ""task_type"": ""CNN fitting, GPU load"", ""model"": ""swin_v2_s"", ""optim"": ""sgd"", ""dataset"": ""CIFAR10"", ""batch_size"": 128, ""epochs"": 2, ""model_params"": 49737442, ""llm_estimated_task_effort"": ""high"", ""textual_description"": ""The model swin_v2_s is fitted on CIFAR10 using sgd for 2 epochs with bs=128.""}"
13258,1767516894,1767516894,1767516895,"{""inverter"": 1, ""source"": ""workstation2_log"", ""device"": ""workstation2"", ""task_type"": ""compilation, CPU load"", ""cpu_cores_active"": ""6"", ""library"": ""boost/hana"", ""task_files"": 831, ""llm_estimated_task_effort"": ""medium"", ""textual_description"": ""The testsuite for boost/hana is being compiled and run."", ""command"": ""b2 --j 6 test"", ""directory"": "".../boost/libs/hana""}"
13259,1767518091,1767518091,1767518092,"{""inverter"": 1, ""source"": ""workstation2_log"", ""device"": ""workstation2"", ""task_type"": ""compilation, CPU load"", ""cpu_cores_active"": ""7"", ""library"": ""boost/geometry"", ""task_files"": 665, ""llm_estimated_task_effort"": ""high"", ""textual_description"": ""The testsuite for boost/geometry is being compiled and run."", ""command"": ""b2 --j 7 test"", ""directory"": "".../boost/libs/geometry""}"
13026,1767518266,1767518266,1767518600,"{""inverter"": 1, ""source"": ""workstation2_log"", ""device"": ""workstation2"", ""task_type"": ""CNN fitting, GPU load"", ""model"": ""vgg19"", ""optim"": ""sgd"", ""dataset"": ""CIFAR10"", ""batch_size"": 128, ""epochs"": 2, ""model_params"": 143667240, ""llm_estimated_task_effort"": ""medium"", ""textual_description"": ""The model vgg19 is fitted on CIFAR10 using sgd for 2 epochs with bs=128.""}"
13260,1767518672,1767518672,1767518762,"{""inverter"": 1, ""source"": ""workstation1_log"", ""device"": ""workstation1"", ""task_type"": ""compilation, CPU load"", ""cpu_cores_active"": ""5"", ""library"": ""boost/program_options"", ""task_files"": 26, ""llm_estimated_task_effort"": ""high"", ""textual_description"": ""The testsuite for boost/program_options is being compiled and run."", ""command"": ""b2 --j 5 test"", ""directory"": "".../boost/libs/program_options""}"
13027,1767518840,1767518840,1767519185,"{""inverter"": 1, ""source"": ""workstation2_log"", ""device"": ""workstation2"", ""task_type"": ""CNN fitting, GPU load"", ""model"": ""resnet18"", ""optim"": ""sgd"", ""dataset"": ""CIFAR10"", ""batch_size"": 128, ""epochs"": 2, ""model_params"": 11689512, ""llm_estimated_task_effort"": ""low"", ""textual_description"": ""The model resnet18 is fitted on CIFAR10 using sgd for 2 epochs with bs=128.""}"
13261,1767519249,1767519249,1767519322,"{""inverter"": 1, ""source"": ""workstation1_log"", ""device"": ""workstation1"", ""task_type"": ""compilation, CPU load"", ""cpu_cores_active"": ""1"", ""library"": ""boost/graph"", ""task_files"": 1290, ""llm_estimated_task_effort"": ""high"", ""textual_description"": ""The testsuite for boost/graph is being compiled and run."", ""command"": ""b2 --j 1 test"", ""directory"": "".../boost/libs/graph""}"
13028,1767519283,1767519283,1767519619,"{""inverter"": 1, ""source"": ""workstation2_log"", ""device"": ""workstation2"", ""task_type"": ""CNN fitting, GPU load"", ""model"": ""vgg19"", ""optim"": ""sgd"", ""dataset"": ""CIFAR10"", ""batch_size"": 128, ""epochs"": 2, ""model_params"": 143667240, ""llm_estimated_task_effort"": ""medium"", ""textual_description"": ""The model vgg19 is fitted on CIFAR10 using sgd for 2 epochs with bs=128.""}"
13029,1767519625,1767519625,1767519962,"{""inverter"": 1, ""source"": ""workstation2_log"", ""device"": ""workstation2"", ""task_type"": ""CNN fitting, GPU load"", ""model"": ""vgg13"", ""optim"": ""adam"", ""dataset"": ""CIFAR10"", ""batch_size"": 128, ""epochs"": 2, ""model_params"": 133047848, ""llm_estimated_task_effort"": ""medium"", ""textual_description"": ""The model vgg13 is fitted on CIFAR10 using adam for 2 epochs with bs=128.""}"
13262,1767519662,1767519662,1767519662,"{""inverter"": 1, ""source"": ""workstation2_log"", ""device"": ""workstation2"", ""task_type"": ""compilation, CPU load"", ""cpu_cores_active"": ""8"", ""library"": ""boost/lockfree"", ""task_files"": 24, ""llm_estimated_task_effort"": ""high"", ""textual_description"": ""The testsuite for boost/lockfree is being compiled and run."", ""command"": ""b2 --j 8 test"", ""directory"": "".../boost/libs/lockfree""}"
13030,1767520122,1767520122,1767520458,"{""inverter"": 1, ""source"": ""workstation2_log"", ""device"": ""workstation2"", ""task_type"": ""CNN fitting, GPU load"", ""model"": ""vgg11"", ""optim"": ""adam"", ""dataset"": ""CIFAR10"", ""batch_size"": 128, ""epochs"": 2, ""model_params"": 132863336, ""llm_estimated_task_effort"": ""low"", ""textual_description"": ""The model vgg11 is fitted on CIFAR10 using adam for 2 epochs with bs=128.""}"
13263,1767520281,1767520281,1767520283,"{""inverter"": 1, ""source"": ""workstation2_log"", ""device"": ""workstation2"", ""task_type"": ""compilation, CPU load"", ""cpu_cores_active"": ""1"", ""library"": ""boost/algorithm"", ""task_files"": 60, ""llm_estimated_task_effort"": ""low"", ""textual_description"": ""The testsuite for boost/algorithm is being compiled and run."", ""command"": ""b2 --j 1 test"", ""directory"": "".../boost/libs/algorithm""}"
13264,1767520744,1767520744,1767520844,"{""inverter"": 1, ""source"": ""workstation1_log"", ""device"": ""workstation1"", ""task_type"": ""compilation, CPU load"", ""cpu_cores_active"": ""9"", ""library"": ""boost/url"", ""task_files"": 105, ""llm_estimated_task_effort"": ""low"", ""textual_description"": ""The testsuite for boost/url is being compiled and run."", ""command"": ""b2 --j 9 test"", ""directory"": "".../boost/libs/url""}"
13265,1767521083,1767521083,1767521083,"{""inverter"": 1, ""source"": ""workstation2_log"", ""device"": ""workstation2"", ""task_type"": ""compilation, CPU load"", ""cpu_cores_active"": ""4"", ""library"": ""boost/hash2"", ""task_files"": 125, ""llm_estimated_task_effort"": ""low"", ""textual_description"": ""The testsuite for boost/hash2 is being compiled and run."", ""command"": ""b2 --j 4 test"", ""directory"": "".../boost/libs/hash2""}"
13266,1767521272,1767521272,1767521273,"{""inverter"": 1, ""source"": ""workstation2_log"", ""device"": ""workstation2"", ""task_type"": ""compilation, CPU load"", ""cpu_cores_active"": ""8"", ""library"": ""boost/msm"", ""task_files"": 57, ""llm_estimated_task_effort"": ""high"", ""textual_description"": ""The testsuite for boost/msm is being compiled and run."", ""command"": ""b2 --j 8 test"", ""directory"": "".../boost/libs/msm""}"
13267,1767521281,1767521281,1767521349,"{""inverter"": 1, ""source"": ""workstation1_log"", ""device"": ""workstation1"", ""task_type"": ""compilation, CPU load"", ""cpu_cores_active"": ""10"", ""library"": ""boost/foreach"", ""task_files"": 27, ""llm_estimated_task_effort"": ""low"", ""textual_description"": ""The testsuite for boost/foreach is being compiled and run."", ""command"": ""b2 --j 10 test"", ""directory"": "".../boost/libs/foreach""}"
13268,1767521443,1767521443,1767521444,"{""inverter"": 1, ""source"": ""workstation2_log"", ""device"": ""workstation2"", ""task_type"": ""compilation, CPU load"", ""cpu_cores_active"": ""1"", ""library"": ""boost/geometry"", ""task_files"": 665, ""llm_estimated_task_effort"": ""high"", ""textual_description"": ""The testsuite for boost/geometry is being compiled and run."", ""command"": ""b2 --j 1 test"", ""directory"": "".../boost/libs/geometry""}"
13269,1767522011,1767522011,1767522566,"{""inverter"": 1, ""source"": ""workstation1_log"", ""device"": ""workstation1"", ""task_type"": ""compilation, CPU load"", ""cpu_cores_active"": ""5"", ""library"": ""boost/thread"", ""task_files"": 439, ""llm_estimated_task_effort"": ""high"", ""textual_description"": ""The testsuite for boost/thread is being compiled and run."", ""command"": ""b2 --j 5 test"", ""directory"": "".../boost/libs/thread""}"
13270,1767522318,1767522318,1767522319,"{""inverter"": 1, ""source"": ""workstation2_log"", ""device"": ""workstation2"", ""task_type"": ""compilation, CPU load"", ""cpu_cores_active"": ""8"", ""library"": ""boost/graph"", ""task_files"": 1290, ""llm_estimated_task_effort"": ""high"", ""textual_description"": ""The testsuite for boost/graph is being compiled and run."", ""command"": ""b2 --j 8 test"", ""directory"": "".../boost/libs/graph""}"
13031,1767522340,1767522340,1767523094,"{""inverter"": 1, ""source"": ""workstation2_log"", ""device"": ""workstation2"", ""task_type"": ""CNN fitting, GPU load"", ""model"": ""densenet121"", ""optim"": ""sgd"", ""dataset"": ""CIFAR10"", ""batch_size"": 128, ""epochs"": 2, ""model_params"": 7978856, ""llm_estimated_task_effort"": ""medium"", ""textual_description"": ""The model densenet121 is fitted on CIFAR10 using sgd for 2 epochs with bs=128.""}"
13271,1767522366,1767522366,1767522367,"{""inverter"": 1, ""source"": ""workstation2_log"", ""device"": ""workstation2"", ""task_type"": ""compilation, CPU load"", ""cpu_cores_active"": ""6"", ""library"": ""boost/exception"", ""task_files"": 59, ""llm_estimated_task_effort"": ""low"", ""textual_description"": ""The testsuite for boost/exception is being compiled and run."", ""command"": ""b2 --j 6 test"", ""directory"": "".../boost/libs/exception""}"
13272,1767522705,1767522705,1767522783,"{""inverter"": 1, ""source"": ""workstation1_log"", ""device"": ""workstation1"", ""task_type"": ""compilation, CPU load"", ""cpu_cores_active"": ""1"", ""library"": ""boost/crc"", ""task_files"": 10, ""llm_estimated_task_effort"": ""low"", ""textual_description"": ""The testsuite for boost/crc is being compiled and run."", ""command"": ""b2 --j 1 test"", ""directory"": "".../boost/libs/crc""}"
13273,1767523048,1767523048,1767523048,"{""inverter"": 1, ""source"": ""workstation2_log"", ""device"": ""workstation2"", ""task_type"": ""compilation, CPU load"", ""cpu_cores_active"": ""1"", ""library"": ""boost/atomic"", ""task_files"": 30, ""llm_estimated_task_effort"": ""low"", ""textual_description"": ""The testsuite for boost/atomic is being compiled and run."", ""command"": ""b2 --j 1 test"", ""directory"": "".../boost/libs/atomic""}"
13032,1767523140,1767523140,1767524382,"{""inverter"": 1, ""source"": ""workstation2_log"", ""device"": ""workstation2"", ""task_type"": ""CNN fitting, GPU load"", ""model"": ""swin_v2_s"", ""optim"": ""adam"", ""dataset"": ""CIFAR10"", ""batch_size"": 128, ""epochs"": 2, ""model_params"": 49737442, ""llm_estimated_task_effort"": ""high"", ""textual_description"": ""The model swin_v2_s is fitted on CIFAR10 using adam for 2 epochs with bs=128.""}"
13274,1767523155,1767523155,1767523156,"{""inverter"": 1, ""source"": ""workstation2_log"", ""device"": ""workstation2"", ""task_type"": ""compilation, CPU load"", ""cpu_cores_active"": ""6"", ""library"": ""boost/container_hash"", ""task_files"": 90, ""llm_estimated_task_effort"": ""low"", ""textual_description"": ""The testsuite for boost/container_hash is being compiled and run."", ""command"": ""b2 --j 6 test"", ""directory"": "".../boost/libs/container_hash""}"
13275,1767523168,1767523168,1767523168,"{""inverter"": 1, ""source"": ""workstation2_log"", ""device"": ""workstation2"", ""task_type"": ""compilation, CPU load"", ""cpu_cores_active"": ""9"", ""library"": ""boost/icl"", ""task_files"": 288, ""llm_estimated_task_effort"": ""low"", ""textual_description"": ""The testsuite for boost/icl is being compiled and run."", ""command"": ""b2 --j 9 test"", ""directory"": "".../boost/libs/icl""}"
13276,1767523363,1767523363,1767523364,"{""inverter"": 1, ""source"": ""workstation2_log"", ""device"": ""workstation2"", ""task_type"": ""compilation, CPU load"", ""cpu_cores_active"": ""4"", ""library"": ""boost/scope_exit"", ""task_files"": 32, ""llm_estimated_task_effort"": ""low"", ""textual_description"": ""The testsuite for boost/scope_exit is being compiled and run."", ""command"": ""b2 --j 4 test"", ""directory"": "".../boost/libs/scope_exit""}"
13277,1767523935,1767523935,1767524001,"{""inverter"": 1, ""source"": ""workstation1_log"", ""device"": ""workstation1"", ""task_type"": ""compilation, CPU load"", ""cpu_cores_active"": ""1"", ""library"": ""boost/mpi"", ""task_files"": 75, ""llm_estimated_task_effort"": ""high"", ""textual_description"": ""The testsuite for boost/mpi is being compiled and run."", ""command"": ""b2 --j 1 test"", ""directory"": "".../boost/libs/mpi""}"
13278,1767524328,1767524328,1767524434,"{""inverter"": 1, ""source"": ""workstation1_log"", ""device"": ""workstation1"", ""task_type"": ""compilation, CPU load"", ""cpu_cores_active"": ""8"", ""library"": ""boost/vmd"", ""task_files"": 336, ""llm_estimated_task_effort"": ""low"", ""textual_description"": ""The testsuite for boost/vmd is being compiled and run."", ""command"": ""b2 --j 8 test"", ""directory"": "".../boost/libs/vmd""}"
13279,1767524407,1767524407,1767524408,"{""inverter"": 1, ""source"": ""workstation2_log"", ""device"": ""workstation2"", ""task_type"": ""compilation, CPU load"", ""cpu_cores_active"": ""9"", ""library"": ""boost/vmd"", ""task_files"": 336, ""llm_estimated_task_effort"": ""low"", ""textual_description"": ""The testsuite for boost/vmd is being compiled and run."", ""command"": ""b2 --j 9 test"", ""directory"": "".../boost/libs/vmd""}"
13280,1767524648,1767524648,1767524812,"{""inverter"": 1, ""source"": ""workstation1_log"", ""device"": ""workstation1"", ""task_type"": ""compilation, CPU load"", ""cpu_cores_active"": ""4"", ""library"": ""boost/random"", ""task_files"": 141, ""llm_estimated_task_effort"": ""low"", ""textual_description"": ""The testsuite for boost/random is being compiled and run."", ""command"": ""b2 --j 4 test"", ""directory"": "".../boost/libs/random""}"
13281,1767524825,1767524825,1767525018,"{""inverter"": 1, ""source"": ""workstation1_log"", ""device"": ""workstation1"", ""task_type"": ""compilation, CPU load"", ""cpu_cores_active"": ""6"", ""library"": ""boost/serialization"", ""task_files"": 150, ""llm_estimated_task_effort"": ""high"", ""textual_description"": ""The testsuite for boost/serialization is being compiled and run."", ""command"": ""b2 --j 6 test"", ""directory"": "".../boost/libs/serialization""}"
13033,1767524999,1767524999,1767526243,"{""inverter"": 1, ""source"": ""workstation2_log"", ""device"": ""workstation2"", ""task_type"": ""CNN fitting, GPU load"", ""model"": ""swin_v2_s"", ""optim"": ""adam"", ""dataset"": ""CIFAR10"", ""batch_size"": 128, ""epochs"": 2, ""model_params"": 49737442, ""llm_estimated_task_effort"": ""high"", ""textual_description"": ""The model swin_v2_s is fitted on CIFAR10 using adam for 2 epochs with bs=128.""}"
13282,1767525119,1767525119,1767525120,"{""inverter"": 1, ""source"": ""workstation2_log"", ""device"": ""workstation2"", ""task_type"": ""compilation, CPU load"", ""cpu_cores_active"": ""1"", ""library"": ""boost/type_index"", ""task_files"": 19, ""llm_estimated_task_effort"": ""low"", ""textual_description"": ""The testsuite for boost/type_index is being compiled and run."", ""command"": ""b2 --j 1 test"", ""directory"": "".../boost/libs/type_index""}"
13283,1767525366,1767525366,1767525367,"{""inverter"": 1, ""source"": ""workstation2_log"", ""device"": ""workstation2"", ""task_type"": ""compilation, CPU load"", ""cpu_cores_active"": ""7"", ""library"": ""boost/typeof"", ""task_files"": 33, ""llm_estimated_task_effort"": ""low"", ""textual_description"": ""The testsuite for boost/typeof is being compiled and run."", ""command"": ""b2 --j 7 test"", ""directory"": "".../boost/libs/typeof""}"
13284,1767525415,1767525415,1767525486,"{""inverter"": 1, ""source"": ""workstation1_log"", ""device"": ""workstation1"", ""task_type"": ""compilation, CPU load"", ""cpu_cores_active"": ""8"", ""library"": ""boost/stl_interfaces"", ""task_files"": 18, ""llm_estimated_task_effort"": ""low"", ""textual_description"": ""The testsuite for boost/stl_interfaces is being compiled and run."", ""command"": ""b2 --j 8 test"", ""directory"": "".../boost/libs/stl_interfaces""}"
13285,1767525471,1767525471,1767525471,"{""inverter"": 1, ""source"": ""workstation2_log"", ""device"": ""workstation2"", ""task_type"": ""compilation, CPU load"", ""cpu_cores_active"": ""4"", ""library"": ""boost/pfr"", ""task_files"": 91, ""llm_estimated_task_effort"": ""low"", ""textual_description"": ""The testsuite for boost/pfr is being compiled and run."", ""command"": ""b2 --j 4 test"", ""directory"": "".../boost/libs/pfr""}"
13286,1767525953,1767525953,1767525954,"{""inverter"": 1, ""source"": ""workstation2_log"", ""device"": ""workstation2"", ""task_type"": ""compilation, CPU load"", ""cpu_cores_active"": ""6"", ""library"": ""boost/gil"", ""task_files"": 353, ""llm_estimated_task_effort"": ""high"", ""textual_description"": ""The testsuite for boost/gil is being compiled and run."", ""command"": ""b2 --j 6 test"", ""directory"": "".../boost/libs/gil""}"
13287,1767526107,1767526107,1767526108,"{""inverter"": 1, ""source"": ""workstation2_log"", ""device"": ""workstation2"", ""task_type"": ""compilation, CPU load"", ""cpu_cores_active"": ""7"", ""library"": ""boost/lambda"", ""task_files"": 27, ""llm_estimated_task_effort"": ""low"", ""textual_description"": ""The testsuite for boost/lambda is being compiled and run."", ""command"": ""b2 --j 7 test"", ""directory"": "".../boost/libs/lambda""}"
13288,1767526234,1767526234,1767526234,"{""inverter"": 1, ""source"": ""workstation2_log"", ""device"": ""workstation2"", ""task_type"": ""compilation, CPU load"", ""cpu_cores_active"": ""2"", ""library"": ""boost/thread"", ""task_files"": 439, ""llm_estimated_task_effort"": ""high"", ""textual_description"": ""The testsuite for boost/thread is being compiled and run."", ""command"": ""b2 --j 2 test"", ""directory"": "".../boost/libs/thread""}"
13034,1767526304,1767526304,1767526638,"{""inverter"": 1, ""source"": ""workstation2_log"", ""device"": ""workstation2"", ""task_type"": ""CNN fitting, GPU load"", ""model"": ""vgg11"", ""optim"": ""adam"", ""dataset"": ""CIFAR10"", ""batch_size"": 128, ""epochs"": 2, ""model_params"": 132863336, ""llm_estimated_task_effort"": ""low"", ""textual_description"": ""The model vgg11 is fitted on CIFAR10 using adam for 2 epochs with bs=128.""}"
13289,1767526452,1767526452,1767526537,"{""inverter"": 1, ""source"": ""workstation1_log"", ""device"": ""workstation1"", ""task_type"": ""compilation, CPU load"", ""cpu_cores_active"": ""4"", ""library"": ""boost/pool"", ""task_files"": 22, ""llm_estimated_task_effort"": ""low"", ""textual_description"": ""The testsuite for boost/pool is being compiled and run."", ""command"": ""b2 --j 4 test"", ""directory"": "".../boost/libs/pool""}"
13290,1767526717,1767526717,1767526791,"{""inverter"": 1, ""source"": ""workstation1_log"", ""device"": ""workstation1"", ""task_type"": ""compilation, CPU load"", ""cpu_cores_active"": ""6"", ""library"": ""boost/tokenizer"", ""task_files"": 9, ""llm_estimated_task_effort"": ""low"", ""textual_description"": ""The testsuite for boost/tokenizer is being compiled and run."", ""command"": ""b2 --j 6 test"", ""directory"": "".../boost/libs/tokenizer""}"
13291,1767526744,1767526744,1767526744,"{""inverter"": 1, ""source"": ""workstation2_log"", ""device"": ""workstation2"", ""task_type"": ""compilation, CPU load"", ""cpu_cores_active"": ""10"", ""library"": ""boost/vmd"", ""task_files"": 336, ""llm_estimated_task_effort"": ""low"", ""textual_description"": ""The testsuite for boost/vmd is being compiled and run."", ""command"": ""b2 --j 10 test"", ""directory"": "".../boost/libs/vmd""}"
13292,1767526914,1767526914,1767526983,"{""inverter"": 1, ""source"": ""workstation1_log"", ""device"": ""workstation1"", ""task_type"": ""compilation, CPU load"", ""cpu_cores_active"": ""3"", ""library"": ""boost/graph"", ""task_files"": 1290, ""llm_estimated_task_effort"": ""high"", ""textual_description"": ""The testsuite for boost/graph is being compiled and run."", ""command"": ""b2 --j 3 test"", ""directory"": "".../boost/libs/graph""}"
13293,1767527623,1767527623,1767527623,"{""inverter"": 1, ""source"": ""workstation2_log"", ""device"": ""workstation2"", ""task_type"": ""compilation, CPU load"", ""cpu_cores_active"": ""6"", ""library"": ""boost/circular_buffer"", ""task_files"": 8, ""llm_estimated_task_effort"": ""low"", ""textual_description"": ""The testsuite for boost/circular_buffer is being compiled and run."", ""command"": ""b2 --j 6 test"", ""directory"": "".../boost/libs/circular_buffer""}"
13035,1767528077,1767528077,1767528451,"{""inverter"": 1, ""source"": ""workstation2_log"", ""device"": ""workstation2"", ""task_type"": ""CNN fitting, GPU load"", ""model"": ""resnet18"", ""optim"": ""adam"", ""dataset"": ""CIFAR10"", ""batch_size"": 128, ""epochs"": 2, ""model_params"": 11689512, ""llm_estimated_task_effort"": ""low"", ""textual_description"": ""The model resnet18 is fitted on CIFAR10 using adam for 2 epochs with bs=128.""}"
13294,1767528105,1767528105,1767528259,"{""inverter"": 1, ""source"": ""workstation1_log"", ""device"": ""workstation1"", ""task_type"": ""compilation, CPU load"", ""cpu_cores_active"": ""3"", ""library"": ""boost/histogram"", ""task_files"": 131, ""llm_estimated_task_effort"": ""medium"", ""textual_description"": ""The testsuite for boost/histogram is being compiled and run."", ""command"": ""b2 --j 3 test"", ""directory"": "".../boost/libs/histogram""}"
13295,1767528270,1767528270,1767528270,"{""inverter"": 1, ""source"": ""workstation2_log"", ""device"": ""workstation2"", ""task_type"": ""compilation, CPU load"", ""cpu_cores_active"": ""2"", ""library"": ""boost/type_erasure"", ""task_files"": 61, ""llm_estimated_task_effort"": ""low"", ""textual_description"": ""The testsuite for boost/type_erasure is being compiled and run."", ""command"": ""b2 --j 2 test"", ""directory"": "".../boost/libs/type_erasure""}"
13296,1767528464,1767528464,1767528546,"{""inverter"": 1, ""source"": ""workstation1_log"", ""device"": ""workstation1"", ""task_type"": ""compilation, CPU load"", ""cpu_cores_active"": ""10"", ""library"": ""boost/move"", ""task_files"": 34, ""llm_estimated_task_effort"": ""low"", ""textual_description"": ""The testsuite for boost/move is being compiled and run."", ""command"": ""b2 --j 10 test"", ""directory"": "".../boost/libs/move""}"
13036,1767528744,1767528744,1767529074,"{""inverter"": 1, ""source"": ""workstation2_log"", ""device"": ""workstation2"", ""task_type"": ""CNN fitting, GPU load"", ""model"": ""vgg11"", ""optim"": ""sgd"", ""dataset"": ""CIFAR10"", ""batch_size"": 128, ""epochs"": 2, ""model_params"": 132863336, ""llm_estimated_task_effort"": ""low"", ""textual_description"": ""The model vgg11 is fitted on CIFAR10 using sgd for 2 epochs with bs=128.""}"
13297,1767528760,1767528760,1767528859,"{""inverter"": 1, ""source"": ""workstation1_log"", ""device"": ""workstation1"", ""task_type"": ""compilation, CPU load"", ""cpu_cores_active"": ""4"", ""library"": ""boost/variant"", ""task_files"": 37, ""llm_estimated_task_effort"": ""low"", ""textual_description"": ""The testsuite for boost/variant is being compiled and run."", ""command"": ""b2 --j 4 test"", ""directory"": "".../boost/libs/variant""}"
13298,1767528913,1767528913,1767528914,"{""inverter"": 1, ""source"": ""workstation2_log"", ""device"": ""workstation2"", ""task_type"": ""compilation, CPU load"", ""cpu_cores_active"": ""1"", ""library"": ""boost/detail"", ""task_files"": 14, ""llm_estimated_task_effort"": ""low"", ""textual_description"": ""The testsuite for boost/detail is being compiled and run."", ""command"": ""b2 --j 1 test"", ""directory"": "".../boost/libs/detail""}"
13299,1767528920,1767528920,1767528993,"{""inverter"": 1, ""source"": ""workstation1_log"", ""device"": ""workstation1"", ""task_type"": ""compilation, CPU load"", ""cpu_cores_active"": ""9"", ""library"": ""boost/callable_traits"", ""task_files"": 52, ""llm_estimated_task_effort"": ""low"", ""textual_description"": ""The testsuite for boost/callable_traits is being compiled and run."", ""command"": ""b2 --j 9 test"", ""directory"": "".../boost/libs/callable_traits""}"
13300,1767529540,1767529540,1767529608,"{""inverter"": 1, ""source"": ""workstation1_log"", ""device"": ""workstation1"", ""task_type"": ""compilation, CPU load"", ""cpu_cores_active"": ""5"", ""library"": ""boost/python"", ""task_files"": 188, ""llm_estimated_task_effort"": ""high"", ""textual_description"": ""The testsuite for boost/python is being compiled and run."", ""command"": ""b2 --j 5 test"", ""directory"": "".../boost/libs/python""}"
13301,1767529890,1767529890,1767529890,"{""inverter"": 1, ""source"": ""workstation2_log"", ""device"": ""workstation2"", ""task_type"": ""compilation, CPU load"", ""cpu_cores_active"": ""7"", ""library"": ""boost/scope_exit"", ""task_files"": 32, ""llm_estimated_task_effort"": ""low"", ""textual_description"": ""The testsuite for boost/scope_exit is being compiled and run."", ""command"": ""b2 --j 7 test"", ""directory"": "".../boost/libs/scope_exit""}"
13302,1767530071,1767530071,1767530071,"{""inverter"": 1, ""source"": ""workstation2_log"", ""device"": ""workstation2"", ""task_type"": ""compilation, CPU load"", ""cpu_cores_active"": ""4"", ""library"": ""boost/signals2"", ""task_files"": 23, ""llm_estimated_task_effort"": ""low"", ""textual_description"": ""The testsuite for boost/signals2 is being compiled and run."", ""command"": ""b2 --j 4 test"", ""directory"": "".../boost/libs/signals2""}"
13037,1767530330,1767530330,1767530673,"{""inverter"": 1, ""source"": ""workstation2_log"", ""device"": ""workstation2"", ""task_type"": ""CNN fitting, GPU load"", ""model"": ""resnet18"", ""optim"": ""sgd"", ""dataset"": ""CIFAR10"", ""batch_size"": 128, ""epochs"": 2, ""model_params"": 11689512, ""llm_estimated_task_effort"": ""low"", ""textual_description"": ""The model resnet18 is fitted on CIFAR10 using sgd for 2 epochs with bs=128.""}"
13303,1767530467,1767530467,1767530554,"{""inverter"": 1, ""source"": ""workstation1_log"", ""device"": ""workstation1"", ""task_type"": ""compilation, CPU load"", ""cpu_cores_active"": ""10"", ""library"": ""boost/hash2"", ""task_files"": 125, ""llm_estimated_task_effort"": ""low"", ""textual_description"": ""The testsuite for boost/hash2 is being compiled and run."", ""command"": ""b2 --j 10 test"", ""directory"": "".../boost/libs/hash2""}"
13304,1767530595,1767530595,1767530661,"{""inverter"": 1, ""source"": ""workstation1_log"", ""device"": ""workstation1"", ""task_type"": ""compilation, CPU load"", ""cpu_cores_active"": ""4"", ""library"": ""boost/graph"", ""task_files"": 1290, ""llm_estimated_task_effort"": ""high"", ""textual_description"": ""The testsuite for boost/graph is being compiled and run."", ""command"": ""b2 --j 4 test"", ""directory"": "".../boost/libs/graph""}"
13038,1767530697,1767530697,1767531195,"{""inverter"": 1, ""source"": ""workstation2_log"", ""device"": ""workstation2"", ""task_type"": ""CNN fitting, GPU load"", ""model"": ""wide_resnet50_2"", ""optim"": ""adam"", ""dataset"": ""CIFAR10"", ""batch_size"": 128, ""epochs"": 2, ""model_params"": 68883240, ""llm_estimated_task_effort"": ""high"", ""textual_description"": ""The model wide_resnet50_2 is fitted on CIFAR10 using adam for 2 epochs with bs=128.""}"
13305,1767530720,1767530720,1767530720,"{""inverter"": 1, ""source"": ""workstation2_log"", ""device"": ""workstation2"", ""task_type"": ""compilation, CPU load"", ""cpu_cores_active"": ""7"", ""library"": ""boost/poly_collection"", ""task_files"": 46, ""llm_estimated_task_effort"": ""low"", ""textual_description"": ""The testsuite for boost/poly_collection is being compiled and run."", ""command"": ""b2 --j 7 test"", ""directory"": "".../boost/libs/poly_collection""}"
13306,1767530894,1767530894,1767531099,"{""inverter"": 1, ""source"": ""workstation1_log"", ""device"": ""workstation1"", ""task_type"": ""compilation, CPU load"", ""cpu_cores_active"": ""7"", ""library"": ""boost/spirit"", ""task_files"": 331, ""llm_estimated_task_effort"": ""high"", ""textual_description"": ""The testsuite for boost/spirit is being compiled and run."", ""command"": ""b2 --j 7 test"", ""directory"": "".../boost/libs/spirit""}"
13307,1767531249,1767531249,1767531249,"{""inverter"": 1, ""source"": ""workstation2_log"", ""device"": ""workstation2"", ""task_type"": ""compilation, CPU load"", ""cpu_cores_active"": ""5"", ""library"": ""boost/json"", ""task_files"": 417, ""llm_estimated_task_effort"": ""high"", ""textual_description"": ""The testsuite for boost/json is being compiled and run."", ""command"": ""b2 --j 5 test"", ""directory"": "".../boost/libs/json""}"
13308,1767531457,1767531457,1767531564,"{""inverter"": 1, ""source"": ""workstation1_log"", ""device"": ""workstation1"", ""task_type"": ""compilation, CPU load"", ""cpu_cores_active"": ""6"", ""library"": ""boost/smart_ptr"", ""task_files"": 292, ""llm_estimated_task_effort"": ""low"", ""textual_description"": ""The testsuite for boost/smart_ptr is being compiled and run."", ""command"": ""b2 --j 6 test"", ""directory"": "".../boost/libs/smart_ptr""}"
13309,1767532172,1767532172,1767532172,"{""inverter"": 1, ""source"": ""workstation2_log"", ""device"": ""workstation2"", ""task_type"": ""compilation, CPU load"", ""cpu_cores_active"": ""6"", ""library"": ""boost/variant"", ""task_files"": 37, ""llm_estimated_task_effort"": ""low"", ""textual_description"": ""The testsuite for boost/variant is being compiled and run."", ""command"": ""b2 --j 6 test"", ""directory"": "".../boost/libs/variant""}"
13310,1767532192,1767532192,1767532295,"{""inverter"": 1, ""source"": ""workstation1_log"", ""device"": ""workstation1"", ""task_type"": ""compilation, CPU load"", ""cpu_cores_active"": ""7"", ""library"": ""boost/fusion"", ""task_files"": 247, ""llm_estimated_task_effort"": ""low"", ""textual_description"": ""The testsuite for boost/fusion is being compiled and run."", ""command"": ""b2 --j 7 test"", ""directory"": "".../boost/libs/fusion""}"
13311,1767532419,1767532419,1767532515,"{""inverter"": 1, ""source"": ""workstation1_log"", ""device"": ""workstation1"", ""task_type"": ""compilation, CPU load"", ""cpu_cores_active"": ""10"", ""library"": ""boost/icl"", ""task_files"": 288, ""llm_estimated_task_effort"": ""low"", ""textual_description"": ""The testsuite for boost/icl is being compiled and run."", ""command"": ""b2 --j 10 test"", ""directory"": "".../boost/libs/icl""}"
13039,1767532684,1767532684,1767533033,"{""inverter"": 1, ""source"": ""workstation2_log"", ""device"": ""workstation2"", ""task_type"": ""CNN fitting, GPU load"", ""model"": ""vgg19"", ""optim"": ""adam"", ""dataset"": ""CIFAR10"", ""batch_size"": 128, ""epochs"": 2, ""model_params"": 143667240, ""llm_estimated_task_effort"": ""medium"", ""textual_description"": ""The model vgg19 is fitted on CIFAR10 using adam for 2 epochs with bs=128.""}"
13040,1767533163,1767533163,1767533536,"{""inverter"": 1, ""source"": ""workstation2_log"", ""device"": ""workstation2"", ""task_type"": ""CNN fitting, GPU load"", ""model"": ""resnet18"", ""optim"": ""adam"", ""dataset"": ""CIFAR10"", ""batch_size"": 128, ""epochs"": 2, ""model_params"": 11689512, ""llm_estimated_task_effort"": ""low"", ""textual_description"": ""The model resnet18 is fitted on CIFAR10 using adam for 2 epochs with bs=128.""}"
13312,1767533360,1767533360,1767533361,"{""inverter"": 1, ""source"": ""workstation2_log"", ""device"": ""workstation2"", ""task_type"": ""compilation, CPU load"", ""cpu_cores_active"": ""2"", ""library"": ""boost/crc"", ""task_files"": 10, ""llm_estimated_task_effort"": ""low"", ""textual_description"": ""The testsuite for boost/crc is being compiled and run."", ""command"": ""b2 --j 2 test"", ""directory"": "".../boost/libs/crc""}"
13313,1767533372,1767533372,1767533447,"{""inverter"": 1, ""source"": ""workstation1_log"", ""device"": ""workstation1"", ""task_type"": ""compilation, CPU load"", ""cpu_cores_active"": ""10"", ""library"": ""boost/property_map"", ""task_files"": 9, ""llm_estimated_task_effort"": ""low"", ""textual_description"": ""The testsuite for boost/property_map is being compiled and run."", ""command"": ""b2 --j 10 test"", ""directory"": "".../boost/libs/property_map""}"
13314,1767534291,1767534291,1767534292,"{""inverter"": 1, ""source"": ""workstation2_log"", ""device"": ""workstation2"", ""task_type"": ""compilation, CPU load"", ""cpu_cores_active"": ""6"", ""library"": ""boost/spirit"", ""task_files"": 331, ""llm_estimated_task_effort"": ""high"", ""textual_description"": ""The testsuite for boost/spirit is being compiled and run."", ""command"": ""b2 --j 6 test"", ""directory"": "".../boost/libs/spirit""}"
13315,1767534484,1767534484,1767534485,"{""inverter"": 1, ""source"": ""workstation2_log"", ""device"": ""workstation2"", ""task_type"": ""compilation, CPU load"", ""cpu_cores_active"": ""2"", ""library"": ""boost/iostreams"", ""task_files"": 407, ""llm_estimated_task_effort"": ""high"", ""textual_description"": ""The testsuite for boost/iostreams is being compiled and run."", ""command"": ""b2 --j 2 test"", ""directory"": "".../boost/libs/iostreams""}"
13316,1767535023,1767535023,1767535124,"{""inverter"": 1, ""source"": ""workstation1_log"", ""device"": ""workstation1"", ""task_type"": ""compilation, CPU load"", ""cpu_cores_active"": ""10"", ""library"": ""boost/icl"", ""task_files"": 288, ""llm_estimated_task_effort"": ""low"", ""textual_description"": ""The testsuite for boost/icl is being compiled and run."", ""command"": ""b2 --j 10 test"", ""directory"": "".../boost/libs/icl""}"
13317,1767535680,1767535680,1767539963,"{""inverter"": 1, ""source"": ""workstation1_log"", ""device"": ""workstation1"", ""task_type"": ""compilation, CPU load"", ""cpu_cores_active"": ""2"", ""library"": ""boost/geometry"", ""task_files"": 665, ""llm_estimated_task_effort"": ""high"", ""textual_description"": ""The testsuite for boost/geometry is being compiled and run."", ""command"": ""b2 --j 2 test"", ""directory"": "".../boost/libs/geometry""}"
13041,1767535996,1767535996,1767536343,"{""inverter"": 1, ""source"": ""workstation2_log"", ""device"": ""workstation2"", ""task_type"": ""CNN fitting, GPU load"", ""model"": ""vgg19"", ""optim"": ""adam"", ""dataset"": ""CIFAR10"", ""batch_size"": 128, ""epochs"": 2, ""model_params"": 143667240, ""llm_estimated_task_effort"": ""medium"", ""textual_description"": ""The model vgg19 is fitted on CIFAR10 using adam for 2 epochs with bs=128.""}"
13318,1767536249,1767536249,1767536250,"{""inverter"": 1, ""source"": ""workstation2_log"", ""device"": ""workstation2"", ""task_type"": ""compilation, CPU load"", ""cpu_cores_active"": ""6"", ""library"": ""boost/format"", ""task_files"": 9, ""llm_estimated_task_effort"": ""low"", ""textual_description"": ""The testsuite for boost/format is being compiled and run."", ""command"": ""b2 --j 6 test"", ""directory"": "".../boost/libs/format""}"
13042,1767536653,1767536653,1767536995,"{""inverter"": 1, ""source"": ""workstation2_log"", ""device"": ""workstation2"", ""task_type"": ""CNN fitting, GPU load"", ""model"": ""vgg19"", ""optim"": ""sgd"", ""dataset"": ""CIFAR10"", ""batch_size"": 128, ""epochs"": 2, ""model_params"": 143667240, ""llm_estimated_task_effort"": ""medium"", ""textual_description"": ""The model vgg19 is fitted on CIFAR10 using sgd for 2 epochs with bs=128.""}"
13319,1767536835,1767536835,1767536837,"{""inverter"": 1, ""source"": ""workstation2_log"", ""device"": ""workstation2"", ""task_type"": ""compilation, CPU load"", ""cpu_cores_active"": ""3"", ""library"": ""boost/circular_buffer"", ""task_files"": 8, ""llm_estimated_task_effort"": ""low"", ""textual_description"": ""The testsuite for boost/circular_buffer is being compiled and run."", ""command"": ""b2 --j 3 test"", ""directory"": "".../boost/libs/circular_buffer""}"
13320,1767537038,1767537038,1767537039,"{""inverter"": 1, ""source"": ""workstation2_log"", ""device"": ""workstation2"", ""task_type"": ""compilation, CPU load"", ""cpu_cores_active"": ""10"", ""library"": ""boost/crc"", ""task_files"": 10, ""llm_estimated_task_effort"": ""low"", ""textual_description"": ""The testsuite for boost/crc is being compiled and run."", ""command"": ""b2 --j 10 test"", ""directory"": "".../boost/libs/crc""}"
13321,1767537092,1767537092,1767537092,"{""inverter"": 1, ""source"": ""workstation2_log"", ""device"": ""workstation2"", ""task_type"": ""compilation, CPU load"", ""cpu_cores_active"": ""2"", ""library"": ""boost/algorithm"", ""task_files"": 60, ""llm_estimated_task_effort"": ""low"", ""textual_description"": ""The testsuite for boost/algorithm is being compiled and run."", ""command"": ""b2 --j 2 test"", ""directory"": "".../boost/libs/algorithm""}"
13322,1767537256,1767537256,1767537257,"{""inverter"": 1, ""source"": ""workstation2_log"", ""device"": ""workstation2"", ""task_type"": ""compilation, CPU load"", ""cpu_cores_active"": ""7"", ""library"": ""boost/charconv"", ""task_files"": 44, ""llm_estimated_task_effort"": ""low"", ""textual_description"": ""The testsuite for boost/charconv is being compiled and run."", ""command"": ""b2 --j 7 test"", ""directory"": "".../boost/libs/charconv""}"
13323,1767537806,1767537806,1767537807,"{""inverter"": 1, ""source"": ""workstation2_log"", ""device"": ""workstation2"", ""task_type"": ""compilation, CPU load"", ""cpu_cores_active"": ""2"", ""library"": ""boost/conversion"", ""task_files"": 8, ""llm_estimated_task_effort"": ""low"", ""textual_description"": ""The testsuite for boost/conversion is being compiled and run."", ""command"": ""b2 --j 2 test"", ""directory"": "".../boost/libs/conversion""}"
13324,1767537840,1767537840,1767537840,"{""inverter"": 1, ""source"": ""workstation2_log"", ""device"": ""workstation2"", ""task_type"": ""compilation, CPU load"", ""cpu_cores_active"": ""1"", ""library"": ""boost/spirit"", ""task_files"": 331, ""llm_estimated_task_effort"": ""high"", ""textual_description"": ""The testsuite for boost/spirit is being compiled and run."", ""command"": ""b2 --j 1 test"", ""directory"": "".../boost/libs/spirit""}"
13043,1767538101,1767538101,1767538502,"{""inverter"": 1, ""source"": ""workstation2_log"", ""device"": ""workstation2"", ""task_type"": ""CNN fitting, GPU load"", ""model"": ""resnet18"", ""optim"": ""adam"", ""dataset"": ""CIFAR10"", ""batch_size"": 128, ""epochs"": 2, ""model_params"": 11689512, ""llm_estimated_task_effort"": ""low"", ""textual_description"": ""The model resnet18 is fitted on CIFAR10 using adam for 2 epochs with bs=128.""}"
13044,1767539295,1767539295,1767539640,"{""inverter"": 1, ""source"": ""workstation2_log"", ""device"": ""workstation2"", ""task_type"": ""CNN fitting, GPU load"", ""model"": ""vgg19"", ""optim"": ""adam"", ""dataset"": ""CIFAR10"", ""batch_size"": 128, ""epochs"": 2, ""model_params"": 143667240, ""llm_estimated_task_effort"": ""medium"", ""textual_description"": ""The model vgg19 is fitted on CIFAR10 using adam for 2 epochs with bs=128.""}"
13325,1767539755,1767539755,1767539755,"{""inverter"": 1, ""source"": ""workstation2_log"", ""device"": ""workstation2"", ""task_type"": ""compilation, CPU load"", ""cpu_cores_active"": ""4"", ""library"": ""boost/signals2"", ""task_files"": 23, ""llm_estimated_task_effort"": ""low"", ""textual_description"": ""The testsuite for boost/signals2 is being compiled and run."", ""command"": ""b2 --j 4 test"", ""directory"": "".../boost/libs/signals2""}"
13326,1767540196,1767540196,1767540196,"{""inverter"": 1, ""source"": ""workstation2_log"", ""device"": ""workstation2"", ""task_type"": ""compilation, CPU load"", ""cpu_cores_active"": ""3"", ""library"": ""boost/pool"", ""task_files"": 22, ""llm_estimated_task_effort"": ""low"", ""textual_description"": ""The testsuite for boost/pool is being compiled and run."", ""command"": ""b2 --j 3 test"", ""directory"": "".../boost/libs/pool""}"
13327,1767540288,1767540288,1767540368,"{""inverter"": 1, ""source"": ""workstation1_log"", ""device"": ""workstation1"", ""task_type"": ""compilation, CPU load"", ""cpu_cores_active"": ""5"", ""library"": ""boost/detail"", ""task_files"": 14, ""llm_estimated_task_effort"": ""low"", ""textual_description"": ""The testsuite for boost/detail is being compiled and run."", ""command"": ""b2 --j 5 test"", ""directory"": "".../boost/libs/detail""}"
13045,1767540349,1767540349,1767540680,"{""inverter"": 1, ""source"": ""workstation2_log"", ""device"": ""workstation2"", ""task_type"": ""CNN fitting, GPU load"", ""model"": ""vgg11"", ""optim"": ""sgd"", ""dataset"": ""CIFAR10"", ""batch_size"": 128, ""epochs"": 2, ""model_params"": 132863336, ""llm_estimated_task_effort"": ""low"", ""textual_description"": ""The model vgg11 is fitted on CIFAR10 using sgd for 2 epochs with bs=128.""}"
13328,1767540471,1767540471,1767540562,"{""inverter"": 1, ""source"": ""workstation1_log"", ""device"": ""workstation1"", ""task_type"": ""compilation, CPU load"", ""cpu_cores_active"": ""7"", ""library"": ""boost/pfr"", ""task_files"": 91, ""llm_estimated_task_effort"": ""low"", ""textual_description"": ""The testsuite for boost/pfr is being compiled and run."", ""command"": ""b2 --j 7 test"", ""directory"": "".../boost/libs/pfr""}"
13329,1767540714,1767540714,1767540979,"{""inverter"": 1, ""source"": ""workstation1_log"", ""device"": ""workstation1"", ""task_type"": ""compilation, CPU load"", ""cpu_cores_active"": ""1"", ""library"": ""boost/container"", ""task_files"": 98, ""llm_estimated_task_effort"": ""high"", ""textual_description"": ""The testsuite for boost/container is being compiled and run."", ""command"": ""b2 --j 1 test"", ""directory"": "".../boost/libs/container""}"
13046,1767540880,1767540880,1767541219,"{""inverter"": 1, ""source"": ""workstation2_log"", ""device"": ""workstation2"", ""task_type"": ""CNN fitting, GPU load"", ""model"": ""vgg11"", ""optim"": ""adam"", ""dataset"": ""CIFAR10"", ""batch_size"": 128, ""epochs"": 2, ""model_params"": 132863336, ""llm_estimated_task_effort"": ""low"", ""textual_description"": ""The model vgg11 is fitted on CIFAR10 using adam for 2 epochs with bs=128.""}"
13330,1767541332,1767541332,1767541474,"{""inverter"": 1, ""source"": ""workstation1_log"", ""device"": ""workstation1"", ""task_type"": ""compilation, CPU load"", ""cpu_cores_active"": ""1"", ""library"": ""boost/locale"", ""task_files"": 48, ""llm_estimated_task_effort"": ""high"", ""textual_description"": ""The testsuite for boost/locale is being compiled and run."", ""command"": ""b2 --j 1 test"", ""directory"": "".../boost/libs/locale""}"
13331,1767541602,1767541602,1767541602,"{""inverter"": 1, ""source"": ""workstation2_log"", ""device"": ""workstation2"", ""task_type"": ""compilation, CPU load"", ""cpu_cores_active"": ""3"", ""library"": ""boost/function"", ""task_files"": 43, ""llm_estimated_task_effort"": ""low"", ""textual_description"": ""The testsuite for boost/function is being compiled and run."", ""command"": ""b2 --j 3 test"", ""directory"": "".../boost/libs/function""}"
13332,1767541603,1767541603,1767541603,"{""inverter"": 1, ""source"": ""workstation2_log"", ""device"": ""workstation2"", ""task_type"": ""compilation, CPU load"", ""cpu_cores_active"": ""3"", ""library"": ""boost/rational"", ""task_files"": 19, ""llm_estimated_task_effort"": ""low"", ""textual_description"": ""The testsuite for boost/rational is being compiled and run."", ""command"": ""b2 --j 3 test"", ""directory"": "".../boost/libs/rational""}"
13333,1767541695,1767541695,1767541837,"{""inverter"": 1, ""source"": ""workstation1_log"", ""device"": ""workstation1"", ""task_type"": ""compilation, CPU load"", ""cpu_cores_active"": ""6"", ""library"": ""boost/random"", ""task_files"": 141, ""llm_estimated_task_effort"": ""low"", ""textual_description"": ""The testsuite for boost/random is being compiled and run."", ""command"": ""b2 --j 6 test"", ""directory"": "".../boost/libs/random""}"
13334,1767542003,1767542003,1767542090,"{""inverter"": 1, ""source"": ""workstation1_log"", ""device"": ""workstation1"", ""task_type"": ""compilation, CPU load"", ""cpu_cores_active"": ""4"", ""library"": ""boost/coroutine2"", ""task_files"": 2, ""llm_estimated_task_effort"": ""high"", ""textual_description"": ""The testsuite for boost/coroutine2 is being compiled and run."", ""command"": ""b2 --j 4 test"", ""directory"": "".../boost/libs/coroutine2""}"
13335,1767542269,1767542269,1767542353,"{""inverter"": 1, ""source"": ""workstation1_log"", ""device"": ""workstation1"", ""task_type"": ""compilation, CPU load"", ""cpu_cores_active"": ""4"", ""library"": ""boost/move"", ""task_files"": 34, ""llm_estimated_task_effort"": ""low"", ""textual_description"": ""The testsuite for boost/move is being compiled and run."", ""command"": ""b2 --j 4 test"", ""directory"": "".../boost/libs/move""}"
13336,1756616221,1767542400,1778255999,"{ ""source"": ""manual entry"",""textual_description"": ""2025/2026 Teaching Term 2""}"
13337,1756616221,1767542400,1767628799,"{ ""source"": ""manual entry"",""textual_description"": ""2nd term begins""}"
13422,1767542931,1767542931,1767542931,"{""inverter"": 1, ""source"": ""workstation2_log"", ""device"": ""workstation2"", ""task_type"": ""compilation, CPU load"", ""cpu_cores_active"": ""4"", ""library"": ""boost/container_hash"", ""task_files"": 90, ""llm_estimated_task_effort"": ""low"", ""textual_description"": ""The testsuite for boost/container_hash is being compiled and run."", ""command"": ""b2 --j 4 test"", ""directory"": "".../boost/libs/container_hash""}"
13338,1767543041,1767543041,1767543541,"{""inverter"": 1, ""source"": ""workstation2_log"", ""device"": ""workstation2"", ""task_type"": ""CNN fitting, GPU load"", ""model"": ""wide_resnet50_2"", ""optim"": ""adam"", ""dataset"": ""CIFAR10"", ""batch_size"": 128, ""epochs"": 2, ""model_params"": 68883240, ""llm_estimated_task_effort"": ""high"", ""textual_description"": ""The model wide_resnet50_2 is fitted on CIFAR10 using adam for 2 epochs with bs=128.""}"
13423,1767543283,1767543283,1767543284,"{""inverter"": 1, ""source"": ""workstation2_log"", ""device"": ""workstation2"", ""task_type"": ""compilation, CPU load"", ""cpu_cores_active"": ""10"", ""library"": ""boost/histogram"", ""task_files"": 131, ""llm_estimated_task_effort"": ""medium"", ""textual_description"": ""The testsuite for boost/histogram is being compiled and run."", ""command"": ""b2 --j 10 test"", ""directory"": "".../boost/libs/histogram""}"
13424,1767543591,1767543591,1767545865,"{""inverter"": 1, ""source"": ""workstation1_log"", ""device"": ""workstation1"", ""task_type"": ""compilation, CPU load"", ""cpu_cores_active"": ""4"", ""library"": ""boost/geometry"", ""task_files"": 665, ""llm_estimated_task_effort"": ""high"", ""textual_description"": ""The testsuite for boost/geometry is being compiled and run."", ""command"": ""b2 --j 4 test"", ""directory"": "".../boost/libs/geometry""}"
13339,1767543751,1767543751,1767544083,"{""inverter"": 1, ""source"": ""workstation2_log"", ""device"": ""workstation2"", ""task_type"": ""CNN fitting, GPU load"", ""model"": ""vgg11"", ""optim"": ""sgd"", ""dataset"": ""CIFAR10"", ""batch_size"": 128, ""epochs"": 2, ""model_params"": 132863336, ""llm_estimated_task_effort"": ""low"", ""textual_description"": ""The model vgg11 is fitted on CIFAR10 using sgd for 2 epochs with bs=128.""}"
13425,1767543820,1767543820,1767543821,"{""inverter"": 1, ""source"": ""workstation2_log"", ""device"": ""workstation2"", ""task_type"": ""compilation, CPU load"", ""cpu_cores_active"": ""8"", ""library"": ""boost/graph"", ""task_files"": 1290, ""llm_estimated_task_effort"": ""high"", ""textual_description"": ""The testsuite for boost/graph is being compiled and run."", ""command"": ""b2 --j 8 test"", ""directory"": "".../boost/libs/graph""}"
13426,1767544689,1767544689,1767544690,"{""inverter"": 1, ""source"": ""workstation2_log"", ""device"": ""workstation2"", ""task_type"": ""compilation, CPU load"", ""cpu_cores_active"": ""7"", ""library"": ""boost/functional"", ""task_files"": 2, ""llm_estimated_task_effort"": ""low"", ""textual_description"": ""The testsuite for boost/functional is being compiled and run."", ""command"": ""b2 --j 7 test"", ""directory"": "".../boost/libs/functional""}"
13340,1767545087,1767545087,1767545435,"{""inverter"": 1, ""source"": ""workstation2_log"", ""device"": ""workstation2"", ""task_type"": ""CNN fitting, GPU load"", ""model"": ""vgg19"", ""optim"": ""adam"", ""dataset"": ""CIFAR10"", ""batch_size"": 128, ""epochs"": 2, ""model_params"": 143667240, ""llm_estimated_task_effort"": ""medium"", ""textual_description"": ""The model vgg19 is fitted on CIFAR10 using adam for 2 epochs with bs=128.""}"
13427,1767545537,1767545537,1767545538,"{""inverter"": 1, ""source"": ""workstation2_log"", ""device"": ""workstation2"", ""task_type"": ""compilation, CPU load"", ""cpu_cores_active"": ""3"", ""library"": ""boost/uuid"", ""task_files"": 68, ""llm_estimated_task_effort"": ""low"", ""textual_description"": ""The testsuite for boost/uuid is being compiled and run."", ""command"": ""b2 --j 3 test"", ""directory"": "".../boost/libs/uuid""}"
13341,1767545584,1767545584,1767545920,"{""inverter"": 1, ""source"": ""workstation2_log"", ""device"": ""workstation2"", ""task_type"": ""CNN fitting, GPU load"", ""model"": ""vgg13"", ""optim"": ""adam"", ""dataset"": ""CIFAR10"", ""batch_size"": 128, ""epochs"": 2, ""model_params"": 133047848, ""llm_estimated_task_effort"": ""medium"", ""textual_description"": ""The model vgg13 is fitted on CIFAR10 using adam for 2 epochs with bs=128.""}"
13342,1767546006,1767546006,1767546346,"{""inverter"": 1, ""source"": ""workstation2_log"", ""device"": ""workstation2"", ""task_type"": ""CNN fitting, GPU load"", ""model"": ""vgg13"", ""optim"": ""adam"", ""dataset"": ""CIFAR10"", ""batch_size"": 128, ""epochs"": 2, ""model_params"": 133047848, ""llm_estimated_task_effort"": ""medium"", ""textual_description"": ""The model vgg13 is fitted on CIFAR10 using adam for 2 epochs with bs=128.""}"
13428,1767546197,1767546197,1767546198,"{""inverter"": 1, ""source"": ""workstation2_log"", ""device"": ""workstation2"", ""task_type"": ""compilation, CPU load"", ""cpu_cores_active"": ""3"", ""library"": ""boost/pfr"", ""task_files"": 91, ""llm_estimated_task_effort"": ""low"", ""textual_description"": ""The testsuite for boost/pfr is being compiled and run."", ""command"": ""b2 --j 3 test"", ""directory"": "".../boost/libs/pfr""}"
13429,1767546268,1767546268,1767546390,"{""inverter"": 1, ""source"": ""workstation1_log"", ""device"": ""workstation1"", ""task_type"": ""compilation, CPU load"", ""cpu_cores_active"": ""9"", ""library"": ""boost/contract"", ""task_files"": 268, ""llm_estimated_task_effort"": ""medium"", ""textual_description"": ""The testsuite for boost/contract is being compiled and run."", ""command"": ""b2 --j 9 test"", ""directory"": "".../boost/libs/contract""}"
13430,1767546505,1767546505,1767546677,"{""inverter"": 1, ""source"": ""workstation1_log"", ""device"": ""workstation1"", ""task_type"": ""compilation, CPU load"", ""cpu_cores_active"": ""1"", ""library"": ""boost/parameter"", ""task_files"": 68, ""llm_estimated_task_effort"": ""low"", ""textual_description"": ""The testsuite for boost/parameter is being compiled and run."", ""command"": ""b2 --j 1 test"", ""directory"": "".../boost/libs/parameter""}"
13343,1767546606,1767546606,1767547761,"{""inverter"": 1, ""source"": ""workstation2_log"", ""device"": ""workstation2"", ""task_type"": ""CNN fitting, GPU load"", ""model"": ""swin_v2_s"", ""optim"": ""sgd"", ""dataset"": ""CIFAR10"", ""batch_size"": 128, ""epochs"": 2, ""model_params"": 49737442, ""llm_estimated_task_effort"": ""high"", ""textual_description"": ""The model swin_v2_s is fitted on CIFAR10 using sgd for 2 epochs with bs=128.""}"
13431,1767546764,1767546764,1767546837,"{""inverter"": 1, ""source"": ""workstation1_log"", ""device"": ""workstation1"", ""task_type"": ""compilation, CPU load"", ""cpu_cores_active"": ""5"", ""library"": ""boost/tokenizer"", ""task_files"": 9, ""llm_estimated_task_effort"": ""low"", ""textual_description"": ""The testsuite for boost/tokenizer is being compiled and run."", ""command"": ""b2 --j 5 test"", ""directory"": "".../boost/libs/tokenizer""}"
13432,1767546857,1767546857,1767546936,"{""inverter"": 1, ""source"": ""workstation1_log"", ""device"": ""workstation1"", ""task_type"": ""compilation, CPU load"", ""cpu_cores_active"": ""6"", ""library"": ""boost/integer"", ""task_files"": 27, ""llm_estimated_task_effort"": ""low"", ""textual_description"": ""The testsuite for boost/integer is being compiled and run."", ""command"": ""b2 --j 6 test"", ""directory"": "".../boost/libs/integer""}"
13433,1767546875,1767546875,1767546875,"{""inverter"": 1, ""source"": ""workstation2_log"", ""device"": ""workstation2"", ""task_type"": ""compilation, CPU load"", ""cpu_cores_active"": ""2"", ""library"": ""boost/coroutine"", ""task_files"": 3, ""llm_estimated_task_effort"": ""high"", ""textual_description"": ""The testsuite for boost/coroutine is being compiled and run."", ""command"": ""b2 --j 2 test"", ""directory"": "".../boost/libs/coroutine""}"
13434,1767547624,1767547624,1767547625,"{""inverter"": 1, ""source"": ""workstation2_log"", ""device"": ""workstation2"", ""task_type"": ""compilation, CPU load"", ""cpu_cores_active"": ""10"", ""library"": ""boost/geometry"", ""task_files"": 665, ""llm_estimated_task_effort"": ""high"", ""textual_description"": ""The testsuite for boost/geometry is being compiled and run."", ""command"": ""b2 --j 10 test"", ""directory"": "".../boost/libs/geometry""}"
13435,1767547763,1767547763,1767547763,"{""inverter"": 1, ""source"": ""workstation2_log"", ""device"": ""workstation2"", ""task_type"": ""compilation, CPU load"", ""cpu_cores_active"": ""3"", ""library"": ""boost/spirit"", ""task_files"": 331, ""llm_estimated_task_effort"": ""high"", ""textual_description"": ""The testsuite for boost/spirit is being compiled and run."", ""command"": ""b2 --j 3 test"", ""directory"": "".../boost/libs/spirit""}"
13436,1767547828,1767547828,1767547912,"{""inverter"": 1, ""source"": ""workstation1_log"", ""device"": ""workstation1"", ""task_type"": ""compilation, CPU load"", ""cpu_cores_active"": ""4"", ""library"": ""boost/multi_array"", ""task_files"": 46, ""llm_estimated_task_effort"": ""low"", ""textual_description"": ""The testsuite for boost/multi_array is being compiled and run."", ""command"": ""b2 --j 4 test"", ""directory"": "".../boost/libs/multi_array""}"
13344,1767548057,1767548057,1767548440,"{""inverter"": 1, ""source"": ""workstation2_log"", ""device"": ""workstation2"", ""task_type"": ""CNN fitting, GPU load"", ""model"": ""resnet18"", ""optim"": ""adam"", ""dataset"": ""CIFAR10"", ""batch_size"": 128, ""epochs"": 2, ""model_params"": 11689512, ""llm_estimated_task_effort"": ""low"", ""textual_description"": ""The model resnet18 is fitted on CIFAR10 using adam for 2 epochs with bs=128.""}"
13437,1767548312,1767548312,1767548312,"{""inverter"": 1, ""source"": ""workstation2_log"", ""device"": ""workstation2"", ""task_type"": ""compilation, CPU load"", ""cpu_cores_active"": ""1"", ""library"": ""boost/mysql"", ""task_files"": 258, ""llm_estimated_task_effort"": ""medium"", ""textual_description"": ""The testsuite for boost/mysql is being compiled and run."", ""command"": ""b2 --j 1 test"", ""directory"": "".../boost/libs/mysql""}"
13345,1767548471,1767548471,1767548819,"{""inverter"": 1, ""source"": ""workstation2_log"", ""device"": ""workstation2"", ""task_type"": ""CNN fitting, GPU load"", ""model"": ""vgg19"", ""optim"": ""adam"", ""dataset"": ""CIFAR10"", ""batch_size"": 128, ""epochs"": 2, ""model_params"": 143667240, ""llm_estimated_task_effort"": ""medium"", ""textual_description"": ""The model vgg19 is fitted on CIFAR10 using adam for 2 epochs with bs=128.""}"
13438,1767548695,1767548695,1767548696,"{""inverter"": 1, ""source"": ""workstation2_log"", ""device"": ""workstation2"", ""task_type"": ""compilation, CPU load"", ""cpu_cores_active"": ""8"", ""library"": ""boost/winapi"", ""task_files"": 59, ""llm_estimated_task_effort"": ""low"", ""textual_description"": ""The testsuite for boost/winapi is being compiled and run."", ""command"": ""b2 --j 8 test"", ""directory"": "".../boost/libs/winapi""}"
13439,1767549268,1767549268,1767549341,"{""inverter"": 1, ""source"": ""workstation1_log"", ""device"": ""workstation1"", ""task_type"": ""compilation, CPU load"", ""cpu_cores_active"": ""9"", ""library"": ""boost/mpl"", ""task_files"": 109, ""llm_estimated_task_effort"": ""low"", ""textual_description"": ""The testsuite for boost/mpl is being compiled and run."", ""command"": ""b2 --j 9 test"", ""directory"": "".../boost/libs/mpl""}"
13346,1767549311,1767549311,1767549641,"{""inverter"": 1, ""source"": ""workstation2_log"", ""device"": ""workstation2"", ""task_type"": ""CNN fitting, GPU load"", ""model"": ""vgg11"", ""optim"": ""sgd"", ""dataset"": ""CIFAR10"", ""batch_size"": 128, ""epochs"": 2, ""model_params"": 132863336, ""llm_estimated_task_effort"": ""low"", ""textual_description"": ""The model vgg11 is fitted on CIFAR10 using sgd for 2 epochs with bs=128.""}"
13440,1767549530,1767549530,1767549626,"{""inverter"": 1, ""source"": ""workstation1_log"", ""device"": ""workstation1"", ""task_type"": ""compilation, CPU load"", ""cpu_cores_active"": ""2"", ""library"": ""boost/parameter_python"", ""task_files"": 3, ""llm_estimated_task_effort"": ""low"", ""textual_description"": ""The testsuite for boost/parameter_python is being compiled and run."", ""command"": ""b2 --j 2 test"", ""directory"": "".../boost/libs/parameter_python""}"
13441,1767549533,1767549533,1767549534,"{""inverter"": 1, ""source"": ""workstation2_log"", ""device"": ""workstation2"", ""task_type"": ""compilation, CPU load"", ""cpu_cores_active"": ""10"", ""library"": ""boost/optional"", ""task_files"": 82, ""llm_estimated_task_effort"": ""low"", ""textual_description"": ""The testsuite for boost/optional is being compiled and run."", ""command"": ""b2 --j 10 test"", ""directory"": "".../boost/libs/optional""}"
13442,1767549839,1767549839,1767549908,"{""inverter"": 1, ""source"": ""workstation1_log"", ""device"": ""workstation1"", ""task_type"": ""compilation, CPU load"", ""cpu_cores_active"": ""10"", ""library"": ""boost/mpi"", ""task_files"": 75, ""llm_estimated_task_effort"": ""high"", ""textual_description"": ""The testsuite for boost/mpi is being compiled and run."", ""command"": ""b2 --j 10 test"", ""directory"": "".../boost/libs/mpi""}"
13347,1767549898,1767549898,1767550249,"{""inverter"": 1, ""source"": ""workstation2_log"", ""device"": ""workstation2"", ""task_type"": ""CNN fitting, GPU load"", ""model"": ""resnet18"", ""optim"": ""sgd"", ""dataset"": ""CIFAR10"", ""batch_size"": 128, ""epochs"": 2, ""model_params"": 11689512, ""llm_estimated_task_effort"": ""low"", ""textual_description"": ""The model resnet18 is fitted on CIFAR10 using sgd for 2 epochs with bs=128.""}"
13443,1767550162,1767550162,1767550162,"{""inverter"": 1, ""source"": ""workstation2_log"", ""device"": ""workstation2"", ""task_type"": ""compilation, CPU load"", ""cpu_cores_active"": ""10"", ""library"": ""boost/preprocessor"", ""task_files"": 73, ""llm_estimated_task_effort"": ""medium"", ""textual_description"": ""The testsuite for boost/preprocessor is being compiled and run."", ""command"": ""b2 --j 10 test"", ""directory"": "".../boost/libs/preprocessor""}"
13444,1767550366,1767550366,1767550366,"{""inverter"": 1, ""source"": ""workstation2_log"", ""device"": ""workstation2"", ""task_type"": ""compilation, CPU load"", ""cpu_cores_active"": ""8"", ""library"": ""boost/dynamic_bitset"", ""task_files"": 13, ""llm_estimated_task_effort"": ""low"", ""textual_description"": ""The testsuite for boost/dynamic_bitset is being compiled and run."", ""command"": ""b2 --j 8 test"", ""directory"": "".../boost/libs/dynamic_bitset""}"
13348,1767550535,1767550535,1767550909,"{""inverter"": 1, ""source"": ""workstation2_log"", ""device"": ""workstation2"", ""task_type"": ""CNN fitting, GPU load"", ""model"": ""resnet18"", ""optim"": ""adam"", ""dataset"": ""CIFAR10"", ""batch_size"": 128, ""epochs"": 2, ""model_params"": 11689512, ""llm_estimated_task_effort"": ""low"", ""textual_description"": ""The model resnet18 is fitted on CIFAR10 using adam for 2 epochs with bs=128.""}"
13445,1767550933,1767550933,1767550933,"{""inverter"": 1, ""source"": ""workstation2_log"", ""device"": ""workstation2"", ""task_type"": ""compilation, CPU load"", ""cpu_cores_active"": ""5"", ""library"": ""boost/throw_exception"", ""task_files"": 36, ""llm_estimated_task_effort"": ""low"", ""textual_description"": ""The testsuite for boost/throw_exception is being compiled and run."", ""command"": ""b2 --j 5 test"", ""directory"": "".../boost/libs/throw_exception""}"
13349,1767550934,1767550934,1767551265,"{""inverter"": 1, ""source"": ""workstation2_log"", ""device"": ""workstation2"", ""task_type"": ""CNN fitting, GPU load"", ""model"": ""vgg13"", ""optim"": ""sgd"", ""dataset"": ""CIFAR10"", ""batch_size"": 128, ""epochs"": 2, ""model_params"": 133047848, ""llm_estimated_task_effort"": ""medium"", ""textual_description"": ""The model vgg13 is fitted on CIFAR10 using sgd for 2 epochs with bs=128.""}"
13446,1767551066,1767551066,1767551133,"{""inverter"": 1, ""source"": ""workstation1_log"", ""device"": ""workstation1"", ""task_type"": ""compilation, CPU load"", ""cpu_cores_active"": ""7"", ""library"": ""boost/preprocessor"", ""task_files"": 73, ""llm_estimated_task_effort"": ""medium"", ""textual_description"": ""The testsuite for boost/preprocessor is being compiled and run."", ""command"": ""b2 --j 7 test"", ""directory"": "".../boost/libs/preprocessor""}"
13447,1767551465,1767551465,1767551567,"{""inverter"": 1, ""source"": ""workstation1_log"", ""device"": ""workstation1"", ""task_type"": ""compilation, CPU load"", ""cpu_cores_active"": ""7"", ""library"": ""boost/msm"", ""task_files"": 57, ""llm_estimated_task_effort"": ""high"", ""textual_description"": ""The testsuite for boost/msm is being compiled and run."", ""command"": ""b2 --j 7 test"", ""directory"": "".../boost/libs/msm""}"
13448,1767551827,1767551827,1767551912,"{""inverter"": 1, ""source"": ""workstation1_log"", ""device"": ""workstation1"", ""task_type"": ""compilation, CPU load"", ""cpu_cores_active"": ""4"", ""library"": ""boost/proto"", ""task_files"": 24, ""llm_estimated_task_effort"": ""low"", ""textual_description"": ""The testsuite for boost/proto is being compiled and run."", ""command"": ""b2 --j 4 test"", ""directory"": "".../boost/libs/proto""}"
13449,1767552132,1767552132,1767552133,"{""inverter"": 1, ""source"": ""workstation2_log"", ""device"": ""workstation2"", ""task_type"": ""compilation, CPU load"", ""cpu_cores_active"": ""2"", ""library"": ""boost/logic"", ""task_files"": 13, ""llm_estimated_task_effort"": ""low"", ""textual_description"": ""The testsuite for boost/logic is being compiled and run."", ""command"": ""b2 --j 2 test"", ""directory"": "".../boost/libs/logic""}"
13350,1767552402,1767552402,1767552758,"{""inverter"": 1, ""source"": ""workstation2_log"", ""device"": ""workstation2"", ""task_type"": ""CNN fitting, GPU load"", ""model"": ""vgg13"", ""optim"": ""adam"", ""dataset"": ""CIFAR10"", ""batch_size"": 128, ""epochs"": 2, ""model_params"": 133047848, ""llm_estimated_task_effort"": ""medium"", ""textual_description"": ""The model vgg13 is fitted on CIFAR10 using adam for 2 epochs with bs=128.""}"
13450,1767552474,1767552474,1767552574,"{""inverter"": 1, ""source"": ""workstation1_log"", ""device"": ""workstation1"", ""task_type"": ""compilation, CPU load"", ""cpu_cores_active"": ""7"", ""library"": ""boost/type_erasure"", ""task_files"": 61, ""llm_estimated_task_effort"": ""low"", ""textual_description"": ""The testsuite for boost/type_erasure is being compiled and run."", ""command"": ""b2 --j 7 test"", ""directory"": "".../boost/libs/type_erasure""}"
13451,1767552649,1767552649,1767553340,"{""inverter"": 1, ""source"": ""workstation1_log"", ""device"": ""workstation1"", ""task_type"": ""compilation, CPU load"", ""cpu_cores_active"": ""4"", ""library"": ""boost/thread"", ""task_files"": 439, ""llm_estimated_task_effort"": ""high"", ""textual_description"": ""The testsuite for boost/thread is being compiled and run."", ""command"": ""b2 --j 4 test"", ""directory"": "".../boost/libs/thread""}"
13452,1767552871,1767552871,1767552873,"{""inverter"": 1, ""source"": ""workstation2_log"", ""device"": ""workstation2"", ""task_type"": ""compilation, CPU load"", ""cpu_cores_active"": ""8"", ""library"": ""boost/fiber"", ""task_files"": 33, ""llm_estimated_task_effort"": ""high"", ""textual_description"": ""The testsuite for boost/fiber is being compiled and run."", ""command"": ""b2 --j 8 test"", ""directory"": "".../boost/libs/fiber""}"
13351,1767553025,1767553025,1767553398,"{""inverter"": 1, ""source"": ""workstation2_log"", ""device"": ""workstation2"", ""task_type"": ""CNN fitting, GPU load"", ""model"": ""resnet18"", ""optim"": ""adam"", ""dataset"": ""CIFAR10"", ""batch_size"": 128, ""epochs"": 2, ""model_params"": 11689512, ""llm_estimated_task_effort"": ""low"", ""textual_description"": ""The model resnet18 is fitted on CIFAR10 using adam for 2 epochs with bs=128.""}"
13352,1767553596,1767553596,1767554337,"{""inverter"": 1, ""source"": ""workstation2_log"", ""device"": ""workstation2"", ""task_type"": ""CNN fitting, GPU load"", ""model"": ""densenet121"", ""optim"": ""sgd"", ""dataset"": ""CIFAR10"", ""batch_size"": 128, ""epochs"": 2, ""model_params"": 7978856, ""llm_estimated_task_effort"": ""medium"", ""textual_description"": ""The model densenet121 is fitted on CIFAR10 using sgd for 2 epochs with bs=128.""}"
13453,1767553899,1767553899,1767554056,"{""inverter"": 1, ""source"": ""workstation1_log"", ""device"": ""workstation1"", ""task_type"": ""compilation, CPU load"", ""cpu_cores_active"": ""6"", ""library"": ""boost/gil"", ""task_files"": 353, ""llm_estimated_task_effort"": ""high"", ""textual_description"": ""The testsuite for boost/gil is being compiled and run."", ""command"": ""b2 --j 6 test"", ""directory"": "".../boost/libs/gil""}"
13454,1767554136,1767554136,1767554305,"{""inverter"": 1, ""source"": ""workstation1_log"", ""device"": ""workstation1"", ""task_type"": ""compilation, CPU load"", ""cpu_cores_active"": ""2"", ""library"": ""boost/stacktrace"", ""task_files"": 18, ""llm_estimated_task_effort"": ""medium"", ""textual_description"": ""The testsuite for boost/stacktrace is being compiled and run."", ""command"": ""b2 --j 2 test"", ""directory"": "".../boost/libs/stacktrace""}"
13455,1767554317,1767554317,1767554318,"{""inverter"": 1, ""source"": ""workstation2_log"", ""device"": ""workstation2"", ""task_type"": ""compilation, CPU load"", ""cpu_cores_active"": ""8"", ""library"": ""boost/mpl"", ""task_files"": 109, ""llm_estimated_task_effort"": ""low"", ""textual_description"": ""The testsuite for boost/mpl is being compiled and run."", ""command"": ""b2 --j 8 test"", ""directory"": "".../boost/libs/mpl""}"
13456,1767554339,1767554339,1767554340,"{""inverter"": 1, ""source"": ""workstation2_log"", ""device"": ""workstation2"", ""task_type"": ""compilation, CPU load"", ""cpu_cores_active"": ""7"", ""library"": ""boost/container_hash"", ""task_files"": 90, ""llm_estimated_task_effort"": ""low"", ""textual_description"": ""The testsuite for boost/container_hash is being compiled and run."", ""command"": ""b2 --j 7 test"", ""directory"": "".../boost/libs/container_hash""}"
13457,1767554657,1767554657,1767554657,"{""inverter"": 1, ""source"": ""workstation2_log"", ""device"": ""workstation2"", ""task_type"": ""compilation, CPU load"", ""cpu_cores_active"": ""2"", ""library"": ""boost/iterator"", ""task_files"": 55, ""llm_estimated_task_effort"": ""low"", ""textual_description"": ""The testsuite for boost/iterator is being compiled and run."", ""command"": ""b2 --j 2 test"", ""directory"": "".../boost/libs/iterator""}"
13458,1767554870,1767554870,1767554870,"{""inverter"": 1, ""source"": ""workstation2_log"", ""device"": ""workstation2"", ""task_type"": ""compilation, CPU load"", ""cpu_cores_active"": ""9"", ""library"": ""boost/dynamic_bitset"", ""task_files"": 13, ""llm_estimated_task_effort"": ""low"", ""textual_description"": ""The testsuite for boost/dynamic_bitset is being compiled and run."", ""command"": ""b2 --j 9 test"", ""directory"": "".../boost/libs/dynamic_bitset""}"
13353,1767555338,1767555338,1767555777,"{""inverter"": 1, ""source"": ""workstation2_log"", ""device"": ""workstation2"", ""task_type"": ""CNN fitting, GPU load"", ""model"": ""wide_resnet50_2"", ""optim"": ""sgd"", ""dataset"": ""CIFAR10"", ""batch_size"": 128, ""epochs"": 2, ""model_params"": 68883240, ""llm_estimated_task_effort"": ""high"", ""textual_description"": ""The model wide_resnet50_2 is fitted on CIFAR10 using sgd for 2 epochs with bs=128.""}"
13459,1767555618,1767555618,1767555694,"{""inverter"": 1, ""source"": ""workstation1_log"", ""device"": ""workstation1"", ""task_type"": ""compilation, CPU load"", ""cpu_cores_active"": ""10"", ""library"": ""boost/endian"", ""task_files"": 61, ""llm_estimated_task_effort"": ""low"", ""textual_description"": ""The testsuite for boost/endian is being compiled and run."", ""command"": ""b2 --j 10 test"", ""directory"": "".../boost/libs/endian""}"
13460,1767556008,1767556008,1767556009,"{""inverter"": 1, ""source"": ""workstation2_log"", ""device"": ""workstation2"", ""task_type"": ""compilation, CPU load"", ""cpu_cores_active"": ""8"", ""library"": ""boost/safe_numerics"", ""task_files"": 152, ""llm_estimated_task_effort"": ""low"", ""textual_description"": ""The testsuite for boost/safe_numerics is being compiled and run."", ""command"": ""b2 --j 8 test"", ""directory"": "".../boost/libs/safe_numerics""}"
13461,1767556204,1767556204,1767556204,"{""inverter"": 1, ""source"": ""workstation2_log"", ""device"": ""workstation2"", ""task_type"": ""compilation, CPU load"", ""cpu_cores_active"": ""1"", ""library"": ""boost/phoenix"", ""task_files"": 266, ""llm_estimated_task_effort"": ""low"", ""textual_description"": ""The testsuite for boost/phoenix is being compiled and run."", ""command"": ""b2 --j 1 test"", ""directory"": "".../boost/libs/phoenix""}"
13462,1767556385,1767556385,1767556522,"{""inverter"": 1, ""source"": ""workstation1_log"", ""device"": ""workstation1"", ""task_type"": ""compilation, CPU load"", ""cpu_cores_active"": ""1"", ""library"": ""boost/compat"", ""task_files"": 65, ""llm_estimated_task_effort"": ""low"", ""textual_description"": ""The testsuite for boost/compat is being compiled and run."", ""command"": ""b2 --j 1 test"", ""directory"": "".../boost/libs/compat""}"
13463,1767556517,1767556517,1767556517,"{""inverter"": 1, ""source"": ""workstation2_log"", ""device"": ""workstation2"", ""task_type"": ""compilation, CPU load"", ""cpu_cores_active"": ""2"", ""library"": ""boost/functional"", ""task_files"": 2, ""llm_estimated_task_effort"": ""low"", ""textual_description"": ""The testsuite for boost/functional is being compiled and run."", ""command"": ""b2 --j 2 test"", ""directory"": "".../boost/libs/functional""}"
13354,1767556726,1767556726,1767557895,"{""inverter"": 1, ""source"": ""workstation2_log"", ""device"": ""workstation2"", ""task_type"": ""CNN fitting, GPU load"", ""model"": ""swin_v2_s"", ""optim"": ""sgd"", ""dataset"": ""CIFAR10"", ""batch_size"": 128, ""epochs"": 2, ""model_params"": 49737442, ""llm_estimated_task_effort"": ""high"", ""textual_description"": ""The model swin_v2_s is fitted on CIFAR10 using sgd for 2 epochs with bs=128.""}"
13464,1767556979,1767556979,1767556981,"{""inverter"": 1, ""source"": ""workstation2_log"", ""device"": ""workstation2"", ""task_type"": ""compilation, CPU load"", ""cpu_cores_active"": ""9"", ""library"": ""boost/foreach"", ""task_files"": 27, ""llm_estimated_task_effort"": ""low"", ""textual_description"": ""The testsuite for boost/foreach is being compiled and run."", ""command"": ""b2 --j 9 test"", ""directory"": "".../boost/libs/foreach""}"
13465,1767557411,1767557411,1767557494,"{""inverter"": 1, ""source"": ""workstation1_log"", ""device"": ""workstation1"", ""task_type"": ""compilation, CPU load"", ""cpu_cores_active"": ""2"", ""library"": ""boost/integer"", ""task_files"": 27, ""llm_estimated_task_effort"": ""low"", ""textual_description"": ""The testsuite for boost/integer is being compiled and run."", ""command"": ""b2 --j 2 test"", ""directory"": "".../boost/libs/integer""}"
13466,1767557871,1767557871,1767557872,"{""inverter"": 1, ""source"": ""workstation2_log"", ""device"": ""workstation2"", ""task_type"": ""compilation, CPU load"", ""cpu_cores_active"": ""10"", ""library"": ""boost/histogram"", ""task_files"": 131, ""llm_estimated_task_effort"": ""medium"", ""textual_description"": ""The testsuite for boost/histogram is being compiled and run."", ""command"": ""b2 --j 10 test"", ""directory"": "".../boost/libs/histogram""}"
13355,1767557920,1767557920,1767559197,"{""inverter"": 1, ""source"": ""workstation2_log"", ""device"": ""workstation2"", ""task_type"": ""CNN fitting, GPU load"", ""model"": ""swin_v2_s"", ""optim"": ""adam"", ""dataset"": ""CIFAR10"", ""batch_size"": 128, ""epochs"": 2, ""model_params"": 49737442, ""llm_estimated_task_effort"": ""high"", ""textual_description"": ""The model swin_v2_s is fitted on CIFAR10 using adam for 2 epochs with bs=128.""}"
13467,1767558827,1767558827,1767558907,"{""inverter"": 1, ""source"": ""workstation1_log"", ""device"": ""workstation1"", ""task_type"": ""compilation, CPU load"", ""cpu_cores_active"": ""10"", ""library"": ""boost/chrono"", ""task_files"": 67, ""llm_estimated_task_effort"": ""low"", ""textual_description"": ""The testsuite for boost/chrono is being compiled and run."", ""command"": ""b2 --j 10 test"", ""directory"": "".../boost/libs/chrono""}"
13468,1767559195,1767559195,1767559196,"{""inverter"": 1, ""source"": ""workstation2_log"", ""device"": ""workstation2"", ""task_type"": ""compilation, CPU load"", ""cpu_cores_active"": ""8"", ""library"": ""boost/test"", ""task_files"": 112, ""llm_estimated_task_effort"": ""low"", ""textual_description"": ""The testsuite for boost/test is being compiled and run."", ""command"": ""b2 --j 8 test"", ""directory"": "".../boost/libs/test""}"
13469,1767559545,1767559545,1767559632,"{""inverter"": 1, ""source"": ""workstation1_log"", ""device"": ""workstation1"", ""task_type"": ""compilation, CPU load"", ""cpu_cores_active"": ""10"", ""library"": ""boost/intrusive"", ""task_files"": 55, ""llm_estimated_task_effort"": ""low"", ""textual_description"": ""The testsuite for boost/intrusive is being compiled and run."", ""command"": ""b2 --j 10 test"", ""directory"": "".../boost/libs/intrusive""}"
13356,1767559725,1767559725,1767560609,"{""inverter"": 1, ""source"": ""workstation2_log"", ""device"": ""workstation2"", ""task_type"": ""CNN fitting, GPU load"", ""model"": ""densenet121"", ""optim"": ""adam"", ""dataset"": ""CIFAR10"", ""batch_size"": 128, ""epochs"": 2, ""model_params"": 7978856, ""llm_estimated_task_effort"": ""medium"", ""textual_description"": ""The model densenet121 is fitted on CIFAR10 using adam for 2 epochs with bs=128.""}"
13470,1767560066,1767560066,1767560067,"{""inverter"": 1, ""source"": ""workstation2_log"", ""device"": ""workstation2"", ""task_type"": ""compilation, CPU load"", ""cpu_cores_active"": ""9"", ""library"": ""boost/interprocess"", ""task_files"": 122, ""llm_estimated_task_effort"": ""high"", ""textual_description"": ""The testsuite for boost/interprocess is being compiled and run."", ""command"": ""b2 --j 9 test"", ""directory"": "".../boost/libs/interprocess""}"
13471,1767560364,1767560364,1767560456,"{""inverter"": 1, ""source"": ""workstation1_log"", ""device"": ""workstation1"", ""task_type"": ""compilation, CPU load"", ""cpu_cores_active"": ""10"", ""library"": ""boost/mp11"", ""task_files"": 241, ""llm_estimated_task_effort"": ""low"", ""textual_description"": ""The testsuite for boost/mp11 is being compiled and run."", ""command"": ""b2 --j 10 test"", ""directory"": "".../boost/libs/mp11""}"
13357,1767560720,1767560720,1767561057,"{""inverter"": 1, ""source"": ""workstation2_log"", ""device"": ""workstation2"", ""task_type"": ""CNN fitting, GPU load"", ""model"": ""vgg11"", ""optim"": ""adam"", ""dataset"": ""CIFAR10"", ""batch_size"": 128, ""epochs"": 2, ""model_params"": 132863336, ""llm_estimated_task_effort"": ""low"", ""textual_description"": ""The model vgg11 is fitted on CIFAR10 using adam for 2 epochs with bs=128.""}"
13472,1767560802,1767560802,1767560868,"{""inverter"": 1, ""source"": ""workstation1_log"", ""device"": ""workstation1"", ""task_type"": ""compilation, CPU load"", ""cpu_cores_active"": ""5"", ""library"": ""boost/headers"", ""task_files"": 0, ""llm_estimated_task_effort"": ""low"", ""textual_description"": ""The testsuite for boost/headers is being compiled and run."", ""command"": ""b2 --j 5 test"", ""directory"": "".../boost/libs/headers""}"
13473,1767560996,1767560996,1767560997,"{""inverter"": 1, ""source"": ""workstation2_log"", ""device"": ""workstation2"", ""task_type"": ""compilation, CPU load"", ""cpu_cores_active"": ""5"", ""library"": ""boost/asio"", ""task_files"": 386, ""llm_estimated_task_effort"": ""high"", ""textual_description"": ""The testsuite for boost/asio is being compiled and run."", ""command"": ""b2 --j 5 test"", ""directory"": "".../boost/libs/asio""}"
13358,1767561146,1767561146,1767561884,"{""inverter"": 1, ""source"": ""workstation2_log"", ""device"": ""workstation2"", ""task_type"": ""CNN fitting, GPU load"", ""model"": ""densenet121"", ""optim"": ""sgd"", ""dataset"": ""CIFAR10"", ""batch_size"": 128, ""epochs"": 2, ""model_params"": 7978856, ""llm_estimated_task_effort"": ""medium"", ""textual_description"": ""The model densenet121 is fitted on CIFAR10 using sgd for 2 epochs with bs=128.""}"
13474,1767561350,1767561350,1767561352,"{""inverter"": 1, ""source"": ""workstation2_log"", ""device"": ""workstation2"", ""task_type"": ""compilation, CPU load"", ""cpu_cores_active"": ""3"", ""library"": ""boost/algorithm"", ""task_files"": 60, ""llm_estimated_task_effort"": ""low"", ""textual_description"": ""The testsuite for boost/algorithm is being compiled and run."", ""command"": ""b2 --j 3 test"", ""directory"": "".../boost/libs/algorithm""}"
13475,1767561565,1767561565,1767561566,"{""inverter"": 1, ""source"": ""workstation2_log"", ""device"": ""workstation2"", ""task_type"": ""compilation, CPU load"", ""cpu_cores_active"": ""10"", ""library"": ""boost/variant2"", ""task_files"": 76, ""llm_estimated_task_effort"": ""low"", ""textual_description"": ""The testsuite for boost/variant2 is being compiled and run."", ""command"": ""b2 --j 10 test"", ""directory"": "".../boost/libs/variant2""}"
13476,1767561587,1767561587,1767561685,"{""inverter"": 1, ""source"": ""workstation1_log"", ""device"": ""workstation1"", ""task_type"": ""compilation, CPU load"", ""cpu_cores_active"": ""10"", ""library"": ""boost/type_erasure"", ""task_files"": 61, ""llm_estimated_task_effort"": ""low"", ""textual_description"": ""The testsuite for boost/type_erasure is being compiled and run."", ""command"": ""b2 --j 10 test"", ""directory"": "".../boost/libs/type_erasure""}"
13477,1767561877,1767561877,1767561878,"{""inverter"": 1, ""source"": ""workstation2_log"", ""device"": ""workstation2"", ""task_type"": ""compilation, CPU load"", ""cpu_cores_active"": ""5"", ""library"": ""boost/filesystem"", ""task_files"": 55, ""llm_estimated_task_effort"": ""high"", ""textual_description"": ""The testsuite for boost/filesystem is being compiled and run."", ""command"": ""b2 --j 5 test"", ""directory"": "".../boost/libs/filesystem""}"
13478,1767562150,1767562150,1767562246,"{""inverter"": 1, ""source"": ""workstation1_log"", ""device"": ""workstation1"", ""task_type"": ""compilation, CPU load"", ""cpu_cores_active"": ""8"", ""library"": ""boost/msm"", ""task_files"": 57, ""llm_estimated_task_effort"": ""high"", ""textual_description"": ""The testsuite for boost/msm is being compiled and run."", ""command"": ""b2 --j 8 test"", ""directory"": "".../boost/libs/msm""}"
13479,1767562362,1767562362,1767562362,"{""inverter"": 1, ""source"": ""workstation2_log"", ""device"": ""workstation2"", ""task_type"": ""compilation, CPU load"", ""cpu_cores_active"": ""1"", ""library"": ""boost/interprocess"", ""task_files"": 122, ""llm_estimated_task_effort"": ""high"", ""textual_description"": ""The testsuite for boost/interprocess is being compiled and run."", ""command"": ""b2 --j 1 test"", ""directory"": "".../boost/libs/interprocess""}"
13480,1767562892,1767562892,1767562990,"{""inverter"": 1, ""source"": ""workstation1_log"", ""device"": ""workstation1"", ""task_type"": ""compilation, CPU load"", ""cpu_cores_active"": ""9"", ""library"": ""boost/safe_numerics"", ""task_files"": 152, ""llm_estimated_task_effort"": ""low"", ""textual_description"": ""The testsuite for boost/safe_numerics is being compiled and run."", ""command"": ""b2 --j 9 test"", ""directory"": "".../boost/libs/safe_numerics""}"
13481,1767562908,1767562908,1767562909,"{""inverter"": 1, ""source"": ""workstation2_log"", ""device"": ""workstation2"", ""task_type"": ""compilation, CPU load"", ""cpu_cores_active"": ""10"", ""library"": ""boost/function_types"", ""task_files"": 47, ""llm_estimated_task_effort"": ""low"", ""textual_description"": ""The testsuite for boost/function_types is being compiled and run."", ""command"": ""b2 --j 10 test"", ""directory"": "".../boost/libs/function_types""}"
13359,1767563016,1767563016,1767563753,"{""inverter"": 1, ""source"": ""workstation2_log"", ""device"": ""workstation2"", ""task_type"": ""CNN fitting, GPU load"", ""model"": ""densenet121"", ""optim"": ""sgd"", ""dataset"": ""CIFAR10"", ""batch_size"": 128, ""epochs"": 2, ""model_params"": 7978856, ""llm_estimated_task_effort"": ""medium"", ""textual_description"": ""The model densenet121 is fitted on CIFAR10 using sgd for 2 epochs with bs=128.""}"
13482,1767563144,1767563144,1767563144,"{""inverter"": 1, ""source"": ""workstation2_log"", ""device"": ""workstation2"", ""task_type"": ""compilation, CPU load"", ""cpu_cores_active"": ""6"", ""library"": ""boost/property_map_parallel"", ""task_files"": 0, ""llm_estimated_task_effort"": ""low"", ""textual_description"": ""The testsuite for boost/property_map_parallel is being compiled and run."", ""command"": ""b2 --j 6 test"", ""directory"": "".../boost/libs/property_map_parallel""}"
13483,1767563171,1767563171,1767563288,"{""inverter"": 1, ""source"": ""workstation1_log"", ""device"": ""workstation1"", ""task_type"": ""compilation, CPU load"", ""cpu_cores_active"": ""3"", ""library"": ""boost/leaf"", ""task_files"": 125, ""llm_estimated_task_effort"": ""low"", ""textual_description"": ""The testsuite for boost/leaf is being compiled and run."", ""command"": ""b2 --j 3 test"", ""directory"": "".../boost/libs/leaf""}"
13484,1767563361,1767563361,1767563362,"{""inverter"": 1, ""source"": ""workstation2_log"", ""device"": ""workstation2"", ""task_type"": ""compilation, CPU load"", ""cpu_cores_active"": ""2"", ""library"": ""boost/lexical_cast"", ""task_files"": 31, ""llm_estimated_task_effort"": ""low"", ""textual_description"": ""The testsuite for boost/lexical_cast is being compiled and run."", ""command"": ""b2 --j 2 test"", ""directory"": "".../boost/libs/lexical_cast""}"
13485,1767563455,1767563455,1767563537,"{""inverter"": 1, ""source"": ""workstation1_log"", ""device"": ""workstation1"", ""task_type"": ""compilation, CPU load"", ""cpu_cores_active"": ""5"", ""library"": ""boost/assign"", ""task_files"": 18, ""llm_estimated_task_effort"": ""low"", ""textual_description"": ""The testsuite for boost/assign is being compiled and run."", ""command"": ""b2 --j 5 test"", ""directory"": "".../boost/libs/assign""}"
13486,1767563827,1767563827,1767564109,"{""inverter"": 1, ""source"": ""workstation1_log"", ""device"": ""workstation1"", ""task_type"": ""compilation, CPU load"", ""cpu_cores_active"": ""5"", ""library"": ""boost/spirit"", ""task_files"": 331, ""llm_estimated_task_effort"": ""high"", ""textual_description"": ""The testsuite for boost/spirit is being compiled and run."", ""command"": ""b2 --j 5 test"", ""directory"": "".../boost/libs/spirit""}"
13487,1767564190,1767564190,1767564255,"{""inverter"": 1, ""source"": ""workstation1_log"", ""device"": ""workstation1"", ""task_type"": ""compilation, CPU load"", ""cpu_cores_active"": ""9"", ""library"": ""boost/functional"", ""task_files"": 2, ""llm_estimated_task_effort"": ""low"", ""textual_description"": ""The testsuite for boost/functional is being compiled and run."", ""command"": ""b2 --j 9 test"", ""directory"": "".../boost/libs/functional""}"
13488,1767564309,1767564309,1767564310,"{""inverter"": 1, ""source"": ""workstation2_log"", ""device"": ""workstation2"", ""task_type"": ""compilation, CPU load"", ""cpu_cores_active"": ""3"", ""library"": ""boost/logic"", ""task_files"": 13, ""llm_estimated_task_effort"": ""low"", ""textual_description"": ""The testsuite for boost/logic is being compiled and run."", ""command"": ""b2 --j 3 test"", ""directory"": "".../boost/libs/logic""}"
13489,1767564477,1767564477,1767564478,"{""inverter"": 1, ""source"": ""workstation2_log"", ""device"": ""workstation2"", ""task_type"": ""compilation, CPU load"", ""cpu_cores_active"": ""10"", ""library"": ""boost/xpressive"", ""task_files"": 70, ""llm_estimated_task_effort"": ""high"", ""textual_description"": ""The testsuite for boost/xpressive is being compiled and run."", ""command"": ""b2 --j 10 test"", ""directory"": "".../boost/libs/xpressive""}"
13360,1767564690,1767564690,1767565070,"{""inverter"": 1, ""source"": ""workstation2_log"", ""device"": ""workstation2"", ""task_type"": ""CNN fitting, GPU load"", ""model"": ""resnet18"", ""optim"": ""sgd"", ""dataset"": ""CIFAR10"", ""batch_size"": 128, ""epochs"": 2, ""model_params"": 11689512, ""llm_estimated_task_effort"": ""low"", ""textual_description"": ""The model resnet18 is fitted on CIFAR10 using sgd for 2 epochs with bs=128.""}"
13490,1767564864,1767564864,1767564940,"{""inverter"": 1, ""source"": ""workstation1_log"", ""device"": ""workstation1"", ""task_type"": ""compilation, CPU load"", ""cpu_cores_active"": ""8"", ""library"": ""boost/context"", ""task_files"": 7, ""llm_estimated_task_effort"": ""high"", ""textual_description"": ""The testsuite for boost/context is being compiled and run."", ""command"": ""b2 --j 8 test"", ""directory"": "".../boost/libs/context""}"
13491,1767565181,1767565181,1767565256,"{""inverter"": 1, ""source"": ""workstation1_log"", ""device"": ""workstation1"", ""task_type"": ""compilation, CPU load"", ""cpu_cores_active"": ""9"", ""library"": ""boost/function_types"", ""task_files"": 47, ""llm_estimated_task_effort"": ""low"", ""textual_description"": ""The testsuite for boost/function_types is being compiled and run."", ""command"": ""b2 --j 9 test"", ""directory"": "".../boost/libs/function_types""}"
13492,1767565207,1767565207,1767565208,"{""inverter"": 1, ""source"": ""workstation2_log"", ""device"": ""workstation2"", ""task_type"": ""compilation, CPU load"", ""cpu_cores_active"": ""6"", ""library"": ""boost/geometry"", ""task_files"": 665, ""llm_estimated_task_effort"": ""high"", ""textual_description"": ""The testsuite for boost/geometry is being compiled and run."", ""command"": ""b2 --j 6 test"", ""directory"": "".../boost/libs/geometry""}"
13361,1767565234,1767565234,1767565576,"{""inverter"": 1, ""source"": ""workstation2_log"", ""device"": ""workstation2"", ""task_type"": ""CNN fitting, GPU load"", ""model"": ""resnet18"", ""optim"": ""sgd"", ""dataset"": ""CIFAR10"", ""batch_size"": 128, ""epochs"": 2, ""model_params"": 11689512, ""llm_estimated_task_effort"": ""low"", ""textual_description"": ""The model resnet18 is fitted on CIFAR10 using sgd for 2 epochs with bs=128.""}"
13362,1767565777,1767565777,1767566117,"{""inverter"": 1, ""source"": ""workstation2_log"", ""device"": ""workstation2"", ""task_type"": ""CNN fitting, GPU load"", ""model"": ""vgg11"", ""optim"": ""adam"", ""dataset"": ""CIFAR10"", ""batch_size"": 128, ""epochs"": 2, ""model_params"": 132863336, ""llm_estimated_task_effort"": ""low"", ""textual_description"": ""The model vgg11 is fitted on CIFAR10 using adam for 2 epochs with bs=128.""}"
13493,1767565887,1767565887,1767565996,"{""inverter"": 1, ""source"": ""workstation1_log"", ""device"": ""workstation1"", ""task_type"": ""compilation, CPU load"", ""cpu_cores_active"": ""9"", ""library"": ""boost/beast"", ""task_files"": 471, ""llm_estimated_task_effort"": ""high"", ""textual_description"": ""The testsuite for boost/beast is being compiled and run."", ""command"": ""b2 --j 9 test"", ""directory"": "".../boost/libs/beast""}"
13494,1767565943,1767565943,1767565944,"{""inverter"": 1, ""source"": ""workstation2_log"", ""device"": ""workstation2"", ""task_type"": ""compilation, CPU load"", ""cpu_cores_active"": ""9"", ""library"": ""boost/program_options"", ""task_files"": 26, ""llm_estimated_task_effort"": ""high"", ""textual_description"": ""The testsuite for boost/program_options is being compiled and run."", ""command"": ""b2 --j 9 test"", ""directory"": "".../boost/libs/program_options""}"
13495,1767565955,1767565955,1767565956,"{""inverter"": 1, ""source"": ""workstation2_log"", ""device"": ""workstation2"", ""task_type"": ""compilation, CPU load"", ""cpu_cores_active"": ""8"", ""library"": ""boost/locale"", ""task_files"": 48, ""llm_estimated_task_effort"": ""high"", ""textual_description"": ""The testsuite for boost/locale is being compiled and run."", ""command"": ""b2 --j 8 test"", ""directory"": "".../boost/libs/locale""}"
13496,1767566122,1767566122,1767566191,"{""inverter"": 1, ""source"": ""workstation1_log"", ""device"": ""workstation1"", ""task_type"": ""compilation, CPU load"", ""cpu_cores_active"": ""3"", ""library"": ""boost/redis"", ""task_files"": 45, ""llm_estimated_task_effort"": ""medium"", ""textual_description"": ""The testsuite for boost/redis is being compiled and run."", ""command"": ""b2 --j 3 test"", ""directory"": "".../boost/libs/redis""}"
13363,1767566136,1767566136,1767566475,"{""inverter"": 1, ""source"": ""workstation2_log"", ""device"": ""workstation2"", ""task_type"": ""CNN fitting, GPU load"", ""model"": ""vgg13"", ""optim"": ""adam"", ""dataset"": ""CIFAR10"", ""batch_size"": 128, ""epochs"": 2, ""model_params"": 133047848, ""llm_estimated_task_effort"": ""medium"", ""textual_description"": ""The model vgg13 is fitted on CIFAR10 using adam for 2 epochs with bs=128.""}"
13497,1767566346,1767566346,1767566420,"{""inverter"": 1, ""source"": ""workstation1_log"", ""device"": ""workstation1"", ""task_type"": ""compilation, CPU load"", ""cpu_cores_active"": ""9"", ""library"": ""boost/metaparse"", ""task_files"": 113, ""llm_estimated_task_effort"": ""medium"", ""textual_description"": ""The testsuite for boost/metaparse is being compiled and run."", ""command"": ""b2 --j 9 test"", ""directory"": "".../boost/libs/metaparse""}"
13498,1767566462,1767566462,1767566548,"{""inverter"": 1, ""source"": ""workstation1_log"", ""device"": ""workstation1"", ""task_type"": ""compilation, CPU load"", ""cpu_cores_active"": ""4"", ""library"": ""boost/metaparse"", ""task_files"": 113, ""llm_estimated_task_effort"": ""medium"", ""textual_description"": ""The testsuite for boost/metaparse is being compiled and run."", ""command"": ""b2 --j 4 test"", ""directory"": "".../boost/libs/metaparse""}"
13499,1767566916,1767566916,1767566917,"{""inverter"": 1, ""source"": ""workstation2_log"", ""device"": ""workstation2"", ""task_type"": ""compilation, CPU load"", ""cpu_cores_active"": ""6"", ""library"": ""boost/typeof"", ""task_files"": 33, ""llm_estimated_task_effort"": ""low"", ""textual_description"": ""The testsuite for boost/typeof is being compiled and run."", ""command"": ""b2 --j 6 test"", ""directory"": "".../boost/libs/typeof""}"
13364,1767567184,1767567184,1767567525,"{""inverter"": 1, ""source"": ""workstation2_log"", ""device"": ""workstation2"", ""task_type"": ""CNN fitting, GPU load"", ""model"": ""vgg11"", ""optim"": ""adam"", ""dataset"": ""CIFAR10"", ""batch_size"": 128, ""epochs"": 2, ""model_params"": 132863336, ""llm_estimated_task_effort"": ""low"", ""textual_description"": ""The model vgg11 is fitted on CIFAR10 using adam for 2 epochs with bs=128.""}"
13500,1767567206,1767567206,1767567207,"{""inverter"": 1, ""source"": ""workstation2_log"", ""device"": ""workstation2"", ""task_type"": ""compilation, CPU load"", ""cpu_cores_active"": ""1"", ""library"": ""boost/dll"", ""task_files"": 29, ""llm_estimated_task_effort"": ""low"", ""textual_description"": ""The testsuite for boost/dll is being compiled and run."", ""command"": ""b2 --j 1 test"", ""directory"": "".../boost/libs/dll""}"
13501,1767567411,1767567411,1767567492,"{""inverter"": 1, ""source"": ""workstation1_log"", ""device"": ""workstation1"", ""task_type"": ""compilation, CPU load"", ""cpu_cores_active"": ""7"", ""library"": ""boost/coroutine2"", ""task_files"": 2, ""llm_estimated_task_effort"": ""high"", ""textual_description"": ""The testsuite for boost/coroutine2 is being compiled and run."", ""command"": ""b2 --j 7 test"", ""directory"": "".../boost/libs/coroutine2""}"
13502,1767567563,1767567563,1767567565,"{""inverter"": 1, ""source"": ""workstation2_log"", ""device"": ""workstation2"", ""task_type"": ""compilation, CPU load"", ""cpu_cores_active"": ""4"", ""library"": ""boost/tuple"", ""task_files"": 13, ""llm_estimated_task_effort"": ""low"", ""textual_description"": ""The testsuite for boost/tuple is being compiled and run."", ""command"": ""b2 --j 4 test"", ""directory"": "".../boost/libs/tuple""}"
13503,1767567637,1767567637,1767567638,"{""inverter"": 1, ""source"": ""workstation2_log"", ""device"": ""workstation2"", ""task_type"": ""compilation, CPU load"", ""cpu_cores_active"": ""4"", ""library"": ""boost/graph_parallel"", ""task_files"": 30, ""llm_estimated_task_effort"": ""high"", ""textual_description"": ""The testsuite for boost/graph_parallel is being compiled and run."", ""command"": ""b2 --j 4 test"", ""directory"": "".../boost/libs/graph_parallel""}"
13504,1767567781,1767567781,1767567781,"{""inverter"": 1, ""source"": ""workstation2_log"", ""device"": ""workstation2"", ""task_type"": ""compilation, CPU load"", ""cpu_cores_active"": ""9"", ""library"": ""boost/function_types"", ""task_files"": 47, ""llm_estimated_task_effort"": ""low"", ""textual_description"": ""The testsuite for boost/function_types is being compiled and run."", ""command"": ""b2 --j 9 test"", ""directory"": "".../boost/libs/function_types""}"
13505,1767567816,1767567816,1767567816,"{""inverter"": 1, ""source"": ""workstation2_log"", ""device"": ""workstation2"", ""task_type"": ""compilation, CPU load"", ""cpu_cores_active"": ""2"", ""library"": ""boost/tokenizer"", ""task_files"": 9, ""llm_estimated_task_effort"": ""low"", ""textual_description"": ""The testsuite for boost/tokenizer is being compiled and run."", ""command"": ""b2 --j 2 test"", ""directory"": "".../boost/libs/tokenizer""}"
13506,1767567919,1767567919,1767568118,"{""inverter"": 1, ""source"": ""workstation1_log"", ""device"": ""workstation1"", ""task_type"": ""compilation, CPU load"", ""cpu_cores_active"": ""2"", ""library"": ""boost/json"", ""task_files"": 417, ""llm_estimated_task_effort"": ""high"", ""textual_description"": ""The testsuite for boost/json is being compiled and run."", ""command"": ""b2 --j 2 test"", ""directory"": "".../boost/libs/json""}"
13507,1767568177,1767568177,1767568177,"{""inverter"": 1, ""source"": ""workstation2_log"", ""device"": ""workstation2"", ""task_type"": ""compilation, CPU load"", ""cpu_cores_active"": ""4"", ""library"": ""boost/uuid"", ""task_files"": 68, ""llm_estimated_task_effort"": ""low"", ""textual_description"": ""The testsuite for boost/uuid is being compiled and run."", ""command"": ""b2 --j 4 test"", ""directory"": "".../boost/libs/uuid""}"
13365,1767568279,1767568279,1767569022,"{""inverter"": 1, ""source"": ""workstation2_log"", ""device"": ""workstation2"", ""task_type"": ""CNN fitting, GPU load"", ""model"": ""densenet121"", ""optim"": ""sgd"", ""dataset"": ""CIFAR10"", ""batch_size"": 128, ""epochs"": 2, ""model_params"": 7978856, ""llm_estimated_task_effort"": ""medium"", ""textual_description"": ""The model densenet121 is fitted on CIFAR10 using sgd for 2 epochs with bs=128.""}"
13508,1767568733,1767568733,1767568815,"{""inverter"": 1, ""source"": ""workstation1_log"", ""device"": ""workstation1"", ""task_type"": ""compilation, CPU load"", ""cpu_cores_active"": ""7"", ""library"": ""boost/locale"", ""task_files"": 48, ""llm_estimated_task_effort"": ""high"", ""textual_description"": ""The testsuite for boost/locale is being compiled and run."", ""command"": ""b2 --j 7 test"", ""directory"": "".../boost/libs/locale""}"
13366,1767569196,1767569196,1767569567,"{""inverter"": 1, ""source"": ""workstation2_log"", ""device"": ""workstation2"", ""task_type"": ""CNN fitting, GPU load"", ""model"": ""resnet18"", ""optim"": ""adam"", ""dataset"": ""CIFAR10"", ""batch_size"": 128, ""epochs"": 2, ""model_params"": 11689512, ""llm_estimated_task_effort"": ""low"", ""textual_description"": ""The model resnet18 is fitted on CIFAR10 using adam for 2 epochs with bs=128.""}"
13509,1767569459,1767569459,1767569538,"{""inverter"": 1, ""source"": ""workstation1_log"", ""device"": ""workstation1"", ""task_type"": ""compilation, CPU load"", ""cpu_cores_active"": ""3"", ""library"": ""boost/utility"", ""task_files"": 30, ""llm_estimated_task_effort"": ""low"", ""textual_description"": ""The testsuite for boost/utility is being compiled and run."", ""command"": ""b2 --j 3 test"", ""directory"": "".../boost/libs/utility""}"
13367,1767569734,1767569734,1767570891,"{""inverter"": 1, ""source"": ""workstation2_log"", ""device"": ""workstation2"", ""task_type"": ""CNN fitting, GPU load"", ""model"": ""swin_v2_s"", ""optim"": ""sgd"", ""dataset"": ""CIFAR10"", ""batch_size"": 128, ""epochs"": 2, ""model_params"": 49737442, ""llm_estimated_task_effort"": ""high"", ""textual_description"": ""The model swin_v2_s is fitted on CIFAR10 using sgd for 2 epochs with bs=128.""}"
13510,1767570338,1767570338,1767570338,"{""inverter"": 1, ""source"": ""workstation2_log"", ""device"": ""workstation2"", ""task_type"": ""compilation, CPU load"", ""cpu_cores_active"": ""7"", ""library"": ""boost/scope"", ""task_files"": 27, ""llm_estimated_task_effort"": ""low"", ""textual_description"": ""The testsuite for boost/scope is being compiled and run."", ""command"": ""b2 --j 7 test"", ""directory"": "".../boost/libs/scope""}"
13511,1767570430,1767570430,1767570431,"{""inverter"": 1, ""source"": ""workstation2_log"", ""device"": ""workstation2"", ""task_type"": ""compilation, CPU load"", ""cpu_cores_active"": ""10"", ""library"": ""boost/local_function"", ""task_files"": 86, ""llm_estimated_task_effort"": ""low"", ""textual_description"": ""The testsuite for boost/local_function is being compiled and run."", ""command"": ""b2 --j 10 test"", ""directory"": "".../boost/libs/local_function""}"
13512,1767570466,1767570466,1767570543,"{""inverter"": 1, ""source"": ""workstation1_log"", ""device"": ""workstation1"", ""task_type"": ""compilation, CPU load"", ""cpu_cores_active"": ""10"", ""library"": ""boost/dynamic_bitset"", ""task_files"": 13, ""llm_estimated_task_effort"": ""low"", ""textual_description"": ""The testsuite for boost/dynamic_bitset is being compiled and run."", ""command"": ""b2 --j 10 test"", ""directory"": "".../boost/libs/dynamic_bitset""}"
13513,1767570684,1767570684,1767570754,"{""inverter"": 1, ""source"": ""workstation1_log"", ""device"": ""workstation1"", ""task_type"": ""compilation, CPU load"", ""cpu_cores_active"": ""10"", ""library"": ""boost/ratio"", ""task_files"": 34, ""llm_estimated_task_effort"": ""low"", ""textual_description"": ""The testsuite for boost/ratio is being compiled and run."", ""command"": ""b2 --j 10 test"", ""directory"": "".../boost/libs/ratio""}"
13368,1767571067,1767571067,1767571471,"{""inverter"": 1, ""source"": ""workstation2_log"", ""device"": ""workstation2"", ""task_type"": ""CNN fitting, GPU load"", ""model"": ""vgg11"", ""optim"": ""adam"", ""dataset"": ""CIFAR10"", ""batch_size"": 128, ""epochs"": 2, ""model_params"": 132863336, ""llm_estimated_task_effort"": ""low"", ""textual_description"": ""The model vgg11 is fitted on CIFAR10 using adam for 2 epochs with bs=128.""}"
13514,1767571227,1767571227,1767571227,"{""inverter"": 1, ""source"": ""workstation2_log"", ""device"": ""workstation2"", ""task_type"": ""compilation, CPU load"", ""cpu_cores_active"": ""8"", ""library"": ""boost/lexical_cast"", ""task_files"": 31, ""llm_estimated_task_effort"": ""low"", ""textual_description"": ""The testsuite for boost/lexical_cast is being compiled and run."", ""command"": ""b2 --j 8 test"", ""directory"": "".../boost/libs/lexical_cast""}"
13515,1767571262,1767571262,1767571263,"{""inverter"": 1, ""source"": ""workstation2_log"", ""device"": ""workstation2"", ""task_type"": ""compilation, CPU load"", ""cpu_cores_active"": ""1"", ""library"": ""boost/parameter"", ""task_files"": 68, ""llm_estimated_task_effort"": ""low"", ""textual_description"": ""The testsuite for boost/parameter is being compiled and run."", ""command"": ""b2 --j 1 test"", ""directory"": "".../boost/libs/parameter""}"
13516,1767571509,1767571509,1767571602,"{""inverter"": 1, ""source"": ""workstation1_log"", ""device"": ""workstation1"", ""task_type"": ""compilation, CPU load"", ""cpu_cores_active"": ""10"", ""library"": ""boost/date_time"", ""task_files"": 70, ""llm_estimated_task_effort"": ""low"", ""textual_description"": ""The testsuite for boost/date_time is being compiled and run."", ""command"": ""b2 --j 10 test"", ""directory"": "".../boost/libs/date_time""}"
13369,1767571598,1767571598,1767571923,"{""inverter"": 1, ""source"": ""workstation2_log"", ""device"": ""workstation2"", ""task_type"": ""CNN fitting, GPU load"", ""model"": ""vgg11"", ""optim"": ""sgd"", ""dataset"": ""CIFAR10"", ""batch_size"": 128, ""epochs"": 2, ""model_params"": 132863336, ""llm_estimated_task_effort"": ""low"", ""textual_description"": ""The model vgg11 is fitted on CIFAR10 using sgd for 2 epochs with bs=128.""}"
13517,1767571652,1767571652,1767571756,"{""inverter"": 1, ""source"": ""workstation1_log"", ""device"": ""workstation1"", ""task_type"": ""compilation, CPU load"", ""cpu_cores_active"": ""1"", ""library"": ""boost/any"", ""task_files"": 47, ""llm_estimated_task_effort"": ""low"", ""textual_description"": ""The testsuite for boost/any is being compiled and run."", ""command"": ""b2 --j 1 test"", ""directory"": "".../boost/libs/any""}"
13518,1767571863,1767571863,1767571933,"{""inverter"": 1, ""source"": ""workstation1_log"", ""device"": ""workstation1"", ""task_type"": ""compilation, CPU load"", ""cpu_cores_active"": ""4"", ""library"": ""boost/predef"", ""task_files"": 19, ""llm_estimated_task_effort"": ""low"", ""textual_description"": ""The testsuite for boost/predef is being compiled and run."", ""command"": ""b2 --j 4 test"", ""directory"": "".../boost/libs/predef""}"
13519,1767572543,1767572543,1767572543,"{""inverter"": 1, ""source"": ""workstation2_log"", ""device"": ""workstation2"", ""task_type"": ""compilation, CPU load"", ""cpu_cores_active"": ""3"", ""library"": ""boost/timer"", ""task_files"": 17, ""llm_estimated_task_effort"": ""low"", ""textual_description"": ""The testsuite for boost/timer is being compiled and run."", ""command"": ""b2 --j 3 test"", ""directory"": "".../boost/libs/timer""}"
13370,1767572628,1767572628,1767573067,"{""inverter"": 1, ""source"": ""workstation2_log"", ""device"": ""workstation2"", ""task_type"": ""CNN fitting, GPU load"", ""model"": ""wide_resnet50_2"", ""optim"": ""sgd"", ""dataset"": ""CIFAR10"", ""batch_size"": 128, ""epochs"": 2, ""model_params"": 68883240, ""llm_estimated_task_effort"": ""high"", ""textual_description"": ""The model wide_resnet50_2 is fitted on CIFAR10 using sgd for 2 epochs with bs=128.""}"
13520,1767573125,1767573125,1767573125,"{""inverter"": 1, ""source"": ""workstation2_log"", ""device"": ""workstation2"", ""task_type"": ""compilation, CPU load"", ""cpu_cores_active"": ""6"", ""library"": ""boost/crc"", ""task_files"": 10, ""llm_estimated_task_effort"": ""low"", ""textual_description"": ""The testsuite for boost/crc is being compiled and run."", ""command"": ""b2 --j 6 test"", ""directory"": "".../boost/libs/crc""}"
13521,1767573625,1767573625,1767573700,"{""inverter"": 1, ""source"": ""workstation1_log"", ""device"": ""workstation1"", ""task_type"": ""compilation, CPU load"", ""cpu_cores_active"": ""3"", ""library"": ""boost/format"", ""task_files"": 9, ""llm_estimated_task_effort"": ""low"", ""textual_description"": ""The testsuite for boost/format is being compiled and run."", ""command"": ""b2 --j 3 test"", ""directory"": "".../boost/libs/format""}"
13522,1767574084,1767574084,1767574085,"{""inverter"": 1, ""source"": ""workstation2_log"", ""device"": ""workstation2"", ""task_type"": ""compilation, CPU load"", ""cpu_cores_active"": ""5"", ""library"": ""boost/array"", ""task_files"": 52, ""llm_estimated_task_effort"": ""low"", ""textual_description"": ""The testsuite for boost/array is being compiled and run."", ""command"": ""b2 --j 5 test"", ""directory"": "".../boost/libs/array""}"
13523,1767574208,1767574208,1767574270,"{""inverter"": 1, ""source"": ""workstation1_log"", ""device"": ""workstation1"", ""task_type"": ""compilation, CPU load"", ""cpu_cores_active"": ""1"", ""library"": ""boost/property_map_parallel"", ""task_files"": 0, ""llm_estimated_task_effort"": ""low"", ""textual_description"": ""The testsuite for boost/property_map_parallel is being compiled and run."", ""command"": ""b2 --j 1 test"", ""directory"": "".../boost/libs/property_map_parallel""}"
13524,1767574494,1767574494,1767574574,"{""inverter"": 1, ""source"": ""workstation1_log"", ""device"": ""workstation1"", ""task_type"": ""compilation, CPU load"", ""cpu_cores_active"": ""4"", ""library"": ""boost/context"", ""task_files"": 7, ""llm_estimated_task_effort"": ""high"", ""textual_description"": ""The testsuite for boost/context is being compiled and run."", ""command"": ""b2 --j 4 test"", ""directory"": "".../boost/libs/context""}"
13525,1767574695,1767574695,1767574805,"{""inverter"": 1, ""source"": ""workstation1_log"", ""device"": ""workstation1"", ""task_type"": ""compilation, CPU load"", ""cpu_cores_active"": ""7"", ""library"": ""boost/beast"", ""task_files"": 471, ""llm_estimated_task_effort"": ""high"", ""textual_description"": ""The testsuite for boost/beast is being compiled and run."", ""command"": ""b2 --j 7 test"", ""directory"": "".../boost/libs/beast""}"
13371,1767574765,1767574765,1767575262,"{""inverter"": 1, ""source"": ""workstation2_log"", ""device"": ""workstation2"", ""task_type"": ""CNN fitting, GPU load"", ""model"": ""wide_resnet50_2"", ""optim"": ""adam"", ""dataset"": ""CIFAR10"", ""batch_size"": 128, ""epochs"": 2, ""model_params"": 68883240, ""llm_estimated_task_effort"": ""high"", ""textual_description"": ""The model wide_resnet50_2 is fitted on CIFAR10 using adam for 2 epochs with bs=128.""}"
13526,1767574857,1767574857,1767574859,"{""inverter"": 1, ""source"": ""workstation2_log"", ""device"": ""workstation2"", ""task_type"": ""compilation, CPU load"", ""cpu_cores_active"": ""10"", ""library"": ""boost/assert"", ""task_files"": 25, ""llm_estimated_task_effort"": ""low"", ""textual_description"": ""The testsuite for boost/assert is being compiled and run."", ""command"": ""b2 --j 10 test"", ""directory"": "".../boost/libs/assert""}"
13527,1767575433,1767575433,1767575504,"{""inverter"": 1, ""source"": ""workstation1_log"", ""device"": ""workstation1"", ""task_type"": ""compilation, CPU load"", ""cpu_cores_active"": ""7"", ""library"": ""boost/assert"", ""task_files"": 25, ""llm_estimated_task_effort"": ""low"", ""textual_description"": ""The testsuite for boost/assert is being compiled and run."", ""command"": ""b2 --j 7 test"", ""directory"": "".../boost/libs/assert""}"
13528,1767575556,1767575556,1767575556,"{""inverter"": 1, ""source"": ""workstation2_log"", ""device"": ""workstation2"", ""task_type"": ""compilation, CPU load"", ""cpu_cores_active"": ""9"", ""library"": ""boost/date_time"", ""task_files"": 70, ""llm_estimated_task_effort"": ""low"", ""textual_description"": ""The testsuite for boost/date_time is being compiled and run."", ""command"": ""b2 --j 9 test"", ""directory"": "".../boost/libs/date_time""}"
13372,1767575659,1767575659,1767575989,"{""inverter"": 1, ""source"": ""workstation2_log"", ""device"": ""workstation2"", ""task_type"": ""CNN fitting, GPU load"", ""model"": ""vgg11"", ""optim"": ""sgd"", ""dataset"": ""CIFAR10"", ""batch_size"": 128, ""epochs"": 2, ""model_params"": 132863336, ""llm_estimated_task_effort"": ""low"", ""textual_description"": ""The model vgg11 is fitted on CIFAR10 using sgd for 2 epochs with bs=128.""}"
13529,1767575877,1767575877,1767576088,"{""inverter"": 1, ""source"": ""workstation1_log"", ""device"": ""workstation1"", ""task_type"": ""compilation, CPU load"", ""cpu_cores_active"": ""10"", ""library"": ""boost/unordered"", ""task_files"": 192, ""llm_estimated_task_effort"": ""low"", ""textual_description"": ""The testsuite for boost/unordered is being compiled and run."", ""command"": ""b2 --j 10 test"", ""directory"": "".../boost/libs/unordered""}"
13373,1767576010,1767576010,1767576353,"{""inverter"": 1, ""source"": ""workstation2_log"", ""device"": ""workstation2"", ""task_type"": ""CNN fitting, GPU load"", ""model"": ""resnet18"", ""optim"": ""sgd"", ""dataset"": ""CIFAR10"", ""batch_size"": 128, ""epochs"": 2, ""model_params"": 11689512, ""llm_estimated_task_effort"": ""low"", ""textual_description"": ""The model resnet18 is fitted on CIFAR10 using sgd for 2 epochs with bs=128.""}"
13530,1767576152,1767576152,1767576153,"{""inverter"": 1, ""source"": ""workstation2_log"", ""device"": ""workstation2"", ""task_type"": ""compilation, CPU load"", ""cpu_cores_active"": ""4"", ""library"": ""boost/qvm"", ""task_files"": 141, ""llm_estimated_task_effort"": ""low"", ""textual_description"": ""The testsuite for boost/qvm is being compiled and run."", ""command"": ""b2 --j 4 test"", ""directory"": "".../boost/libs/qvm""}"
13374,1767576601,1767576601,1767577039,"{""inverter"": 1, ""source"": ""workstation2_log"", ""device"": ""workstation2"", ""task_type"": ""CNN fitting, GPU load"", ""model"": ""wide_resnet50_2"", ""optim"": ""sgd"", ""dataset"": ""CIFAR10"", ""batch_size"": 128, ""epochs"": 2, ""model_params"": 68883240, ""llm_estimated_task_effort"": ""high"", ""textual_description"": ""The model wide_resnet50_2 is fitted on CIFAR10 using sgd for 2 epochs with bs=128.""}"
13531,1767576803,1767576803,1767576804,"{""inverter"": 1, ""source"": ""workstation2_log"", ""device"": ""workstation2"", ""task_type"": ""compilation, CPU load"", ""cpu_cores_active"": ""5"", ""library"": ""boost/tuple"", ""task_files"": 13, ""llm_estimated_task_effort"": ""low"", ""textual_description"": ""The testsuite for boost/tuple is being compiled and run."", ""command"": ""b2 --j 5 test"", ""directory"": "".../boost/libs/tuple""}"
13532,1767577711,1767577711,1767577800,"{""inverter"": 1, ""source"": ""workstation1_log"", ""device"": ""workstation1"", ""task_type"": ""compilation, CPU load"", ""cpu_cores_active"": ""6"", ""library"": ""boost/move"", ""task_files"": 34, ""llm_estimated_task_effort"": ""low"", ""textual_description"": ""The testsuite for boost/move is being compiled and run."", ""command"": ""b2 --j 6 test"", ""directory"": "".../boost/libs/move""}"
13533,1767577949,1767577949,1767578029,"{""inverter"": 1, ""source"": ""workstation1_log"", ""device"": ""workstation1"", ""task_type"": ""compilation, CPU load"", ""cpu_cores_active"": ""10"", ""library"": ""boost/property_tree"", ""task_files"": 23, ""llm_estimated_task_effort"": ""low"", ""textual_description"": ""The testsuite for boost/property_tree is being compiled and run."", ""command"": ""b2 --j 10 test"", ""directory"": "".../boost/libs/property_tree""}"
13375,1767577974,1767577974,1767578415,"{""inverter"": 1, ""source"": ""workstation2_log"", ""device"": ""workstation2"", ""task_type"": ""CNN fitting, GPU load"", ""model"": ""wide_resnet50_2"", ""optim"": ""sgd"", ""dataset"": ""CIFAR10"", ""batch_size"": 128, ""epochs"": 2, ""model_params"": 68883240, ""llm_estimated_task_effort"": ""high"", ""textual_description"": ""The model wide_resnet50_2 is fitted on CIFAR10 using sgd for 2 epochs with bs=128.""}"
13376,1767578480,1767578480,1767578831,"{""inverter"": 1, ""source"": ""workstation2_log"", ""device"": ""workstation2"", ""task_type"": ""CNN fitting, GPU load"", ""model"": ""vgg19"", ""optim"": ""adam"", ""dataset"": ""CIFAR10"", ""batch_size"": 128, ""epochs"": 2, ""model_params"": 143667240, ""llm_estimated_task_effort"": ""medium"", ""textual_description"": ""The model vgg19 is fitted on CIFAR10 using adam for 2 epochs with bs=128.""}"
13534,1767578641,1767578641,1767578642,"{""inverter"": 1, ""source"": ""workstation2_log"", ""device"": ""workstation2"", ""task_type"": ""compilation, CPU load"", ""cpu_cores_active"": ""8"", ""library"": ""boost/crc"", ""task_files"": 10, ""llm_estimated_task_effort"": ""low"", ""textual_description"": ""The testsuite for boost/crc is being compiled and run."", ""command"": ""b2 --j 8 test"", ""directory"": "".../boost/libs/crc""}"
13535,1767578910,1767578910,1767579044,"{""inverter"": 1, ""source"": ""workstation1_log"", ""device"": ""workstation1"", ""task_type"": ""compilation, CPU load"", ""cpu_cores_active"": ""5"", ""library"": ""boost/vmd"", ""task_files"": 336, ""llm_estimated_task_effort"": ""low"", ""textual_description"": ""The testsuite for boost/vmd is being compiled and run."", ""command"": ""b2 --j 5 test"", ""directory"": "".../boost/libs/vmd""}"
13536,1767579341,1767579341,1767579342,"{""inverter"": 1, ""source"": ""workstation2_log"", ""device"": ""workstation2"", ""task_type"": ""compilation, CPU load"", ""cpu_cores_active"": ""7"", ""library"": ""boost/nowide"", ""task_files"": 25, ""llm_estimated_task_effort"": ""low"", ""textual_description"": ""The testsuite for boost/nowide is being compiled and run."", ""command"": ""b2 --j 7 test"", ""directory"": "".../boost/libs/nowide""}"
13377,1767579390,1767579390,1767580545,"{""inverter"": 1, ""source"": ""workstation2_log"", ""device"": ""workstation2"", ""task_type"": ""CNN fitting, GPU load"", ""model"": ""swin_v2_s"", ""optim"": ""sgd"", ""dataset"": ""CIFAR10"", ""batch_size"": 128, ""epochs"": 2, ""model_params"": 49737442, ""llm_estimated_task_effort"": ""high"", ""textual_description"": ""The model swin_v2_s is fitted on CIFAR10 using sgd for 2 epochs with bs=128.""}"
13537,1767579774,1767579774,1767579956,"{""inverter"": 1, ""source"": ""workstation1_log"", ""device"": ""workstation1"", ""task_type"": ""compilation, CPU load"", ""cpu_cores_active"": ""10"", ""library"": ""boost/spirit"", ""task_files"": 331, ""llm_estimated_task_effort"": ""high"", ""textual_description"": ""The testsuite for boost/spirit is being compiled and run."", ""command"": ""b2 --j 10 test"", ""directory"": "".../boost/libs/spirit""}"
13538,1767580293,1767580293,1767580387,"{""inverter"": 1, ""source"": ""workstation1_log"", ""device"": ""workstation1"", ""task_type"": ""compilation, CPU load"", ""cpu_cores_active"": ""8"", ""library"": ""boost/date_time"", ""task_files"": 70, ""llm_estimated_task_effort"": ""low"", ""textual_description"": ""The testsuite for boost/date_time is being compiled and run."", ""command"": ""b2 --j 8 test"", ""directory"": "".../boost/libs/date_time""}"
13539,1767580757,1767580757,1767580829,"{""inverter"": 1, ""source"": ""workstation1_log"", ""device"": ""workstation1"", ""task_type"": ""compilation, CPU load"", ""cpu_cores_active"": ""6"", ""library"": ""boost/preprocessor"", ""task_files"": 73, ""llm_estimated_task_effort"": ""medium"", ""textual_description"": ""The testsuite for boost/preprocessor is being compiled and run."", ""command"": ""b2 --j 6 test"", ""directory"": "".../boost/libs/preprocessor""}"
13378,1767581236,1767581236,1767581612,"{""inverter"": 1, ""source"": ""workstation2_log"", ""device"": ""workstation2"", ""task_type"": ""CNN fitting, GPU load"", ""model"": ""resnet18"", ""optim"": ""adam"", ""dataset"": ""CIFAR10"", ""batch_size"": 128, ""epochs"": 2, ""model_params"": 11689512, ""llm_estimated_task_effort"": ""low"", ""textual_description"": ""The model resnet18 is fitted on CIFAR10 using adam for 2 epochs with bs=128.""}"
13540,1767581630,1767581630,1767581630,"{""inverter"": 1, ""source"": ""workstation2_log"", ""device"": ""workstation2"", ""task_type"": ""compilation, CPU load"", ""cpu_cores_active"": ""7"", ""library"": ""boost/range"", ""task_files"": 205, ""llm_estimated_task_effort"": ""low"", ""textual_description"": ""The testsuite for boost/range is being compiled and run."", ""command"": ""b2 --j 7 test"", ""directory"": "".../boost/libs/range""}"
13541,1767581636,1767581636,1767581709,"{""inverter"": 1, ""source"": ""workstation1_log"", ""device"": ""workstation1"", ""task_type"": ""compilation, CPU load"", ""cpu_cores_active"": ""1"", ""library"": ""boost/conversion"", ""task_files"": 8, ""llm_estimated_task_effort"": ""low"", ""textual_description"": ""The testsuite for boost/conversion is being compiled and run."", ""command"": ""b2 --j 1 test"", ""directory"": "".../boost/libs/conversion""}"
13542,1767581853,1767581853,1767581930,"{""inverter"": 1, ""source"": ""workstation1_log"", ""device"": ""workstation1"", ""task_type"": ""compilation, CPU load"", ""cpu_cores_active"": ""9"", ""library"": ""boost/describe"", ""task_files"": 53, ""llm_estimated_task_effort"": ""low"", ""textual_description"": ""The testsuite for boost/describe is being compiled and run."", ""command"": ""b2 --j 9 test"", ""directory"": "".../boost/libs/describe""}"
13543,1767581958,1767581958,1767582049,"{""inverter"": 1, ""source"": ""workstation1_log"", ""device"": ""workstation1"", ""task_type"": ""compilation, CPU load"", ""cpu_cores_active"": ""3"", ""library"": ""boost/exception"", ""task_files"": 59, ""llm_estimated_task_effort"": ""low"", ""textual_description"": ""The testsuite for boost/exception is being compiled and run."", ""command"": ""b2 --j 3 test"", ""directory"": "".../boost/libs/exception""}"
13379,1767582151,1767582151,1767582489,"{""inverter"": 1, ""source"": ""workstation2_log"", ""device"": ""workstation2"", ""task_type"": ""CNN fitting, GPU load"", ""model"": ""vgg11"", ""optim"": ""adam"", ""dataset"": ""CIFAR10"", ""batch_size"": 128, ""epochs"": 2, ""model_params"": 132863336, ""llm_estimated_task_effort"": ""low"", ""textual_description"": ""The model vgg11 is fitted on CIFAR10 using adam for 2 epochs with bs=128.""}"
13544,1767582291,1767582291,1767582292,"{""inverter"": 1, ""source"": ""workstation2_log"", ""device"": ""workstation2"", ""task_type"": ""compilation, CPU load"", ""cpu_cores_active"": ""2"", ""library"": ""boost/context"", ""task_files"": 7, ""llm_estimated_task_effort"": ""high"", ""textual_description"": ""The testsuite for boost/context is being compiled and run."", ""command"": ""b2 --j 2 test"", ""directory"": "".../boost/libs/context""}"
13545,1767582677,1767582677,1767582677,"{""inverter"": 1, ""source"": ""workstation2_log"", ""device"": ""workstation2"", ""task_type"": ""compilation, CPU load"", ""cpu_cores_active"": ""2"", ""library"": ""boost/property_map"", ""task_files"": 9, ""llm_estimated_task_effort"": ""low"", ""textual_description"": ""The testsuite for boost/property_map is being compiled and run."", ""command"": ""b2 --j 2 test"", ""directory"": "".../boost/libs/property_map""}"
13380,1767582954,1767582954,1767584102,"{""inverter"": 1, ""source"": ""workstation2_log"", ""device"": ""workstation2"", ""task_type"": ""CNN fitting, GPU load"", ""model"": ""swin_v2_s"", ""optim"": ""sgd"", ""dataset"": ""CIFAR10"", ""batch_size"": 128, ""epochs"": 2, ""model_params"": 49737442, ""llm_estimated_task_effort"": ""high"", ""textual_description"": ""The model swin_v2_s is fitted on CIFAR10 using sgd for 2 epochs with bs=128.""}"
13546,1767582967,1767582967,1767582968,"{""inverter"": 1, ""source"": ""workstation2_log"", ""device"": ""workstation2"", ""task_type"": ""compilation, CPU load"", ""cpu_cores_active"": ""9"", ""library"": ""boost/dynamic_bitset"", ""task_files"": 13, ""llm_estimated_task_effort"": ""low"", ""textual_description"": ""The testsuite for boost/dynamic_bitset is being compiled and run."", ""command"": ""b2 --j 9 test"", ""directory"": "".../boost/libs/dynamic_bitset""}"
13547,1767583276,1767583276,1767583277,"{""inverter"": 1, ""source"": ""workstation2_log"", ""device"": ""workstation2"", ""task_type"": ""compilation, CPU load"", ""cpu_cores_active"": ""1"", ""library"": ""boost/headers"", ""task_files"": 0, ""llm_estimated_task_effort"": ""low"", ""textual_description"": ""The testsuite for boost/headers is being compiled and run."", ""command"": ""b2 --j 1 test"", ""directory"": "".../boost/libs/headers""}"
13548,1767583873,1767583873,1767583954,"{""inverter"": 1, ""source"": ""workstation1_log"", ""device"": ""workstation1"", ""task_type"": ""compilation, CPU load"", ""cpu_cores_active"": ""5"", ""library"": ""boost/mysql"", ""task_files"": 258, ""llm_estimated_task_effort"": ""medium"", ""textual_description"": ""The testsuite for boost/mysql is being compiled and run."", ""command"": ""b2 --j 5 test"", ""directory"": "".../boost/libs/mysql""}"
13549,1767584509,1767584509,1767584581,"{""inverter"": 1, ""source"": ""workstation1_log"", ""device"": ""workstation1"", ""task_type"": ""compilation, CPU load"", ""cpu_cores_active"": ""10"", ""library"": ""boost/tokenizer"", ""task_files"": 9, ""llm_estimated_task_effort"": ""low"", ""textual_description"": ""The testsuite for boost/tokenizer is being compiled and run."", ""command"": ""b2 --j 10 test"", ""directory"": "".../boost/libs/tokenizer""}"
13381,1767584597,1767584597,1767584930,"{""inverter"": 1, ""source"": ""workstation2_log"", ""device"": ""workstation2"", ""task_type"": ""CNN fitting, GPU load"", ""model"": ""vgg13"", ""optim"": ""sgd"", ""dataset"": ""CIFAR10"", ""batch_size"": 128, ""epochs"": 2, ""model_params"": 133047848, ""llm_estimated_task_effort"": ""medium"", ""textual_description"": ""The model vgg13 is fitted on CIFAR10 using sgd for 2 epochs with bs=128.""}"
13382,1767584935,1767584935,1767585381,"{""inverter"": 1, ""source"": ""workstation2_log"", ""device"": ""workstation2"", ""task_type"": ""CNN fitting, GPU load"", ""model"": ""wide_resnet50_2"", ""optim"": ""sgd"", ""dataset"": ""CIFAR10"", ""batch_size"": 128, ""epochs"": 2, ""model_params"": 68883240, ""llm_estimated_task_effort"": ""high"", ""textual_description"": ""The model wide_resnet50_2 is fitted on CIFAR10 using sgd for 2 epochs with bs=128.""}"
13550,1767585186,1767585186,1767585187,"{""inverter"": 1, ""source"": ""workstation2_log"", ""device"": ""workstation2"", ""task_type"": ""compilation, CPU load"", ""cpu_cores_active"": ""7"", ""library"": ""boost/endian"", ""task_files"": 61, ""llm_estimated_task_effort"": ""low"", ""textual_description"": ""The testsuite for boost/endian is being compiled and run."", ""command"": ""b2 --j 7 test"", ""directory"": "".../boost/libs/endian""}"
13551,1767585727,1767585727,1767585727,"{""inverter"": 1, ""source"": ""workstation2_log"", ""device"": ""workstation2"", ""task_type"": ""compilation, CPU load"", ""cpu_cores_active"": ""3"", ""library"": ""boost/static_string"", ""task_files"": 5, ""llm_estimated_task_effort"": ""low"", ""textual_description"": ""The testsuite for boost/static_string is being compiled and run."", ""command"": ""b2 --j 3 test"", ""directory"": "".../boost/libs/static_string""}"
13552,1767585941,1767585941,1767585941,"{""inverter"": 1, ""source"": ""workstation2_log"", ""device"": ""workstation2"", ""task_type"": ""compilation, CPU load"", ""cpu_cores_active"": ""10"", ""library"": ""boost/uuid"", ""task_files"": 68, ""llm_estimated_task_effort"": ""low"", ""textual_description"": ""The testsuite for boost/uuid is being compiled and run."", ""command"": ""b2 --j 10 test"", ""directory"": "".../boost/libs/uuid""}"
13553,1767586191,1767586191,1767586359,"{""inverter"": 1, ""source"": ""workstation1_log"", ""device"": ""workstation1"", ""task_type"": ""compilation, CPU load"", ""cpu_cores_active"": ""4"", ""library"": ""boost/regex"", ""task_files"": 106, ""llm_estimated_task_effort"": ""high"", ""textual_description"": ""The testsuite for boost/regex is being compiled and run."", ""command"": ""b2 --j 4 test"", ""directory"": "".../boost/libs/regex""}"
13554,1767586380,1767586380,1767586474,"{""inverter"": 1, ""source"": ""workstation1_log"", ""device"": ""workstation1"", ""task_type"": ""compilation, CPU load"", ""cpu_cores_active"": ""9"", ""library"": ""boost/safe_numerics"", ""task_files"": 152, ""llm_estimated_task_effort"": ""low"", ""textual_description"": ""The testsuite for boost/safe_numerics is being compiled and run."", ""command"": ""b2 --j 9 test"", ""directory"": "".../boost/libs/safe_numerics""}"
13555,1767586450,1767586450,1767586451,"{""inverter"": 1, ""source"": ""workstation2_log"", ""device"": ""workstation2"", ""task_type"": ""compilation, CPU load"", ""cpu_cores_active"": ""2"", ""library"": ""boost/iostreams"", ""task_files"": 407, ""llm_estimated_task_effort"": ""high"", ""textual_description"": ""The testsuite for boost/iostreams is being compiled and run."", ""command"": ""b2 --j 2 test"", ""directory"": "".../boost/libs/iostreams""}"
13383,1767586467,1767586467,1767587204,"{""inverter"": 1, ""source"": ""workstation2_log"", ""device"": ""workstation2"", ""task_type"": ""CNN fitting, GPU load"", ""model"": ""densenet121"", ""optim"": ""sgd"", ""dataset"": ""CIFAR10"", ""batch_size"": 128, ""epochs"": 2, ""model_params"": 7978856, ""llm_estimated_task_effort"": ""medium"", ""textual_description"": ""The model densenet121 is fitted on CIFAR10 using sgd for 2 epochs with bs=128.""}"
13556,1767586875,1767586875,1767586876,"{""inverter"": 1, ""source"": ""workstation2_log"", ""device"": ""workstation2"", ""task_type"": ""compilation, CPU load"", ""cpu_cores_active"": ""8"", ""library"": ""boost/coroutine"", ""task_files"": 3, ""llm_estimated_task_effort"": ""high"", ""textual_description"": ""The testsuite for boost/coroutine is being compiled and run."", ""command"": ""b2 --j 8 test"", ""directory"": "".../boost/libs/coroutine""}"
13557,1767587283,1767587283,1767587284,"{""inverter"": 1, ""source"": ""workstation2_log"", ""device"": ""workstation2"", ""task_type"": ""compilation, CPU load"", ""cpu_cores_active"": ""5"", ""library"": ""boost/bloom"", ""task_files"": 14, ""llm_estimated_task_effort"": ""low"", ""textual_description"": ""The testsuite for boost/bloom is being compiled and run."", ""command"": ""b2 --j 5 test"", ""directory"": "".../boost/libs/bloom""}"
13558,1767587289,1767587289,1767587365,"{""inverter"": 1, ""source"": ""workstation1_log"", ""device"": ""workstation1"", ""task_type"": ""compilation, CPU load"", ""cpu_cores_active"": ""6"", ""library"": ""boost/callable_traits"", ""task_files"": 52, ""llm_estimated_task_effort"": ""low"", ""textual_description"": ""The testsuite for boost/callable_traits is being compiled and run."", ""command"": ""b2 --j 6 test"", ""directory"": "".../boost/libs/callable_traits""}"
13384,1767587331,1767587331,1767587666,"{""inverter"": 1, ""source"": ""workstation2_log"", ""device"": ""workstation2"", ""task_type"": ""CNN fitting, GPU load"", ""model"": ""vgg11"", ""optim"": ""adam"", ""dataset"": ""CIFAR10"", ""batch_size"": 128, ""epochs"": 2, ""model_params"": 132863336, ""llm_estimated_task_effort"": ""low"", ""textual_description"": ""The model vgg11 is fitted on CIFAR10 using adam for 2 epochs with bs=128.""}"
13559,1767587409,1767587409,1767587411,"{""inverter"": 1, ""source"": ""workstation2_log"", ""device"": ""workstation2"", ""task_type"": ""compilation, CPU load"", ""cpu_cores_active"": ""8"", ""library"": ""boost/fusion"", ""task_files"": 247, ""llm_estimated_task_effort"": ""low"", ""textual_description"": ""The testsuite for boost/fusion is being compiled and run."", ""command"": ""b2 --j 8 test"", ""directory"": "".../boost/libs/fusion""}"
13560,1767587727,1767587727,1767587727,"{""inverter"": 1, ""source"": ""workstation2_log"", ""device"": ""workstation2"", ""task_type"": ""compilation, CPU load"", ""cpu_cores_active"": ""7"", ""library"": ""boost/utility"", ""task_files"": 30, ""llm_estimated_task_effort"": ""low"", ""textual_description"": ""The testsuite for boost/utility is being compiled and run."", ""command"": ""b2 --j 7 test"", ""directory"": "".../boost/libs/utility""}"
13561,1767587993,1767587993,1767588071,"{""inverter"": 1, ""source"": ""workstation1_log"", ""device"": ""workstation1"", ""task_type"": ""compilation, CPU load"", ""cpu_cores_active"": ""2"", ""library"": ""boost/circular_buffer"", ""task_files"": 8, ""llm_estimated_task_effort"": ""low"", ""textual_description"": ""The testsuite for boost/circular_buffer is being compiled and run."", ""command"": ""b2 --j 2 test"", ""directory"": "".../boost/libs/circular_buffer""}"
13385,1767588156,1767588156,1767588503,"{""inverter"": 1, ""source"": ""workstation2_log"", ""device"": ""workstation2"", ""task_type"": ""CNN fitting, GPU load"", ""model"": ""vgg19"", ""optim"": ""adam"", ""dataset"": ""CIFAR10"", ""batch_size"": 128, ""epochs"": 2, ""model_params"": 143667240, ""llm_estimated_task_effort"": ""medium"", ""textual_description"": ""The model vgg19 is fitted on CIFAR10 using adam for 2 epochs with bs=128.""}"
13562,1767588778,1767588778,1767588778,"{""inverter"": 1, ""source"": ""workstation2_log"", ""device"": ""workstation2"", ""task_type"": ""compilation, CPU load"", ""cpu_cores_active"": ""1"", ""library"": ""boost/polygon"", ""task_files"": 17, ""llm_estimated_task_effort"": ""high"", ""textual_description"": ""The testsuite for boost/polygon is being compiled and run."", ""command"": ""b2 --j 1 test"", ""directory"": "".../boost/libs/polygon""}"
13563,1767589493,1767589493,1767589493,"{""inverter"": 1, ""source"": ""workstation2_log"", ""device"": ""workstation2"", ""task_type"": ""compilation, CPU load"", ""cpu_cores_active"": ""7"", ""library"": ""boost/container_hash"", ""task_files"": 90, ""llm_estimated_task_effort"": ""low"", ""textual_description"": ""The testsuite for boost/container_hash is being compiled and run."", ""command"": ""b2 --j 7 test"", ""directory"": "".../boost/libs/container_hash""}"
13564,1767589554,1767589554,1767589554,"{""inverter"": 1, ""source"": ""workstation2_log"", ""device"": ""workstation2"", ""task_type"": ""compilation, CPU load"", ""cpu_cores_active"": ""2"", ""library"": ""boost/histogram"", ""task_files"": 131, ""llm_estimated_task_effort"": ""medium"", ""textual_description"": ""The testsuite for boost/histogram is being compiled and run."", ""command"": ""b2 --j 2 test"", ""directory"": "".../boost/libs/histogram""}"
13386,1767589975,1767589975,1767590351,"{""inverter"": 1, ""source"": ""workstation2_log"", ""device"": ""workstation2"", ""task_type"": ""CNN fitting, GPU load"", ""model"": ""resnet18"", ""optim"": ""adam"", ""dataset"": ""CIFAR10"", ""batch_size"": 128, ""epochs"": 2, ""model_params"": 11689512, ""llm_estimated_task_effort"": ""low"", ""textual_description"": ""The model resnet18 is fitted on CIFAR10 using adam for 2 epochs with bs=128.""}"
13387,1767590465,1767590465,1767590796,"{""inverter"": 1, ""source"": ""workstation2_log"", ""device"": ""workstation2"", ""task_type"": ""CNN fitting, GPU load"", ""model"": ""vgg11"", ""optim"": ""sgd"", ""dataset"": ""CIFAR10"", ""batch_size"": 128, ""epochs"": 2, ""model_params"": 132863336, ""llm_estimated_task_effort"": ""low"", ""textual_description"": ""The model vgg11 is fitted on CIFAR10 using sgd for 2 epochs with bs=128.""}"
13565,1767591092,1767591092,1767591093,"{""inverter"": 1, ""source"": ""workstation2_log"", ""device"": ""workstation2"", ""task_type"": ""compilation, CPU load"", ""cpu_cores_active"": ""1"", ""library"": ""boost/polygon"", ""task_files"": 17, ""llm_estimated_task_effort"": ""high"", ""textual_description"": ""The testsuite for boost/polygon is being compiled and run."", ""command"": ""b2 --j 1 test"", ""directory"": "".../boost/libs/polygon""}"
13566,1767591132,1767591132,1767591198,"{""inverter"": 1, ""source"": ""workstation1_log"", ""device"": ""workstation1"", ""task_type"": ""compilation, CPU load"", ""cpu_cores_active"": ""4"", ""library"": ""boost/python"", ""task_files"": 188, ""llm_estimated_task_effort"": ""high"", ""textual_description"": ""The testsuite for boost/python is being compiled and run."", ""command"": ""b2 --j 4 test"", ""directory"": "".../boost/libs/python""}"
13567,1767591298,1767591298,1767591298,"{""inverter"": 1, ""source"": ""workstation2_log"", ""device"": ""workstation2"", ""task_type"": ""compilation, CPU load"", ""cpu_cores_active"": ""8"", ""library"": ""boost/lambda"", ""task_files"": 27, ""llm_estimated_task_effort"": ""low"", ""textual_description"": ""The testsuite for boost/lambda is being compiled and run."", ""command"": ""b2 --j 8 test"", ""directory"": "".../boost/libs/lambda""}"
13388,1767591360,1767591360,1767591693,"{""inverter"": 1, ""source"": ""workstation2_log"", ""device"": ""workstation2"", ""task_type"": ""CNN fitting, GPU load"", ""model"": ""vgg13"", ""optim"": ""sgd"", ""dataset"": ""CIFAR10"", ""batch_size"": 128, ""epochs"": 2, ""model_params"": 133047848, ""llm_estimated_task_effort"": ""medium"", ""textual_description"": ""The model vgg13 is fitted on CIFAR10 using sgd for 2 epochs with bs=128.""}"
13568,1767591373,1767591373,1767591468,"{""inverter"": 1, ""source"": ""workstation1_log"", ""device"": ""workstation1"", ""task_type"": ""compilation, CPU load"", ""cpu_cores_active"": ""9"", ""library"": ""boost/parameter"", ""task_files"": 68, ""llm_estimated_task_effort"": ""low"", ""textual_description"": ""The testsuite for boost/parameter is being compiled and run."", ""command"": ""b2 --j 9 test"", ""directory"": "".../boost/libs/parameter""}"
13569,1767591438,1767591438,1767591439,"{""inverter"": 1, ""source"": ""workstation2_log"", ""device"": ""workstation2"", ""task_type"": ""compilation, CPU load"", ""cpu_cores_active"": ""6"", ""library"": ""boost/rational"", ""task_files"": 19, ""llm_estimated_task_effort"": ""low"", ""textual_description"": ""The testsuite for boost/rational is being compiled and run."", ""command"": ""b2 --j 6 test"", ""directory"": "".../boost/libs/rational""}"
13570,1767592322,1767592322,1767592397,"{""inverter"": 1, ""source"": ""workstation1_log"", ""device"": ""workstation1"", ""task_type"": ""compilation, CPU load"", ""cpu_cores_active"": ""4"", ""library"": ""boost/ratio"", ""task_files"": 34, ""llm_estimated_task_effort"": ""low"", ""textual_description"": ""The testsuite for boost/ratio is being compiled and run."", ""command"": ""b2 --j 4 test"", ""directory"": "".../boost/libs/ratio""}"
13389,1767592668,1767592668,1767593969,"{""inverter"": 1, ""source"": ""workstation2_log"", ""device"": ""workstation2"", ""task_type"": ""CNN fitting, GPU load"", ""model"": ""swin_v2_s"", ""optim"": ""adam"", ""dataset"": ""CIFAR10"", ""batch_size"": 128, ""epochs"": 2, ""model_params"": 49737442, ""llm_estimated_task_effort"": ""high"", ""textual_description"": ""The model swin_v2_s is fitted on CIFAR10 using adam for 2 epochs with bs=128.""}"
13571,1767592834,1767592834,1767592914,"{""inverter"": 1, ""source"": ""workstation1_log"", ""device"": ""workstation1"", ""task_type"": ""compilation, CPU load"", ""cpu_cores_active"": ""7"", ""library"": ""boost/filesystem"", ""task_files"": 55, ""llm_estimated_task_effort"": ""high"", ""textual_description"": ""The testsuite for boost/filesystem is being compiled and run."", ""command"": ""b2 --j 7 test"", ""directory"": "".../boost/libs/filesystem""}"
13572,1767593488,1767593488,1767593638,"{""inverter"": 1, ""source"": ""workstation1_log"", ""device"": ""workstation1"", ""task_type"": ""compilation, CPU load"", ""cpu_cores_active"": ""4"", ""library"": ""boost/fusion"", ""task_files"": 247, ""llm_estimated_task_effort"": ""low"", ""textual_description"": ""The testsuite for boost/fusion is being compiled and run."", ""command"": ""b2 --j 4 test"", ""directory"": "".../boost/libs/fusion""}"
13573,1767593790,1767593790,1767593791,"{""inverter"": 1, ""source"": ""workstation2_log"", ""device"": ""workstation2"", ""task_type"": ""compilation, CPU load"", ""cpu_cores_active"": ""4"", ""library"": ""boost/charconv"", ""task_files"": 44, ""llm_estimated_task_effort"": ""low"", ""textual_description"": ""The testsuite for boost/charconv is being compiled and run."", ""command"": ""b2 --j 4 test"", ""directory"": "".../boost/libs/charconv""}"
13390,1767594066,1767594066,1767594501,"{""inverter"": 1, ""source"": ""workstation2_log"", ""device"": ""workstation2"", ""task_type"": ""CNN fitting, GPU load"", ""model"": ""wide_resnet50_2"", ""optim"": ""sgd"", ""dataset"": ""CIFAR10"", ""batch_size"": 128, ""epochs"": 2, ""model_params"": 68883240, ""llm_estimated_task_effort"": ""high"", ""textual_description"": ""The model wide_resnet50_2 is fitted on CIFAR10 using sgd for 2 epochs with bs=128.""}"
13574,1767594124,1767594124,1767594199,"{""inverter"": 1, ""source"": ""workstation1_log"", ""device"": ""workstation1"", ""task_type"": ""compilation, CPU load"", ""cpu_cores_active"": ""2"", ""library"": ""boost/static_string"", ""task_files"": 5, ""llm_estimated_task_effort"": ""low"", ""textual_description"": ""The testsuite for boost/static_string is being compiled and run."", ""command"": ""b2 --j 2 test"", ""directory"": "".../boost/libs/static_string""}"
13575,1767594169,1767594169,1767594170,"{""inverter"": 1, ""source"": ""workstation2_log"", ""device"": ""workstation2"", ""task_type"": ""compilation, CPU load"", ""cpu_cores_active"": ""5"", ""library"": ""boost/detail"", ""task_files"": 14, ""llm_estimated_task_effort"": ""low"", ""textual_description"": ""The testsuite for boost/detail is being compiled and run."", ""command"": ""b2 --j 5 test"", ""directory"": "".../boost/libs/detail""}"
13576,1767594225,1767594225,1767594336,"{""inverter"": 1, ""source"": ""workstation1_log"", ""device"": ""workstation1"", ""task_type"": ""compilation, CPU load"", ""cpu_cores_active"": ""2"", ""library"": ""boost/flyweight"", ""task_files"": 40, ""llm_estimated_task_effort"": ""low"", ""textual_description"": ""The testsuite for boost/flyweight is being compiled and run."", ""command"": ""b2 --j 2 test"", ""directory"": "".../boost/libs/flyweight""}"
13577,1767594521,1767594521,1767594522,"{""inverter"": 1, ""source"": ""workstation2_log"", ""device"": ""workstation2"", ""task_type"": ""compilation, CPU load"", ""cpu_cores_active"": ""8"", ""library"": ""boost/property_tree"", ""task_files"": 23, ""llm_estimated_task_effort"": ""low"", ""textual_description"": ""The testsuite for boost/property_tree is being compiled and run."", ""command"": ""b2 --j 8 test"", ""directory"": "".../boost/libs/property_tree""}"
13391,1767594947,1767594947,1767595282,"{""inverter"": 1, ""source"": ""workstation2_log"", ""device"": ""workstation2"", ""task_type"": ""CNN fitting, GPU load"", ""model"": ""vgg13"", ""optim"": ""sgd"", ""dataset"": ""CIFAR10"", ""batch_size"": 128, ""epochs"": 2, ""model_params"": 133047848, ""llm_estimated_task_effort"": ""medium"", ""textual_description"": ""The model vgg13 is fitted on CIFAR10 using sgd for 2 epochs with bs=128.""}"
13392,1767595376,1767595376,1767596165,"{""inverter"": 1, ""source"": ""workstation2_log"", ""device"": ""workstation2"", ""task_type"": ""CNN fitting, GPU load"", ""model"": ""densenet121"", ""optim"": ""sgd"", ""dataset"": ""CIFAR10"", ""batch_size"": 128, ""epochs"": 2, ""model_params"": 7978856, ""llm_estimated_task_effort"": ""medium"", ""textual_description"": ""The model densenet121 is fitted on CIFAR10 using sgd for 2 epochs with bs=128.""}"
13578,1767595390,1767595390,1767595464,"{""inverter"": 1, ""source"": ""workstation1_log"", ""device"": ""workstation1"", ""task_type"": ""compilation, CPU load"", ""cpu_cores_active"": ""2"", ""library"": ""boost/concept_check"", ""task_files"": 18, ""llm_estimated_task_effort"": ""low"", ""textual_description"": ""The testsuite for boost/concept_check is being compiled and run."", ""command"": ""b2 --j 2 test"", ""directory"": "".../boost/libs/concept_check""}"
13579,1767595688,1767595688,1767595756,"{""inverter"": 1, ""source"": ""workstation1_log"", ""device"": ""workstation1"", ""task_type"": ""compilation, CPU load"", ""cpu_cores_active"": ""7"", ""library"": ""boost/tuple"", ""task_files"": 13, ""llm_estimated_task_effort"": ""low"", ""textual_description"": ""The testsuite for boost/tuple is being compiled and run."", ""command"": ""b2 --j 7 test"", ""directory"": "".../boost/libs/tuple""}"
13580,1767595908,1767595908,1767596104,"{""inverter"": 1, ""source"": ""workstation1_log"", ""device"": ""workstation1"", ""task_type"": ""compilation, CPU load"", ""cpu_cores_active"": ""2"", ""library"": ""boost/statechart"", ""task_files"": 67, ""llm_estimated_task_effort"": ""high"", ""textual_description"": ""The testsuite for boost/statechart is being compiled and run."", ""command"": ""b2 --j 2 test"", ""directory"": "".../boost/libs/statechart""}"
13581,1767596044,1767596044,1767596044,"{""inverter"": 1, ""source"": ""workstation2_log"", ""device"": ""workstation2"", ""task_type"": ""compilation, CPU load"", ""cpu_cores_active"": ""4"", ""library"": ""boost/vmd"", ""task_files"": 336, ""llm_estimated_task_effort"": ""low"", ""textual_description"": ""The testsuite for boost/vmd is being compiled and run."", ""command"": ""b2 --j 4 test"", ""directory"": "".../boost/libs/vmd""}"
13582,1767596113,1767596113,1767596114,"{""inverter"": 1, ""source"": ""workstation2_log"", ""device"": ""workstation2"", ""task_type"": ""compilation, CPU load"", ""cpu_cores_active"": ""10"", ""library"": ""boost/signals2"", ""task_files"": 23, ""llm_estimated_task_effort"": ""low"", ""textual_description"": ""The testsuite for boost/signals2 is being compiled and run."", ""command"": ""b2 --j 10 test"", ""directory"": "".../boost/libs/signals2""}"
13393,1767596231,1767596231,1767596985,"{""inverter"": 1, ""source"": ""workstation2_log"", ""device"": ""workstation2"", ""task_type"": ""CNN fitting, GPU load"", ""model"": ""densenet121"", ""optim"": ""sgd"", ""dataset"": ""CIFAR10"", ""batch_size"": 128, ""epochs"": 2, ""model_params"": 7978856, ""llm_estimated_task_effort"": ""medium"", ""textual_description"": ""The model densenet121 is fitted on CIFAR10 using sgd for 2 epochs with bs=128.""}"
13583,1767596759,1767596759,1767596759,"{""inverter"": 1, ""source"": ""workstation2_log"", ""device"": ""workstation2"", ""task_type"": ""compilation, CPU load"", ""cpu_cores_active"": ""8"", ""library"": ""boost/locale"", ""task_files"": 48, ""llm_estimated_task_effort"": ""high"", ""textual_description"": ""The testsuite for boost/locale is being compiled and run."", ""command"": ""b2 --j 8 test"", ""directory"": "".../boost/libs/locale""}"
13584,1767596903,1767596903,1767596905,"{""inverter"": 1, ""source"": ""workstation2_log"", ""device"": ""workstation2"", ""task_type"": ""compilation, CPU load"", ""cpu_cores_active"": ""6"", ""library"": ""boost/function_types"", ""task_files"": 47, ""llm_estimated_task_effort"": ""low"", ""textual_description"": ""The testsuite for boost/function_types is being compiled and run."", ""command"": ""b2 --j 6 test"", ""directory"": "".../boost/libs/function_types""}"
13585,1767596926,1767596926,1767596926,"{""inverter"": 1, ""source"": ""workstation2_log"", ""device"": ""workstation2"", ""task_type"": ""compilation, CPU load"", ""cpu_cores_active"": ""8"", ""library"": ""boost/qvm"", ""task_files"": 141, ""llm_estimated_task_effort"": ""low"", ""textual_description"": ""The testsuite for boost/qvm is being compiled and run."", ""command"": ""b2 --j 8 test"", ""directory"": "".../boost/libs/qvm""}"
13586,1767596996,1767596996,1767596996,"{""inverter"": 1, ""source"": ""workstation2_log"", ""device"": ""workstation2"", ""task_type"": ""compilation, CPU load"", ""cpu_cores_active"": ""9"", ""library"": ""boost/property_tree"", ""task_files"": 23, ""llm_estimated_task_effort"": ""low"", ""textual_description"": ""The testsuite for boost/property_tree is being compiled and run."", ""command"": ""b2 --j 9 test"", ""directory"": "".../boost/libs/property_tree""}"
13587,1767597061,1767597061,1767597417,"{""inverter"": 1, ""source"": ""workstation1_log"", ""device"": ""workstation1"", ""task_type"": ""compilation, CPU load"", ""cpu_cores_active"": ""1"", ""library"": ""boost/sort"", ""task_files"": 17, ""llm_estimated_task_effort"": ""low"", ""textual_description"": ""The testsuite for boost/sort is being compiled and run."", ""command"": ""b2 --j 1 test"", ""directory"": "".../boost/libs/sort""}"
13394,1767597407,1767597407,1767597774,"{""inverter"": 1, ""source"": ""workstation2_log"", ""device"": ""workstation2"", ""task_type"": ""CNN fitting, GPU load"", ""model"": ""vgg19"", ""optim"": ""sgd"", ""dataset"": ""CIFAR10"", ""batch_size"": 128, ""epochs"": 2, ""model_params"": 143667240, ""llm_estimated_task_effort"": ""medium"", ""textual_description"": ""The model vgg19 is fitted on CIFAR10 using sgd for 2 epochs with bs=128.""}"
13588,1767597721,1767597721,1767597815,"{""inverter"": 1, ""source"": ""workstation1_log"", ""device"": ""workstation1"", ""task_type"": ""compilation, CPU load"", ""cpu_cores_active"": ""9"", ""library"": ""boost/xpressive"", ""task_files"": 70, ""llm_estimated_task_effort"": ""high"", ""textual_description"": ""The testsuite for boost/xpressive is being compiled and run."", ""command"": ""b2 --j 9 test"", ""directory"": "".../boost/libs/xpressive""}"
13589,1767598255,1767598255,1767598256,"{""inverter"": 1, ""source"": ""workstation2_log"", ""device"": ""workstation2"", ""task_type"": ""compilation, CPU load"", ""cpu_cores_active"": ""9"", ""library"": ""boost/stl_interfaces"", ""task_files"": 18, ""llm_estimated_task_effort"": ""low"", ""textual_description"": ""The testsuite for boost/stl_interfaces is being compiled and run."", ""command"": ""b2 --j 9 test"", ""directory"": "".../boost/libs/stl_interfaces""}"
13590,1767598274,1767598274,1767598366,"{""inverter"": 1, ""source"": ""workstation1_log"", ""device"": ""workstation1"", ""task_type"": ""compilation, CPU load"", ""cpu_cores_active"": ""8"", ""library"": ""boost/system"", ""task_files"": 126, ""llm_estimated_task_effort"": ""low"", ""textual_description"": ""The testsuite for boost/system is being compiled and run."", ""command"": ""b2 --j 8 test"", ""directory"": "".../boost/libs/system""}"
13395,1767598285,1767598285,1767598631,"{""inverter"": 1, ""source"": ""workstation2_log"", ""device"": ""workstation2"", ""task_type"": ""CNN fitting, GPU load"", ""model"": ""vgg13"", ""optim"": ""adam"", ""dataset"": ""CIFAR10"", ""batch_size"": 128, ""epochs"": 2, ""model_params"": 133047848, ""llm_estimated_task_effort"": ""medium"", ""textual_description"": ""The model vgg13 is fitted on CIFAR10 using adam for 2 epochs with bs=128.""}"
13591,1767598833,1767598833,1767598917,"{""inverter"": 1, ""source"": ""workstation1_log"", ""device"": ""workstation1"", ""task_type"": ""compilation, CPU load"", ""cpu_cores_active"": ""10"", ""library"": ""boost/date_time"", ""task_files"": 70, ""llm_estimated_task_effort"": ""low"", ""textual_description"": ""The testsuite for boost/date_time is being compiled and run."", ""command"": ""b2 --j 10 test"", ""directory"": "".../boost/libs/date_time""}"
13592,1767599208,1767599208,1767599208,"{""inverter"": 1, ""source"": ""workstation2_log"", ""device"": ""workstation2"", ""task_type"": ""compilation, CPU load"", ""cpu_cores_active"": ""5"", ""library"": ""boost/iostreams"", ""task_files"": 407, ""llm_estimated_task_effort"": ""high"", ""textual_description"": ""The testsuite for boost/iostreams is being compiled and run."", ""command"": ""b2 --j 5 test"", ""directory"": "".../boost/libs/iostreams""}"
13593,1767600172,1767600172,1767600518,"{""inverter"": 1, ""source"": ""workstation1_log"", ""device"": ""workstation1"", ""task_type"": ""compilation, CPU load"", ""cpu_cores_active"": ""4"", ""library"": ""boost/spirit"", ""task_files"": 331, ""llm_estimated_task_effort"": ""high"", ""textual_description"": ""The testsuite for boost/spirit is being compiled and run."", ""command"": ""b2 --j 4 test"", ""directory"": "".../boost/libs/spirit""}"
13594,1767600202,1767600202,1767600202,"{""inverter"": 1, ""source"": ""workstation2_log"", ""device"": ""workstation2"", ""task_type"": ""compilation, CPU load"", ""cpu_cores_active"": ""6"", ""library"": ""boost/regex"", ""task_files"": 106, ""llm_estimated_task_effort"": ""high"", ""textual_description"": ""The testsuite for boost/regex is being compiled and run."", ""command"": ""b2 --j 6 test"", ""directory"": "".../boost/libs/regex""}"
13595,1767600233,1767600233,1767600234,"{""inverter"": 1, ""source"": ""workstation2_log"", ""device"": ""workstation2"", ""task_type"": ""compilation, CPU load"", ""cpu_cores_active"": ""9"", ""library"": ""boost/coroutine"", ""task_files"": 3, ""llm_estimated_task_effort"": ""high"", ""textual_description"": ""The testsuite for boost/coroutine is being compiled and run."", ""command"": ""b2 --j 9 test"", ""directory"": "".../boost/libs/coroutine""}"
13396,1767600278,1767600278,1767600625,"{""inverter"": 1, ""source"": ""workstation2_log"", ""device"": ""workstation2"", ""task_type"": ""CNN fitting, GPU load"", ""model"": ""vgg13"", ""optim"": ""adam"", ""dataset"": ""CIFAR10"", ""batch_size"": 128, ""epochs"": 2, ""model_params"": 133047848, ""llm_estimated_task_effort"": ""medium"", ""textual_description"": ""The model vgg13 is fitted on CIFAR10 using adam for 2 epochs with bs=128.""}"
13596,1767600660,1767600660,1767600660,"{""inverter"": 1, ""source"": ""workstation2_log"", ""device"": ""workstation2"", ""task_type"": ""compilation, CPU load"", ""cpu_cores_active"": ""3"", ""library"": ""boost/dll"", ""task_files"": 29, ""llm_estimated_task_effort"": ""low"", ""textual_description"": ""The testsuite for boost/dll is being compiled and run."", ""command"": ""b2 --j 3 test"", ""directory"": "".../boost/libs/dll""}"
13597,1767600664,1767600664,1767600866,"{""inverter"": 1, ""source"": ""workstation1_log"", ""device"": ""workstation1"", ""task_type"": ""compilation, CPU load"", ""cpu_cores_active"": ""2"", ""library"": ""boost/json"", ""task_files"": 417, ""llm_estimated_task_effort"": ""high"", ""textual_description"": ""The testsuite for boost/json is being compiled and run."", ""command"": ""b2 --j 2 test"", ""directory"": "".../boost/libs/json""}"
13397,1767600690,1767600690,1767601553,"{""inverter"": 1, ""source"": ""workstation2_log"", ""device"": ""workstation2"", ""task_type"": ""CNN fitting, GPU load"", ""model"": ""densenet121"", ""optim"": ""adam"", ""dataset"": ""CIFAR10"", ""batch_size"": 128, ""epochs"": 2, ""model_params"": 7978856, ""llm_estimated_task_effort"": ""medium"", ""textual_description"": ""The model densenet121 is fitted on CIFAR10 using adam for 2 epochs with bs=128.""}"
13598,1767601064,1767601064,1767601065,"{""inverter"": 1, ""source"": ""workstation2_log"", ""device"": ""workstation2"", ""task_type"": ""compilation, CPU load"", ""cpu_cores_active"": ""8"", ""library"": ""boost/program_options"", ""task_files"": 26, ""llm_estimated_task_effort"": ""high"", ""textual_description"": ""The testsuite for boost/program_options is being compiled and run."", ""command"": ""b2 --j 8 test"", ""directory"": "".../boost/libs/program_options""}"
13599,1767601378,1767601378,1767601378,"{""inverter"": 1, ""source"": ""workstation2_log"", ""device"": ""workstation2"", ""task_type"": ""compilation, CPU load"", ""cpu_cores_active"": ""4"", ""library"": ""boost/compat"", ""task_files"": 65, ""llm_estimated_task_effort"": ""low"", ""textual_description"": ""The testsuite for boost/compat is being compiled and run."", ""command"": ""b2 --j 4 test"", ""directory"": "".../boost/libs/compat""}"
13600,1767601414,1767601414,1767601415,"{""inverter"": 1, ""source"": ""workstation2_log"", ""device"": ""workstation2"", ""task_type"": ""compilation, CPU load"", ""cpu_cores_active"": ""10"", ""library"": ""boost/metaparse"", ""task_files"": 113, ""llm_estimated_task_effort"": ""medium"", ""textual_description"": ""The testsuite for boost/metaparse is being compiled and run."", ""command"": ""b2 --j 10 test"", ""directory"": "".../boost/libs/metaparse""}"
13601,1767601733,1767601733,1767601733,"{""inverter"": 1, ""source"": ""workstation2_log"", ""device"": ""workstation2"", ""task_type"": ""compilation, CPU load"", ""cpu_cores_active"": ""2"", ""library"": ""boost/multi_index"", ""task_files"": 92, ""llm_estimated_task_effort"": ""low"", ""textual_description"": ""The testsuite for boost/multi_index is being compiled and run."", ""command"": ""b2 --j 2 test"", ""directory"": "".../boost/libs/multi_index""}"
13398,1767602197,1767602197,1767602532,"{""inverter"": 1, ""source"": ""workstation2_log"", ""device"": ""workstation2"", ""task_type"": ""CNN fitting, GPU load"", ""model"": ""vgg11"", ""optim"": ""sgd"", ""dataset"": ""CIFAR10"", ""batch_size"": 128, ""epochs"": 2, ""model_params"": 132863336, ""llm_estimated_task_effort"": ""low"", ""textual_description"": ""The model vgg11 is fitted on CIFAR10 using sgd for 2 epochs with bs=128.""}"
13602,1767602478,1767602478,1767602556,"{""inverter"": 1, ""source"": ""workstation1_log"", ""device"": ""workstation1"", ""task_type"": ""compilation, CPU load"", ""cpu_cores_active"": ""6"", ""library"": ""boost/type_index"", ""task_files"": 19, ""llm_estimated_task_effort"": ""low"", ""textual_description"": ""The testsuite for boost/type_index is being compiled and run."", ""command"": ""b2 --j 6 test"", ""directory"": "".../boost/libs/type_index""}"
13603,1767602534,1767602534,1767602534,"{""inverter"": 1, ""source"": ""workstation2_log"", ""device"": ""workstation2"", ""task_type"": ""compilation, CPU load"", ""cpu_cores_active"": ""5"", ""library"": ""boost/asio"", ""task_files"": 386, ""llm_estimated_task_effort"": ""high"", ""textual_description"": ""The testsuite for boost/asio is being compiled and run."", ""command"": ""b2 --j 5 test"", ""directory"": "".../boost/libs/asio""}"
13604,1767602578,1767602578,1767602652,"{""inverter"": 1, ""source"": ""workstation1_log"", ""device"": ""workstation1"", ""task_type"": ""compilation, CPU load"", ""cpu_cores_active"": ""4"", ""library"": ""boost/lambda2"", ""task_files"": 16, ""llm_estimated_task_effort"": ""low"", ""textual_description"": ""The testsuite for boost/lambda2 is being compiled and run."", ""command"": ""b2 --j 4 test"", ""directory"": "".../boost/libs/lambda2""}"
13605,1767602642,1767602642,1767602642,"{""inverter"": 1, ""source"": ""workstation2_log"", ""device"": ""workstation2"", ""task_type"": ""compilation, CPU load"", ""cpu_cores_active"": ""8"", ""library"": ""boost/pfr"", ""task_files"": 91, ""llm_estimated_task_effort"": ""low"", ""textual_description"": ""The testsuite for boost/pfr is being compiled and run."", ""command"": ""b2 --j 8 test"", ""directory"": "".../boost/libs/pfr""}"
13606,1767603160,1767603160,1767603161,"{""inverter"": 1, ""source"": ""workstation2_log"", ""device"": ""workstation2"", ""task_type"": ""compilation, CPU load"", ""cpu_cores_active"": ""9"", ""library"": ""boost/mpi"", ""task_files"": 75, ""llm_estimated_task_effort"": ""high"", ""textual_description"": ""The testsuite for boost/mpi is being compiled and run."", ""command"": ""b2 --j 9 test"", ""directory"": "".../boost/libs/mpi""}"
13399,1767603206,1767603206,1767603710,"{""inverter"": 1, ""source"": ""workstation2_log"", ""device"": ""workstation2"", ""task_type"": ""CNN fitting, GPU load"", ""model"": ""wide_resnet50_2"", ""optim"": ""adam"", ""dataset"": ""CIFAR10"", ""batch_size"": 128, ""epochs"": 2, ""model_params"": 68883240, ""llm_estimated_task_effort"": ""high"", ""textual_description"": ""The model wide_resnet50_2 is fitted on CIFAR10 using adam for 2 epochs with bs=128.""}"
13607,1767603402,1767603402,1767603404,"{""inverter"": 1, ""source"": ""workstation2_log"", ""device"": ""workstation2"", ""task_type"": ""compilation, CPU load"", ""cpu_cores_active"": ""7"", ""library"": ""boost/function"", ""task_files"": 43, ""llm_estimated_task_effort"": ""low"", ""textual_description"": ""The testsuite for boost/function is being compiled and run."", ""command"": ""b2 --j 7 test"", ""directory"": "".../boost/libs/function""}"
13608,1767603976,1767603976,1767603977,"{""inverter"": 1, ""source"": ""workstation2_log"", ""device"": ""workstation2"", ""task_type"": ""compilation, CPU load"", ""cpu_cores_active"": ""4"", ""library"": ""boost/units"", ""task_files"": 51, ""llm_estimated_task_effort"": ""low"", ""textual_description"": ""The testsuite for boost/units is being compiled and run."", ""command"": ""b2 --j 4 test"", ""directory"": "".../boost/libs/units""}"
13609,1767604230,1767604230,1767604231,"{""inverter"": 1, ""source"": ""workstation2_log"", ""device"": ""workstation2"", ""task_type"": ""compilation, CPU load"", ""cpu_cores_active"": ""10"", ""library"": ""boost/convert"", ""task_files"": 20, ""llm_estimated_task_effort"": ""low"", ""textual_description"": ""The testsuite for boost/convert is being compiled and run."", ""command"": ""b2 --j 10 test"", ""directory"": "".../boost/libs/convert""}"
13610,1767604317,1767604317,1767604317,"{""inverter"": 1, ""source"": ""workstation2_log"", ""device"": ""workstation2"", ""task_type"": ""compilation, CPU load"", ""cpu_cores_active"": ""10"", ""library"": ""boost/openmethod"", ""task_files"": 41, ""llm_estimated_task_effort"": ""n/a"", ""textual_description"": ""The testsuite for boost/openmethod is being compiled and run."", ""command"": ""b2 --j 10 test"", ""directory"": "".../boost/libs/openmethod""}"
13611,1767604423,1767604423,1767604493,"{""inverter"": 1, ""source"": ""workstation1_log"", ""device"": ""workstation1"", ""task_type"": ""compilation, CPU load"", ""cpu_cores_active"": ""7"", ""library"": ""boost/graph_parallel"", ""task_files"": 30, ""llm_estimated_task_effort"": ""high"", ""textual_description"": ""The testsuite for boost/graph_parallel is being compiled and run."", ""command"": ""b2 --j 7 test"", ""directory"": "".../boost/libs/graph_parallel""}"
13612,1767604514,1767604514,1767604515,"{""inverter"": 1, ""source"": ""workstation2_log"", ""device"": ""workstation2"", ""task_type"": ""compilation, CPU load"", ""cpu_cores_active"": ""4"", ""library"": ""boost/stacktrace"", ""task_files"": 18, ""llm_estimated_task_effort"": ""medium"", ""textual_description"": ""The testsuite for boost/stacktrace is being compiled and run."", ""command"": ""b2 --j 4 test"", ""directory"": "".../boost/libs/stacktrace""}"
13613,1767604617,1767604617,1767604702,"{""inverter"": 1, ""source"": ""workstation1_log"", ""device"": ""workstation1"", ""task_type"": ""compilation, CPU load"", ""cpu_cores_active"": ""7"", ""library"": ""boost/program_options"", ""task_files"": 26, ""llm_estimated_task_effort"": ""high"", ""textual_description"": ""The testsuite for boost/program_options is being compiled and run."", ""command"": ""b2 --j 7 test"", ""directory"": "".../boost/libs/program_options""}"
13400,1767604672,1767604672,1767605847,"{""inverter"": 1, ""source"": ""workstation2_log"", ""device"": ""workstation2"", ""task_type"": ""CNN fitting, GPU load"", ""model"": ""swin_v2_s"", ""optim"": ""sgd"", ""dataset"": ""CIFAR10"", ""batch_size"": 128, ""epochs"": 2, ""model_params"": 49737442, ""llm_estimated_task_effort"": ""high"", ""textual_description"": ""The model swin_v2_s is fitted on CIFAR10 using sgd for 2 epochs with bs=128.""}"
13614,1767604947,1767604947,1767604947,"{""inverter"": 1, ""source"": ""workstation2_log"", ""device"": ""workstation2"", ""task_type"": ""compilation, CPU load"", ""cpu_cores_active"": ""8"", ""library"": ""boost/tuple"", ""task_files"": 13, ""llm_estimated_task_effort"": ""low"", ""textual_description"": ""The testsuite for boost/tuple is being compiled and run."", ""command"": ""b2 --j 8 test"", ""directory"": "".../boost/libs/tuple""}"
13615,1767605096,1767605096,1767605096,"{""inverter"": 1, ""source"": ""workstation2_log"", ""device"": ""workstation2"", ""task_type"": ""compilation, CPU load"", ""cpu_cores_active"": ""7"", ""library"": ""boost/logic"", ""task_files"": 13, ""llm_estimated_task_effort"": ""low"", ""textual_description"": ""The testsuite for boost/logic is being compiled and run."", ""command"": ""b2 --j 7 test"", ""directory"": "".../boost/libs/logic""}"
13616,1767605437,1767605437,1767605438,"{""inverter"": 1, ""source"": ""workstation2_log"", ""device"": ""workstation2"", ""task_type"": ""compilation, CPU load"", ""cpu_cores_active"": ""2"", ""library"": ""boost/hof"", ""task_files"": 63, ""llm_estimated_task_effort"": ""low"", ""textual_description"": ""The testsuite for boost/hof is being compiled and run."", ""command"": ""b2 --j 2 test"", ""directory"": "".../boost/libs/hof""}"
13617,1767605693,1767605693,1767605790,"{""inverter"": 1, ""source"": ""workstation1_log"", ""device"": ""workstation1"", ""task_type"": ""compilation, CPU load"", ""cpu_cores_active"": ""9"", ""library"": ""boost/statechart"", ""task_files"": 67, ""llm_estimated_task_effort"": ""high"", ""textual_description"": ""The testsuite for boost/statechart is being compiled and run."", ""command"": ""b2 --j 9 test"", ""directory"": "".../boost/libs/statechart""}"
13618,1767605907,1767605907,1767605907,"{""inverter"": 1, ""source"": ""workstation2_log"", ""device"": ""workstation2"", ""task_type"": ""compilation, CPU load"", ""cpu_cores_active"": ""10"", ""library"": ""boost/parameter_python"", ""task_files"": 3, ""llm_estimated_task_effort"": ""low"", ""textual_description"": ""The testsuite for boost/parameter_python is being compiled and run."", ""command"": ""b2 --j 10 test"", ""directory"": "".../boost/libs/parameter_python""}"
13619,1767605981,1767605981,1767606057,"{""inverter"": 1, ""source"": ""workstation1_log"", ""device"": ""workstation1"", ""task_type"": ""compilation, CPU load"", ""cpu_cores_active"": ""6"", ""library"": ""boost/type_index"", ""task_files"": 19, ""llm_estimated_task_effort"": ""low"", ""textual_description"": ""The testsuite for boost/type_index is being compiled and run."", ""command"": ""b2 --j 6 test"", ""directory"": "".../boost/libs/type_index""}"
13401,1767606076,1767606076,1767606515,"{""inverter"": 1, ""source"": ""workstation2_log"", ""device"": ""workstation2"", ""task_type"": ""CNN fitting, GPU load"", ""model"": ""wide_resnet50_2"", ""optim"": ""sgd"", ""dataset"": ""CIFAR10"", ""batch_size"": 128, ""epochs"": 2, ""model_params"": 68883240, ""llm_estimated_task_effort"": ""high"", ""textual_description"": ""The model wide_resnet50_2 is fitted on CIFAR10 using sgd for 2 epochs with bs=128.""}"
13620,1767606478,1767606478,1767606479,"{""inverter"": 1, ""source"": ""workstation2_log"", ""device"": ""workstation2"", ""task_type"": ""compilation, CPU load"", ""cpu_cores_active"": ""10"", ""library"": ""boost/dynamic_bitset"", ""task_files"": 13, ""llm_estimated_task_effort"": ""low"", ""textual_description"": ""The testsuite for boost/dynamic_bitset is being compiled and run."", ""command"": ""b2 --j 10 test"", ""directory"": "".../boost/libs/dynamic_bitset""}"
13402,1767606575,1767606575,1767606910,"{""inverter"": 1, ""source"": ""workstation2_log"", ""device"": ""workstation2"", ""task_type"": ""CNN fitting, GPU load"", ""model"": ""vgg13"", ""optim"": ""sgd"", ""dataset"": ""CIFAR10"", ""batch_size"": 128, ""epochs"": 2, ""model_params"": 133047848, ""llm_estimated_task_effort"": ""medium"", ""textual_description"": ""The model vgg13 is fitted on CIFAR10 using sgd for 2 epochs with bs=128.""}"
13621,1767606746,1767606746,1767606748,"{""inverter"": 1, ""source"": ""workstation2_log"", ""device"": ""workstation2"", ""task_type"": ""compilation, CPU load"", ""cpu_cores_active"": ""6"", ""library"": ""boost/hof"", ""task_files"": 63, ""llm_estimated_task_effort"": ""low"", ""textual_description"": ""The testsuite for boost/hof is being compiled and run."", ""command"": ""b2 --j 6 test"", ""directory"": "".../boost/libs/hof""}"
13403,1767607035,1767607035,1767607366,"{""inverter"": 1, ""source"": ""workstation2_log"", ""device"": ""workstation2"", ""task_type"": ""CNN fitting, GPU load"", ""model"": ""vgg11"", ""optim"": ""sgd"", ""dataset"": ""CIFAR10"", ""batch_size"": 128, ""epochs"": 2, ""model_params"": 132863336, ""llm_estimated_task_effort"": ""low"", ""textual_description"": ""The model vgg11 is fitted on CIFAR10 using sgd for 2 epochs with bs=128.""}"
13404,1767607625,1767607625,1767608886,"{""inverter"": 1, ""source"": ""workstation2_log"", ""device"": ""workstation2"", ""task_type"": ""CNN fitting, GPU load"", ""model"": ""swin_v2_s"", ""optim"": ""adam"", ""dataset"": ""CIFAR10"", ""batch_size"": 128, ""epochs"": 2, ""model_params"": 49737442, ""llm_estimated_task_effort"": ""high"", ""textual_description"": ""The model swin_v2_s is fitted on CIFAR10 using adam for 2 epochs with bs=128.""}"
13622,1767607825,1767607825,1767607826,"{""inverter"": 1, ""source"": ""workstation2_log"", ""device"": ""workstation2"", ""task_type"": ""compilation, CPU load"", ""cpu_cores_active"": ""9"", ""library"": ""boost/compat"", ""task_files"": 65, ""llm_estimated_task_effort"": ""low"", ""textual_description"": ""The testsuite for boost/compat is being compiled and run."", ""command"": ""b2 --j 9 test"", ""directory"": "".../boost/libs/compat""}"
13623,1767607829,1767607829,1767607830,"{""inverter"": 1, ""source"": ""workstation2_log"", ""device"": ""workstation2"", ""task_type"": ""compilation, CPU load"", ""cpu_cores_active"": ""6"", ""library"": ""boost/atomic"", ""task_files"": 30, ""llm_estimated_task_effort"": ""low"", ""textual_description"": ""The testsuite for boost/atomic is being compiled and run."", ""command"": ""b2 --j 6 test"", ""directory"": "".../boost/libs/atomic""}"
13624,1767608001,1767608001,1767608003,"{""inverter"": 1, ""source"": ""workstation2_log"", ""device"": ""workstation2"", ""task_type"": ""compilation, CPU load"", ""cpu_cores_active"": ""9"", ""library"": ""boost/url"", ""task_files"": 105, ""llm_estimated_task_effort"": ""low"", ""textual_description"": ""The testsuite for boost/url is being compiled and run."", ""command"": ""b2 --j 9 test"", ""directory"": "".../boost/libs/url""}"
13625,1767608882,1767608882,1767608883,"{""inverter"": 1, ""source"": ""workstation2_log"", ""device"": ""workstation2"", ""task_type"": ""compilation, CPU load"", ""cpu_cores_active"": ""8"", ""library"": ""boost/stl_interfaces"", ""task_files"": 18, ""llm_estimated_task_effort"": ""low"", ""textual_description"": ""The testsuite for boost/stl_interfaces is being compiled and run."", ""command"": ""b2 --j 8 test"", ""directory"": "".../boost/libs/stl_interfaces""}"
13626,1767609075,1767609075,1767609169,"{""inverter"": 1, ""source"": ""workstation1_log"", ""device"": ""workstation1"", ""task_type"": ""compilation, CPU load"", ""cpu_cores_active"": ""4"", ""library"": ""boost/heap"", ""task_files"": 17, ""llm_estimated_task_effort"": ""low"", ""textual_description"": ""The testsuite for boost/heap is being compiled and run."", ""command"": ""b2 --j 4 test"", ""directory"": "".../boost/libs/heap""}"
13627,1767609610,1767609610,1767609611,"{""inverter"": 1, ""source"": ""workstation2_log"", ""device"": ""workstation2"", ""task_type"": ""compilation, CPU load"", ""cpu_cores_active"": ""10"", ""library"": ""boost/nowide"", ""task_files"": 25, ""llm_estimated_task_effort"": ""low"", ""textual_description"": ""The testsuite for boost/nowide is being compiled and run."", ""command"": ""b2 --j 10 test"", ""directory"": "".../boost/libs/nowide""}"
13628,1767609931,1767609931,1767610262,"{""inverter"": 1, ""source"": ""workstation1_log"", ""device"": ""workstation1"", ""task_type"": ""compilation, CPU load"", ""cpu_cores_active"": ""2"", ""library"": ""boost/contract"", ""task_files"": 268, ""llm_estimated_task_effort"": ""medium"", ""textual_description"": ""The testsuite for boost/contract is being compiled and run."", ""command"": ""b2 --j 2 test"", ""directory"": "".../boost/libs/contract""}"
13405,1767610322,1767610322,1767610664,"{""inverter"": 1, ""source"": ""workstation2_log"", ""device"": ""workstation2"", ""task_type"": ""CNN fitting, GPU load"", ""model"": ""vgg11"", ""optim"": ""adam"", ""dataset"": ""CIFAR10"", ""batch_size"": 128, ""epochs"": 2, ""model_params"": 132863336, ""llm_estimated_task_effort"": ""low"", ""textual_description"": ""The model vgg11 is fitted on CIFAR10 using adam for 2 epochs with bs=128.""}"
13629,1767610904,1767610904,1767610998,"{""inverter"": 1, ""source"": ""workstation1_log"", ""device"": ""workstation1"", ""task_type"": ""compilation, CPU load"", ""cpu_cores_active"": ""10"", ""library"": ""boost/safe_numerics"", ""task_files"": 152, ""llm_estimated_task_effort"": ""low"", ""textual_description"": ""The testsuite for boost/safe_numerics is being compiled and run."", ""command"": ""b2 --j 10 test"", ""directory"": "".../boost/libs/safe_numerics""}"
13630,1767611049,1767611049,1767611236,"{""inverter"": 1, ""source"": ""workstation1_log"", ""device"": ""workstation1"", ""task_type"": ""compilation, CPU load"", ""cpu_cores_active"": ""6"", ""library"": ""boost/serialization"", ""task_files"": 150, ""llm_estimated_task_effort"": ""high"", ""textual_description"": ""The testsuite for boost/serialization is being compiled and run."", ""command"": ""b2 --j 6 test"", ""directory"": "".../boost/libs/serialization""}"
13631,1767611395,1767611395,1767611463,"{""inverter"": 1, ""source"": ""workstation1_log"", ""device"": ""workstation1"", ""task_type"": ""compilation, CPU load"", ""cpu_cores_active"": ""1"", ""library"": ""boost/mpi"", ""task_files"": 75, ""llm_estimated_task_effort"": ""high"", ""textual_description"": ""The testsuite for boost/mpi is being compiled and run."", ""command"": ""b2 --j 1 test"", ""directory"": "".../boost/libs/mpi""}"
13406,1767611914,1767611914,1767612653,"{""inverter"": 1, ""source"": ""workstation2_log"", ""device"": ""workstation2"", ""task_type"": ""CNN fitting, GPU load"", ""model"": ""densenet121"", ""optim"": ""sgd"", ""dataset"": ""CIFAR10"", ""batch_size"": 128, ""epochs"": 2, ""model_params"": 7978856, ""llm_estimated_task_effort"": ""medium"", ""textual_description"": ""The model densenet121 is fitted on CIFAR10 using sgd for 2 epochs with bs=128.""}"
13632,1767611926,1767611926,1767612027,"{""inverter"": 1, ""source"": ""workstation1_log"", ""device"": ""workstation1"", ""task_type"": ""compilation, CPU load"", ""cpu_cores_active"": ""9"", ""library"": ""boost/url"", ""task_files"": 105, ""llm_estimated_task_effort"": ""low"", ""textual_description"": ""The testsuite for boost/url is being compiled and run."", ""command"": ""b2 --j 9 test"", ""directory"": "".../boost/libs/url""}"
13633,1767612129,1767612129,1767612209,"{""inverter"": 1, ""source"": ""workstation1_log"", ""device"": ""workstation1"", ""task_type"": ""compilation, CPU load"", ""cpu_cores_active"": ""10"", ""library"": ""boost/variant"", ""task_files"": 37, ""llm_estimated_task_effort"": ""low"", ""textual_description"": ""The testsuite for boost/variant is being compiled and run."", ""command"": ""b2 --j 10 test"", ""directory"": "".../boost/libs/variant""}"
13634,1767612132,1767612132,1767612132,"{""inverter"": 1, ""source"": ""workstation2_log"", ""device"": ""workstation2"", ""task_type"": ""compilation, CPU load"", ""cpu_cores_active"": ""4"", ""library"": ""boost/smart_ptr"", ""task_files"": 292, ""llm_estimated_task_effort"": ""low"", ""textual_description"": ""The testsuite for boost/smart_ptr is being compiled and run."", ""command"": ""b2 --j 4 test"", ""directory"": "".../boost/libs/smart_ptr""}"
13635,1767612257,1767612257,1767612354,"{""inverter"": 1, ""source"": ""workstation1_log"", ""device"": ""workstation1"", ""task_type"": ""compilation, CPU load"", ""cpu_cores_active"": ""8"", ""library"": ""boost/safe_numerics"", ""task_files"": 152, ""llm_estimated_task_effort"": ""low"", ""textual_description"": ""The testsuite for boost/safe_numerics is being compiled and run."", ""command"": ""b2 --j 8 test"", ""directory"": "".../boost/libs/safe_numerics""}"
13636,1767612497,1767612497,1767612582,"{""inverter"": 1, ""source"": ""workstation1_log"", ""device"": ""workstation1"", ""task_type"": ""compilation, CPU load"", ""cpu_cores_active"": ""7"", ""library"": ""boost/process"", ""task_files"": 76, ""llm_estimated_task_effort"": ""medium"", ""textual_description"": ""The testsuite for boost/process is being compiled and run."", ""command"": ""b2 --j 7 test"", ""directory"": "".../boost/libs/process""}"
13637,1767612721,1767612721,1767612721,"{""inverter"": 1, ""source"": ""workstation2_log"", ""device"": ""workstation2"", ""task_type"": ""compilation, CPU load"", ""cpu_cores_active"": ""8"", ""library"": ""boost/json"", ""task_files"": 417, ""llm_estimated_task_effort"": ""high"", ""textual_description"": ""The testsuite for boost/json is being compiled and run."", ""command"": ""b2 --j 8 test"", ""directory"": "".../boost/libs/json""}"
13407,1767612823,1767612823,1767613663,"{""inverter"": 1, ""source"": ""workstation2_log"", ""device"": ""workstation2"", ""task_type"": ""CNN fitting, GPU load"", ""model"": ""densenet121"", ""optim"": ""adam"", ""dataset"": ""CIFAR10"", ""batch_size"": 128, ""epochs"": 2, ""model_params"": 7978856, ""llm_estimated_task_effort"": ""medium"", ""textual_description"": ""The model densenet121 is fitted on CIFAR10 using adam for 2 epochs with bs=128.""}"
13638,1767612835,1767612835,1767612837,"{""inverter"": 1, ""source"": ""workstation2_log"", ""device"": ""workstation2"", ""task_type"": ""compilation, CPU load"", ""cpu_cores_active"": ""1"", ""library"": ""boost/phoenix"", ""task_files"": 266, ""llm_estimated_task_effort"": ""low"", ""textual_description"": ""The testsuite for boost/phoenix is being compiled and run."", ""command"": ""b2 --j 1 test"", ""directory"": "".../boost/libs/phoenix""}"
13639,1767612906,1767612906,1767612988,"{""inverter"": 1, ""source"": ""workstation1_log"", ""device"": ""workstation1"", ""task_type"": ""compilation, CPU load"", ""cpu_cores_active"": ""4"", ""library"": ""boost/parameter_python"", ""task_files"": 3, ""llm_estimated_task_effort"": ""low"", ""textual_description"": ""The testsuite for boost/parameter_python is being compiled and run."", ""command"": ""b2 --j 4 test"", ""directory"": "".../boost/libs/parameter_python""}"
13640,1767613119,1767613119,1767613120,"{""inverter"": 1, ""source"": ""workstation2_log"", ""device"": ""workstation2"", ""task_type"": ""compilation, CPU load"", ""cpu_cores_active"": ""1"", ""library"": ""boost/python"", ""task_files"": 188, ""llm_estimated_task_effort"": ""high"", ""textual_description"": ""The testsuite for boost/python is being compiled and run."", ""command"": ""b2 --j 1 test"", ""directory"": "".../boost/libs/python""}"
13641,1767613557,1767613557,1767613624,"{""inverter"": 1, ""source"": ""workstation1_log"", ""device"": ""workstation1"", ""task_type"": ""compilation, CPU load"", ""cpu_cores_active"": ""3"", ""library"": ""boost/redis"", ""task_files"": 45, ""llm_estimated_task_effort"": ""medium"", ""textual_description"": ""The testsuite for boost/redis is being compiled and run."", ""command"": ""b2 --j 3 test"", ""directory"": "".../boost/libs/redis""}"
13642,1767613824,1767613824,1767613902,"{""inverter"": 1, ""source"": ""workstation1_log"", ""device"": ""workstation1"", ""task_type"": ""compilation, CPU load"", ""cpu_cores_active"": ""6"", ""library"": ""boost/endian"", ""task_files"": 61, ""llm_estimated_task_effort"": ""low"", ""textual_description"": ""The testsuite for boost/endian is being compiled and run."", ""command"": ""b2 --j 6 test"", ""directory"": "".../boost/libs/endian""}"
13408,1767614049,1767614049,1767614392,"{""inverter"": 1, ""source"": ""workstation2_log"", ""device"": ""workstation2"", ""task_type"": ""CNN fitting, GPU load"", ""model"": ""vgg11"", ""optim"": ""adam"", ""dataset"": ""CIFAR10"", ""batch_size"": 128, ""epochs"": 2, ""model_params"": 132863336, ""llm_estimated_task_effort"": ""low"", ""textual_description"": ""The model vgg11 is fitted on CIFAR10 using adam for 2 epochs with bs=128.""}"
13409,1767614395,1767614395,1767614725,"{""inverter"": 1, ""source"": ""workstation2_log"", ""device"": ""workstation2"", ""task_type"": ""CNN fitting, GPU load"", ""model"": ""vgg13"", ""optim"": ""sgd"", ""dataset"": ""CIFAR10"", ""batch_size"": 128, ""epochs"": 2, ""model_params"": 133047848, ""llm_estimated_task_effort"": ""medium"", ""textual_description"": ""The model vgg13 is fitted on CIFAR10 using sgd for 2 epochs with bs=128.""}"
13643,1767614820,1767614820,1767614820,"{""inverter"": 1, ""source"": ""workstation2_log"", ""device"": ""workstation2"", ""task_type"": ""compilation, CPU load"", ""cpu_cores_active"": ""5"", ""library"": ""boost/typeof"", ""task_files"": 33, ""llm_estimated_task_effort"": ""low"", ""textual_description"": ""The testsuite for boost/typeof is being compiled and run."", ""command"": ""b2 --j 5 test"", ""directory"": "".../boost/libs/typeof""}"
13644,1767614995,1767614995,1767614996,"{""inverter"": 1, ""source"": ""workstation2_log"", ""device"": ""workstation2"", ""task_type"": ""compilation, CPU load"", ""cpu_cores_active"": ""4"", ""library"": ""boost/core"", ""task_files"": 278, ""llm_estimated_task_effort"": ""low"", ""textual_description"": ""The testsuite for boost/core is being compiled and run."", ""command"": ""b2 --j 4 test"", ""directory"": "".../boost/libs/core""}"
13645,1767615061,1767615061,1767615061,"{""inverter"": 1, ""source"": ""workstation2_log"", ""device"": ""workstation2"", ""task_type"": ""compilation, CPU load"", ""cpu_cores_active"": ""7"", ""library"": ""boost/timer"", ""task_files"": 17, ""llm_estimated_task_effort"": ""low"", ""textual_description"": ""The testsuite for boost/timer is being compiled and run."", ""command"": ""b2 --j 7 test"", ""directory"": "".../boost/libs/timer""}"
13646,1767615164,1767615164,1767615292,"{""inverter"": 1, ""source"": ""workstation1_log"", ""device"": ""workstation1"", ""task_type"": ""compilation, CPU load"", ""cpu_cores_active"": ""5"", ""library"": ""boost/vmd"", ""task_files"": 336, ""llm_estimated_task_effort"": ""low"", ""textual_description"": ""The testsuite for boost/vmd is being compiled and run."", ""command"": ""b2 --j 5 test"", ""directory"": "".../boost/libs/vmd""}"
13647,1767615603,1767615603,1767615604,"{""inverter"": 1, ""source"": ""workstation2_log"", ""device"": ""workstation2"", ""task_type"": ""compilation, CPU load"", ""cpu_cores_active"": ""2"", ""library"": ""boost/math"", ""task_files"": 2611, ""llm_estimated_task_effort"": ""high"", ""textual_description"": ""The testsuite for boost/math is being compiled and run."", ""command"": ""b2 --j 2 test"", ""directory"": "".../boost/libs/math""}"
13648,1767615793,1767615793,1767615862,"{""inverter"": 1, ""source"": ""workstation1_log"", ""device"": ""workstation1"", ""task_type"": ""compilation, CPU load"", ""cpu_cores_active"": ""1"", ""library"": ""boost/logic"", ""task_files"": 13, ""llm_estimated_task_effort"": ""low"", ""textual_description"": ""The testsuite for boost/logic is being compiled and run."", ""command"": ""b2 --j 1 test"", ""directory"": "".../boost/libs/logic""}"
13649,1767615963,1767615963,1767616060,"{""inverter"": 1, ""source"": ""workstation1_log"", ""device"": ""workstation1"", ""task_type"": ""compilation, CPU load"", ""cpu_cores_active"": ""8"", ""library"": ""boost/msm"", ""task_files"": 57, ""llm_estimated_task_effort"": ""high"", ""textual_description"": ""The testsuite for boost/msm is being compiled and run."", ""command"": ""b2 --j 8 test"", ""directory"": "".../boost/libs/msm""}"
13650,1767616078,1767616078,1767616078,"{""inverter"": 1, ""source"": ""workstation2_log"", ""device"": ""workstation2"", ""task_type"": ""compilation, CPU load"", ""cpu_cores_active"": ""3"", ""library"": ""boost/test"", ""task_files"": 112, ""llm_estimated_task_effort"": ""low"", ""textual_description"": ""The testsuite for boost/test is being compiled and run."", ""command"": ""b2 --j 3 test"", ""directory"": "".../boost/libs/test""}"
13410,1767616382,1767616382,1767616727,"{""inverter"": 1, ""source"": ""workstation2_log"", ""device"": ""workstation2"", ""task_type"": ""CNN fitting, GPU load"", ""model"": ""vgg13"", ""optim"": ""adam"", ""dataset"": ""CIFAR10"", ""batch_size"": 128, ""epochs"": 2, ""model_params"": 133047848, ""llm_estimated_task_effort"": ""medium"", ""textual_description"": ""The model vgg13 is fitted on CIFAR10 using adam for 2 epochs with bs=128.""}"
13651,1767616388,1767616388,1767616451,"{""inverter"": 1, ""source"": ""workstation1_log"", ""device"": ""workstation1"", ""task_type"": ""compilation, CPU load"", ""cpu_cores_active"": ""9"", ""library"": ""boost/property_map_parallel"", ""task_files"": 0, ""llm_estimated_task_effort"": ""low"", ""textual_description"": ""The testsuite for boost/property_map_parallel is being compiled and run."", ""command"": ""b2 --j 9 test"", ""directory"": "".../boost/libs/property_map_parallel""}"
13652,1767617180,1767617180,1767617300,"{""inverter"": 1, ""source"": ""workstation1_log"", ""device"": ""workstation1"", ""task_type"": ""compilation, CPU load"", ""cpu_cores_active"": ""5"", ""library"": ""boost/msm"", ""task_files"": 57, ""llm_estimated_task_effort"": ""high"", ""textual_description"": ""The testsuite for boost/msm is being compiled and run."", ""command"": ""b2 --j 5 test"", ""directory"": "".../boost/libs/msm""}"
13653,1767617566,1767617566,1767617695,"{""inverter"": 1, ""source"": ""workstation1_log"", ""device"": ""workstation1"", ""task_type"": ""compilation, CPU load"", ""cpu_cores_active"": ""3"", ""library"": ""boost/container"", ""task_files"": 98, ""llm_estimated_task_effort"": ""high"", ""textual_description"": ""The testsuite for boost/container is being compiled and run."", ""command"": ""b2 --j 3 test"", ""directory"": "".../boost/libs/container""}"
13654,1767618249,1767618249,1767618626,"{""inverter"": 1, ""source"": ""workstation1_log"", ""device"": ""workstation1"", ""task_type"": ""compilation, CPU load"", ""cpu_cores_active"": ""1"", ""library"": ""boost/fusion"", ""task_files"": 247, ""llm_estimated_task_effort"": ""low"", ""textual_description"": ""The testsuite for boost/fusion is being compiled and run."", ""command"": ""b2 --j 1 test"", ""directory"": "".../boost/libs/fusion""}"
13655,1767618345,1767618345,1767618346,"{""inverter"": 1, ""source"": ""workstation2_log"", ""device"": ""workstation2"", ""task_type"": ""compilation, CPU load"", ""cpu_cores_active"": ""4"", ""library"": ""boost/unordered"", ""task_files"": 192, ""llm_estimated_task_effort"": ""low"", ""textual_description"": ""The testsuite for boost/unordered is being compiled and run."", ""command"": ""b2 --j 4 test"", ""directory"": "".../boost/libs/unordered""}"
13656,1767618878,1767618878,1767618878,"{""inverter"": 1, ""source"": ""workstation2_log"", ""device"": ""workstation2"", ""task_type"": ""compilation, CPU load"", ""cpu_cores_active"": ""7"", ""library"": ""boost/ptr_container"", ""task_files"": 32, ""llm_estimated_task_effort"": ""medium"", ""textual_description"": ""The testsuite for boost/ptr_container is being compiled and run."", ""command"": ""b2 --j 7 test"", ""directory"": "".../boost/libs/ptr_container""}"
13657,1767619031,1767619031,1767619114,"{""inverter"": 1, ""source"": ""workstation1_log"", ""device"": ""workstation1"", ""task_type"": ""compilation, CPU load"", ""cpu_cores_active"": ""8"", ""library"": ""boost/intrusive"", ""task_files"": 55, ""llm_estimated_task_effort"": ""low"", ""textual_description"": ""The testsuite for boost/intrusive is being compiled and run."", ""command"": ""b2 --j 8 test"", ""directory"": "".../boost/libs/intrusive""}"
13658,1767619043,1767619043,1767619044,"{""inverter"": 1, ""source"": ""workstation2_log"", ""device"": ""workstation2"", ""task_type"": ""compilation, CPU load"", ""cpu_cores_active"": ""10"", ""library"": ""boost/detail"", ""task_files"": 14, ""llm_estimated_task_effort"": ""low"", ""textual_description"": ""The testsuite for boost/detail is being compiled and run."", ""command"": ""b2 --j 10 test"", ""directory"": "".../boost/libs/detail""}"
13411,1767619046,1767619046,1767619383,"{""inverter"": 1, ""source"": ""workstation2_log"", ""device"": ""workstation2"", ""task_type"": ""CNN fitting, GPU load"", ""model"": ""vgg13"", ""optim"": ""sgd"", ""dataset"": ""CIFAR10"", ""batch_size"": 128, ""epochs"": 2, ""model_params"": 133047848, ""llm_estimated_task_effort"": ""medium"", ""textual_description"": ""The model vgg13 is fitted on CIFAR10 using sgd for 2 epochs with bs=128.""}"
13659,1767619217,1767619217,1767619219,"{""inverter"": 1, ""source"": ""workstation2_log"", ""device"": ""workstation2"", ""task_type"": ""compilation, CPU load"", ""cpu_cores_active"": ""2"", ""library"": ""boost/msm"", ""task_files"": 57, ""llm_estimated_task_effort"": ""high"", ""textual_description"": ""The testsuite for boost/msm is being compiled and run."", ""command"": ""b2 --j 2 test"", ""directory"": "".../boost/libs/msm""}"
13660,1767619251,1767619251,1767619253,"{""inverter"": 1, ""source"": ""workstation2_log"", ""device"": ""workstation2"", ""task_type"": ""compilation, CPU load"", ""cpu_cores_active"": ""3"", ""library"": ""boost/format"", ""task_files"": 9, ""llm_estimated_task_effort"": ""low"", ""textual_description"": ""The testsuite for boost/format is being compiled and run."", ""command"": ""b2 --j 3 test"", ""directory"": "".../boost/libs/format""}"
13412,1767619781,1767619781,1767620944,"{""inverter"": 1, ""source"": ""workstation2_log"", ""device"": ""workstation2"", ""task_type"": ""CNN fitting, GPU load"", ""model"": ""swin_v2_s"", ""optim"": ""sgd"", ""dataset"": ""CIFAR10"", ""batch_size"": 128, ""epochs"": 2, ""model_params"": 49737442, ""llm_estimated_task_effort"": ""high"", ""textual_description"": ""The model swin_v2_s is fitted on CIFAR10 using sgd for 2 epochs with bs=128.""}"
13661,1767619959,1767619959,1767619961,"{""inverter"": 1, ""source"": ""workstation2_log"", ""device"": ""workstation2"", ""task_type"": ""compilation, CPU load"", ""cpu_cores_active"": ""9"", ""library"": ""boost/charconv"", ""task_files"": 44, ""llm_estimated_task_effort"": ""low"", ""textual_description"": ""The testsuite for boost/charconv is being compiled and run."", ""command"": ""b2 --j 9 test"", ""directory"": "".../boost/libs/charconv""}"
13662,1767620034,1767620034,1767620133,"{""inverter"": 1, ""source"": ""workstation1_log"", ""device"": ""workstation1"", ""task_type"": ""compilation, CPU load"", ""cpu_cores_active"": ""4"", ""library"": ""boost/variant2"", ""task_files"": 76, ""llm_estimated_task_effort"": ""low"", ""textual_description"": ""The testsuite for boost/variant2 is being compiled and run."", ""command"": ""b2 --j 4 test"", ""directory"": "".../boost/libs/variant2""}"
13663,1767620120,1767620120,1767620121,"{""inverter"": 1, ""source"": ""workstation2_log"", ""device"": ""workstation2"", ""task_type"": ""compilation, CPU load"", ""cpu_cores_active"": ""2"", ""library"": ""boost/assert"", ""task_files"": 25, ""llm_estimated_task_effort"": ""low"", ""textual_description"": ""The testsuite for boost/assert is being compiled and run."", ""command"": ""b2 --j 2 test"", ""directory"": "".../boost/libs/assert""}"
13664,1767620375,1767620375,1767620481,"{""inverter"": 1, ""source"": ""workstation1_log"", ""device"": ""workstation1"", ""task_type"": ""compilation, CPU load"", ""cpu_cores_active"": ""2"", ""library"": ""boost/proto"", ""task_files"": 24, ""llm_estimated_task_effort"": ""low"", ""textual_description"": ""The testsuite for boost/proto is being compiled and run."", ""command"": ""b2 --j 2 test"", ""directory"": "".../boost/libs/proto""}"
13665,1767620914,1767620914,1767620915,"{""inverter"": 1, ""source"": ""workstation2_log"", ""device"": ""workstation2"", ""task_type"": ""compilation, CPU load"", ""cpu_cores_active"": ""9"", ""library"": ""boost/locale"", ""task_files"": 48, ""llm_estimated_task_effort"": ""high"", ""textual_description"": ""The testsuite for boost/locale is being compiled and run."", ""command"": ""b2 --j 9 test"", ""directory"": "".../boost/libs/locale""}"
13666,1767621140,1767621140,1767621140,"{""inverter"": 1, ""source"": ""workstation2_log"", ""device"": ""workstation2"", ""task_type"": ""compilation, CPU load"", ""cpu_cores_active"": ""2"", ""library"": ""boost/variant"", ""task_files"": 37, ""llm_estimated_task_effort"": ""low"", ""textual_description"": ""The testsuite for boost/variant is being compiled and run."", ""command"": ""b2 --j 2 test"", ""directory"": "".../boost/libs/variant""}"
13667,1767621178,1767621178,1767621266,"{""inverter"": 1, ""source"": ""workstation1_log"", ""device"": ""workstation1"", ""task_type"": ""compilation, CPU load"", ""cpu_cores_active"": ""9"", ""library"": ""boost/hash2"", ""task_files"": 125, ""llm_estimated_task_effort"": ""low"", ""textual_description"": ""The testsuite for boost/hash2 is being compiled and run."", ""command"": ""b2 --j 9 test"", ""directory"": "".../boost/libs/hash2""}"
13413,1767621417,1767621417,1767622679,"{""inverter"": 1, ""source"": ""workstation2_log"", ""device"": ""workstation2"", ""task_type"": ""CNN fitting, GPU load"", ""model"": ""swin_v2_s"", ""optim"": ""adam"", ""dataset"": ""CIFAR10"", ""batch_size"": 128, ""epochs"": 2, ""model_params"": 49737442, ""llm_estimated_task_effort"": ""high"", ""textual_description"": ""The model swin_v2_s is fitted on CIFAR10 using adam for 2 epochs with bs=128.""}"
13668,1767621579,1767621579,1767621580,"{""inverter"": 1, ""source"": ""workstation2_log"", ""device"": ""workstation2"", ""task_type"": ""compilation, CPU load"", ""cpu_cores_active"": ""5"", ""library"": ""boost/variant2"", ""task_files"": 76, ""llm_estimated_task_effort"": ""low"", ""textual_description"": ""The testsuite for boost/variant2 is being compiled and run."", ""command"": ""b2 --j 5 test"", ""directory"": "".../boost/libs/variant2""}"
13669,1767621614,1767621614,1767621720,"{""inverter"": 1, ""source"": ""workstation1_log"", ""device"": ""workstation1"", ""task_type"": ""compilation, CPU load"", ""cpu_cores_active"": ""8"", ""library"": ""boost/vmd"", ""task_files"": 336, ""llm_estimated_task_effort"": ""low"", ""textual_description"": ""The testsuite for boost/vmd is being compiled and run."", ""command"": ""b2 --j 8 test"", ""directory"": "".../boost/libs/vmd""}"
13670,1767621778,1767621778,1767621892,"{""inverter"": 1, ""source"": ""workstation1_log"", ""device"": ""workstation1"", ""task_type"": ""compilation, CPU load"", ""cpu_cores_active"": ""1"", ""library"": ""boost/pool"", ""task_files"": 22, ""llm_estimated_task_effort"": ""low"", ""textual_description"": ""The testsuite for boost/pool is being compiled and run."", ""command"": ""b2 --j 1 test"", ""directory"": "".../boost/libs/pool""}"
13671,1767622449,1767622449,1767622559,"{""inverter"": 1, ""source"": ""workstation1_log"", ""device"": ""workstation1"", ""task_type"": ""compilation, CPU load"", ""cpu_cores_active"": ""2"", ""library"": ""boost/process"", ""task_files"": 76, ""llm_estimated_task_effort"": ""medium"", ""textual_description"": ""The testsuite for boost/process is being compiled and run."", ""command"": ""b2 --j 2 test"", ""directory"": "".../boost/libs/process""}"
13414,1767622903,1767622903,1767623245,"{""inverter"": 1, ""source"": ""workstation2_log"", ""device"": ""workstation2"", ""task_type"": ""CNN fitting, GPU load"", ""model"": ""vgg13"", ""optim"": ""adam"", ""dataset"": ""CIFAR10"", ""batch_size"": 128, ""epochs"": 2, ""model_params"": 133047848, ""llm_estimated_task_effort"": ""medium"", ""textual_description"": ""The model vgg13 is fitted on CIFAR10 using adam for 2 epochs with bs=128.""}"
13415,1767623401,1767623401,1767623744,"{""inverter"": 1, ""source"": ""workstation2_log"", ""device"": ""workstation2"", ""task_type"": ""CNN fitting, GPU load"", ""model"": ""vgg11"", ""optim"": ""adam"", ""dataset"": ""CIFAR10"", ""batch_size"": 128, ""epochs"": 2, ""model_params"": 132863336, ""llm_estimated_task_effort"": ""low"", ""textual_description"": ""The model vgg11 is fitted on CIFAR10 using adam for 2 epochs with bs=128.""}"
13416,1767623902,1767623902,1767624234,"{""inverter"": 1, ""source"": ""workstation2_log"", ""device"": ""workstation2"", ""task_type"": ""CNN fitting, GPU load"", ""model"": ""vgg11"", ""optim"": ""sgd"", ""dataset"": ""CIFAR10"", ""batch_size"": 128, ""epochs"": 2, ""model_params"": 132863336, ""llm_estimated_task_effort"": ""low"", ""textual_description"": ""The model vgg11 is fitted on CIFAR10 using sgd for 2 epochs with bs=128.""}"
13672,1767624433,1767624433,1767624507,"{""inverter"": 1, ""source"": ""workstation1_log"", ""device"": ""workstation1"", ""task_type"": ""compilation, CPU load"", ""cpu_cores_active"": ""3"", ""library"": ""boost/format"", ""task_files"": 9, ""llm_estimated_task_effort"": ""low"", ""textual_description"": ""The testsuite for boost/format is being compiled and run."", ""command"": ""b2 --j 3 test"", ""directory"": "".../boost/libs/format""}"
13417,1767624590,1767624590,1767625332,"{""inverter"": 1, ""source"": ""workstation2_log"", ""device"": ""workstation2"", ""task_type"": ""CNN fitting, GPU load"", ""model"": ""densenet121"", ""optim"": ""sgd"", ""dataset"": ""CIFAR10"", ""batch_size"": 128, ""epochs"": 2, ""model_params"": 7978856, ""llm_estimated_task_effort"": ""medium"", ""textual_description"": ""The model densenet121 is fitted on CIFAR10 using sgd for 2 epochs with bs=128.""}"
13673,1767624994,1767624994,1767625066,"{""inverter"": 1, ""source"": ""workstation1_log"", ""device"": ""workstation1"", ""task_type"": ""compilation, CPU load"", ""cpu_cores_active"": ""10"", ""library"": ""boost/lambda2"", ""task_files"": 16, ""llm_estimated_task_effort"": ""low"", ""textual_description"": ""The testsuite for boost/lambda2 is being compiled and run."", ""command"": ""b2 --j 10 test"", ""directory"": "".../boost/libs/lambda2""}"
13674,1767625532,1767625532,1767625533,"{""inverter"": 1, ""source"": ""workstation2_log"", ""device"": ""workstation2"", ""task_type"": ""compilation, CPU load"", ""cpu_cores_active"": ""7"", ""library"": ""boost/metaparse"", ""task_files"": 113, ""llm_estimated_task_effort"": ""medium"", ""textual_description"": ""The testsuite for boost/metaparse is being compiled and run."", ""command"": ""b2 --j 7 test"", ""directory"": "".../boost/libs/metaparse""}"
13675,1767626209,1767626209,1767626284,"{""inverter"": 1, ""source"": ""workstation1_log"", ""device"": ""workstation1"", ""task_type"": ""compilation, CPU load"", ""cpu_cores_active"": ""8"", ""library"": ""boost/scope"", ""task_files"": 27, ""llm_estimated_task_effort"": ""low"", ""textual_description"": ""The testsuite for boost/scope is being compiled and run."", ""command"": ""b2 --j 8 test"", ""directory"": "".../boost/libs/scope""}"
13418,1767626436,1767626436,1767627181,"{""inverter"": 1, ""source"": ""workstation2_log"", ""device"": ""workstation2"", ""task_type"": ""CNN fitting, GPU load"", ""model"": ""densenet121"", ""optim"": ""sgd"", ""dataset"": ""CIFAR10"", ""batch_size"": 128, ""epochs"": 2, ""model_params"": 7978856, ""llm_estimated_task_effort"": ""medium"", ""textual_description"": ""The model densenet121 is fitted on CIFAR10 using sgd for 2 epochs with bs=128.""}"
13676,1767626476,1767626476,1767626476,"{""inverter"": 1, ""source"": ""workstation2_log"", ""device"": ""workstation2"", ""task_type"": ""compilation, CPU load"", ""cpu_cores_active"": ""4"", ""library"": ""boost/unordered"", ""task_files"": 192, ""llm_estimated_task_effort"": ""low"", ""textual_description"": ""The testsuite for boost/unordered is being compiled and run."", ""command"": ""b2 --j 4 test"", ""directory"": "".../boost/libs/unordered""}"
13677,1767626552,1767626552,1767626553,"{""inverter"": 1, ""source"": ""workstation2_log"", ""device"": ""workstation2"", ""task_type"": ""compilation, CPU load"", ""cpu_cores_active"": ""6"", ""library"": ""boost/function_types"", ""task_files"": 47, ""llm_estimated_task_effort"": ""low"", ""textual_description"": ""The testsuite for boost/function_types is being compiled and run."", ""command"": ""b2 --j 6 test"", ""directory"": "".../boost/libs/function_types""}"
13419,1767627269,1767627269,1767627653,"{""inverter"": 1, ""source"": ""workstation2_log"", ""device"": ""workstation2"", ""task_type"": ""CNN fitting, GPU load"", ""model"": ""vgg11"", ""optim"": ""sgd"", ""dataset"": ""CIFAR10"", ""batch_size"": 128, ""epochs"": 2, ""model_params"": 132863336, ""llm_estimated_task_effort"": ""low"", ""textual_description"": ""The model vgg11 is fitted on CIFAR10 using sgd for 2 epochs with bs=128.""}"
13678,1767627684,1767627684,1767627755,"{""inverter"": 1, ""source"": ""workstation1_log"", ""device"": ""workstation1"", ""task_type"": ""compilation, CPU load"", ""cpu_cores_active"": ""4"", ""library"": ""boost/concept_check"", ""task_files"": 18, ""llm_estimated_task_effort"": ""low"", ""textual_description"": ""The testsuite for boost/concept_check is being compiled and run."", ""command"": ""b2 --j 4 test"", ""directory"": "".../boost/libs/concept_check""}"
13679,1767627765,1767627765,1767627843,"{""inverter"": 1, ""source"": ""workstation1_log"", ""device"": ""workstation1"", ""task_type"": ""compilation, CPU load"", ""cpu_cores_active"": ""6"", ""library"": ""boost/optional"", ""task_files"": 82, ""llm_estimated_task_effort"": ""low"", ""textual_description"": ""The testsuite for boost/optional is being compiled and run."", ""command"": ""b2 --j 6 test"", ""directory"": "".../boost/libs/optional""}"
13680,1767628145,1767628145,1767628245,"{""inverter"": 1, ""source"": ""workstation1_log"", ""device"": ""workstation1"", ""task_type"": ""compilation, CPU load"", ""cpu_cores_active"": ""1"", ""library"": ""boost/lambda"", ""task_files"": 27, ""llm_estimated_task_effort"": ""low"", ""textual_description"": ""The testsuite for boost/lambda is being compiled and run."", ""command"": ""b2 --j 1 test"", ""directory"": "".../boost/libs/lambda""}"
13420,1767628623,1767628623,1767628636,"{""inverter"": 1, ""source"": ""workstation2_log"", ""device"": ""workstation2"", ""task_type"": ""CNN fitting, GPU load"", ""model"": ""vgg13"", ""optim"": ""sgd"", ""dataset"": ""CIFAR10"", ""batch_size"": 128, ""epochs"": 2, ""model_params"": 133047848, ""llm_estimated_task_effort"": ""medium"", ""textual_description"": ""The model vgg13 is fitted on CIFAR10 using sgd for 2 epochs with bs=128.""}"
13421,1767628686,1767628686,1767629025,"{""inverter"": 1, ""source"": ""workstation2_log"", ""device"": ""workstation2"", ""task_type"": ""CNN fitting, GPU load"", ""model"": ""vgg11"", ""optim"": ""adam"", ""dataset"": ""CIFAR10"", ""batch_size"": 128, ""epochs"": 2, ""model_params"": 132863336, ""llm_estimated_task_effort"": ""low"", ""textual_description"": ""The model vgg11 is fitted on CIFAR10 using adam for 2 epochs with bs=128.""}"
13687,1767628921,1767628921,1767630693,"{""inverter"": 1, ""source"": ""workstation1_log"", ""device"": ""workstation1"", ""task_type"": ""compilation, CPU load"", ""cpu_cores_active"": ""7"", ""library"": ""boost/geometry"", ""task_files"": 665, ""llm_estimated_task_effort"": ""high"", ""textual_description"": ""The testsuite for boost/geometry is being compiled and run."", ""command"": ""b2 --j 7 test"", ""directory"": "".../boost/libs/geometry""}"
13688,1767629223,1767629223,1767629223,"{""inverter"": 1, ""source"": ""workstation2_log"", ""device"": ""workstation2"", ""task_type"": ""compilation, CPU load"", ""cpu_cores_active"": ""6"", ""library"": ""boost/beast"", ""task_files"": 471, ""llm_estimated_task_effort"": ""high"", ""textual_description"": ""The testsuite for boost/beast is being compiled and run."", ""command"": ""b2 --j 6 test"", ""directory"": "".../boost/libs/beast""}"
13689,1767629354,1767629354,1767629354,"{""inverter"": 1, ""source"": ""workstation2_log"", ""device"": ""workstation2"", ""task_type"": ""compilation, CPU load"", ""cpu_cores_active"": ""5"", ""library"": ""boost/static_assert"", ""task_files"": 17, ""llm_estimated_task_effort"": ""low"", ""textual_description"": ""The testsuite for boost/static_assert is being compiled and run."", ""command"": ""b2 --j 5 test"", ""directory"": "".../boost/libs/static_assert""}"
13681,1767629628,1767629628,1767630369,"{""inverter"": 1, ""source"": ""workstation2_log"", ""device"": ""workstation2"", ""task_type"": ""CNN fitting, GPU load"", ""model"": ""densenet121"", ""optim"": ""sgd"", ""dataset"": ""CIFAR10"", ""batch_size"": 128, ""epochs"": 2, ""model_params"": 7978856, ""llm_estimated_task_effort"": ""medium"", ""textual_description"": ""The model densenet121 is fitted on CIFAR10 using sgd for 2 epochs with bs=128.""}"
13690,1767629923,1767629923,1767629924,"{""inverter"": 1, ""source"": ""workstation2_log"", ""device"": ""workstation2"", ""task_type"": ""compilation, CPU load"", ""cpu_cores_active"": ""8"", ""library"": ""boost/foreach"", ""task_files"": 27, ""llm_estimated_task_effort"": ""low"", ""textual_description"": ""The testsuite for boost/foreach is being compiled and run."", ""command"": ""b2 --j 8 test"", ""directory"": "".../boost/libs/foreach""}"
13691,1767630367,1767630367,1767630368,"{""inverter"": 1, ""source"": ""workstation2_log"", ""device"": ""workstation2"", ""task_type"": ""compilation, CPU load"", ""cpu_cores_active"": ""9"", ""library"": ""boost/algorithm"", ""task_files"": 60, ""llm_estimated_task_effort"": ""low"", ""textual_description"": ""The testsuite for boost/algorithm is being compiled and run."", ""command"": ""b2 --j 9 test"", ""directory"": "".../boost/libs/algorithm""}"
13682,1767630729,1767630729,1767631574,"{""inverter"": 1, ""source"": ""workstation2_log"", ""device"": ""workstation2"", ""task_type"": ""CNN fitting, GPU load"", ""model"": ""densenet121"", ""optim"": ""adam"", ""dataset"": ""CIFAR10"", ""batch_size"": 128, ""epochs"": 2, ""model_params"": 7978856, ""llm_estimated_task_effort"": ""medium"", ""textual_description"": ""The model densenet121 is fitted on CIFAR10 using adam for 2 epochs with bs=128.""}"
13692,1767630987,1767630987,1767630988,"{""inverter"": 1, ""source"": ""workstation2_log"", ""device"": ""workstation2"", ""task_type"": ""compilation, CPU load"", ""cpu_cores_active"": ""9"", ""library"": ""boost/timer"", ""task_files"": 17, ""llm_estimated_task_effort"": ""low"", ""textual_description"": ""The testsuite for boost/timer is being compiled and run."", ""command"": ""b2 --j 9 test"", ""directory"": "".../boost/libs/timer""}"
13693,1767631168,1767631168,1767631244,"{""inverter"": 1, ""source"": ""workstation1_log"", ""device"": ""workstation1"", ""task_type"": ""compilation, CPU load"", ""cpu_cores_active"": ""8"", ""library"": ""boost/ratio"", ""task_files"": 34, ""llm_estimated_task_effort"": ""low"", ""textual_description"": ""The testsuite for boost/ratio is being compiled and run."", ""command"": ""b2 --j 8 test"", ""directory"": "".../boost/libs/ratio""}"
13683,1767631601,1767631601,1767631975,"{""inverter"": 1, ""source"": ""workstation2_log"", ""device"": ""workstation2"", ""task_type"": ""CNN fitting, GPU load"", ""model"": ""resnet18"", ""optim"": ""adam"", ""dataset"": ""CIFAR10"", ""batch_size"": 128, ""epochs"": 2, ""model_params"": 11689512, ""llm_estimated_task_effort"": ""low"", ""textual_description"": ""The model resnet18 is fitted on CIFAR10 using adam for 2 epochs with bs=128.""}"
13694,1767631777,1767631777,1767631778,"{""inverter"": 1, ""source"": ""workstation2_log"", ""device"": ""workstation2"", ""task_type"": ""compilation, CPU load"", ""cpu_cores_active"": ""8"", ""library"": ""boost/scope"", ""task_files"": 27, ""llm_estimated_task_effort"": ""low"", ""textual_description"": ""The testsuite for boost/scope is being compiled and run."", ""command"": ""b2 --j 8 test"", ""directory"": "".../boost/libs/scope""}"
13695,1767631944,1767631944,1767632014,"{""inverter"": 1, ""source"": ""workstation1_log"", ""device"": ""workstation1"", ""task_type"": ""compilation, CPU load"", ""cpu_cores_active"": ""5"", ""library"": ""boost/stl_interfaces"", ""task_files"": 18, ""llm_estimated_task_effort"": ""low"", ""textual_description"": ""The testsuite for boost/stl_interfaces is being compiled and run."", ""command"": ""b2 --j 5 test"", ""directory"": "".../boost/libs/stl_interfaces""}"
13684,1767632085,1767632085,1767632424,"{""inverter"": 1, ""source"": ""workstation2_log"", ""device"": ""workstation2"", ""task_type"": ""CNN fitting, GPU load"", ""model"": ""vgg11"", ""optim"": ""adam"", ""dataset"": ""CIFAR10"", ""batch_size"": 128, ""epochs"": 2, ""model_params"": 132863336, ""llm_estimated_task_effort"": ""low"", ""textual_description"": ""The model vgg11 is fitted on CIFAR10 using adam for 2 epochs with bs=128.""}"
13685,1767633378,1767633378,1767633710,"{""inverter"": 1, ""source"": ""workstation2_log"", ""device"": ""workstation2"", ""task_type"": ""CNN fitting, GPU load"", ""model"": ""vgg11"", ""optim"": ""sgd"", ""dataset"": ""CIFAR10"", ""batch_size"": 128, ""epochs"": 2, ""model_params"": 132863336, ""llm_estimated_task_effort"": ""low"", ""textual_description"": ""The model vgg11 is fitted on CIFAR10 using sgd for 2 epochs with bs=128.""}"
13686,1767633997,1767633997,1767634156,"{""inverter"": 1, ""source"": ""workstation2_log"", ""device"": ""workstation2"", ""task_type"": ""CNN fitting, GPU load"", ""model"": ""wide_resnet50_2"", ""optim"": ""sgd"", ""dataset"": ""CIFAR10"", ""batch_size"": 128, ""epochs"": 2, ""model_params"": 68883240, ""llm_estimated_task_effort"": ""high"", ""textual_description"": ""The model wide_resnet50_2 is fitted on CIFAR10 using sgd for 2 epochs with bs=128.""}"
13696,1767634039,1767634039,1767634160,"{""inverter"": 1, ""source"": ""workstation1_log"", ""device"": ""workstation1"", ""task_type"": ""compilation, CPU load"", ""cpu_cores_active"": ""7"", ""library"": ""boost/phoenix"", ""task_files"": 266, ""llm_estimated_task_effort"": ""low"", ""textual_description"": ""The testsuite for boost/phoenix is being compiled and run."", ""command"": ""b2 --j 7 test"", ""directory"": "".../boost/libs/phoenix""}"
13697,1767635682,1767635682,1767635793,"{""inverter"": 1, ""source"": ""workstation1_log"", ""device"": ""workstation1"", ""task_type"": ""compilation, CPU load"", ""cpu_cores_active"": ""8"", ""library"": ""boost/phoenix"", ""task_files"": 266, ""llm_estimated_task_effort"": ""low"", ""textual_description"": ""The testsuite for boost/phoenix is being compiled and run."", ""command"": ""b2 --j 8 test"", ""directory"": "".../boost/libs/phoenix""}"
13698,1767636041,1767636041,1767636116,"{""inverter"": 1, ""source"": ""workstation1_log"", ""device"": ""workstation1"", ""task_type"": ""compilation, CPU load"", ""cpu_cores_active"": ""9"", ""library"": ""boost/static_string"", ""task_files"": 5, ""llm_estimated_task_effort"": ""low"", ""textual_description"": ""The testsuite for boost/static_string is being compiled and run."", ""command"": ""b2 --j 9 test"", ""directory"": "".../boost/libs/static_string""}"
13699,1767636884,1767636884,1767636960,"{""inverter"": 1, ""source"": ""workstation1_log"", ""device"": ""workstation1"", ""task_type"": ""compilation, CPU load"", ""cpu_cores_active"": ""9"", ""library"": ""boost/yap"", ""task_files"": 4, ""llm_estimated_task_effort"": ""low"", ""textual_description"": ""The testsuite for boost/yap is being compiled and run."", ""command"": ""b2 --j 9 test"", ""directory"": "".../boost/libs/yap""}"
13700,1767637147,1767637147,1767637254,"{""inverter"": 1, ""source"": ""workstation1_log"", ""device"": ""workstation1"", ""task_type"": ""compilation, CPU load"", ""cpu_cores_active"": ""7"", ""library"": ""boost/accumulators"", ""task_files"": 52, ""llm_estimated_task_effort"": ""medium"", ""textual_description"": ""The testsuite for boost/accumulators is being compiled and run."", ""command"": ""b2 --j 7 test"", ""directory"": "".../boost/libs/accumulators""}"
13701,1767637860,1767637860,1767637933,"{""inverter"": 1, ""source"": ""workstation1_log"", ""device"": ""workstation1"", ""task_type"": ""compilation, CPU load"", ""cpu_cores_active"": ""9"", ""library"": ""boost/callable_traits"", ""task_files"": 52, ""llm_estimated_task_effort"": ""low"", ""textual_description"": ""The testsuite for boost/callable_traits is being compiled and run."", ""command"": ""b2 --j 9 test"", ""directory"": "".../boost/libs/callable_traits""}"
13702,1767638066,1767638066,1767638144,"{""inverter"": 1, ""source"": ""workstation1_log"", ""device"": ""workstation1"", ""task_type"": ""compilation, CPU load"", ""cpu_cores_active"": ""9"", ""library"": ""boost/program_options"", ""task_files"": 26, ""llm_estimated_task_effort"": ""high"", ""textual_description"": ""The testsuite for boost/program_options is being compiled and run."", ""command"": ""b2 --j 9 test"", ""directory"": "".../boost/libs/program_options""}"
13703,1767638821,1767638821,1767638906,"{""inverter"": 1, ""source"": ""workstation1_log"", ""device"": ""workstation1"", ""task_type"": ""compilation, CPU load"", ""cpu_cores_active"": ""3"", ""library"": ""boost/iterator"", ""task_files"": 55, ""llm_estimated_task_effort"": ""low"", ""textual_description"": ""The testsuite for boost/iterator is being compiled and run."", ""command"": ""b2 --j 3 test"", ""directory"": "".../boost/libs/iterator""}"
13704,1767640225,1767640225,1767640299,"{""inverter"": 1, ""source"": ""workstation1_log"", ""device"": ""workstation1"", ""task_type"": ""compilation, CPU load"", ""cpu_cores_active"": ""9"", ""library"": ""boost/iterator"", ""task_files"": 55, ""llm_estimated_task_effort"": ""low"", ""textual_description"": ""The testsuite for boost/iterator is being compiled and run."", ""command"": ""b2 --j 9 test"", ""directory"": "".../boost/libs/iterator""}"
13705,1767642266,1767642266,1767642331,"{""inverter"": 1, ""source"": ""workstation1_log"", ""device"": ""workstation1"", ""task_type"": ""compilation, CPU load"", ""cpu_cores_active"": ""5"", ""library"": ""boost/mpi"", ""task_files"": 75, ""llm_estimated_task_effort"": ""high"", ""textual_description"": ""The testsuite for boost/mpi is being compiled and run."", ""command"": ""b2 --j 5 test"", ""directory"": "".../boost/libs/mpi""}"
13706,1767642562,1767642562,1767642718,"{""inverter"": 1, ""source"": ""workstation1_log"", ""device"": ""workstation1"", ""task_type"": ""compilation, CPU load"", ""cpu_cores_active"": ""1"", ""library"": ""boost/describe"", ""task_files"": 53, ""llm_estimated_task_effort"": ""low"", ""textual_description"": ""The testsuite for boost/describe is being compiled and run."", ""command"": ""b2 --j 1 test"", ""directory"": "".../boost/libs/describe""}"
13707,1767642787,1767642787,1767643003,"{""inverter"": 1, ""source"": ""workstation1_log"", ""device"": ""workstation1"", ""task_type"": ""compilation, CPU load"", ""cpu_cores_active"": ""8"", ""library"": ""boost/test"", ""task_files"": 112, ""llm_estimated_task_effort"": ""low"", ""textual_description"": ""The testsuite for boost/test is being compiled and run."", ""command"": ""b2 --j 8 test"", ""directory"": "".../boost/libs/test""}"
13708,1767643265,1767643265,1767643342,"{""inverter"": 1, ""source"": ""workstation1_log"", ""device"": ""workstation1"", ""task_type"": ""compilation, CPU load"", ""cpu_cores_active"": ""7"", ""library"": ""boost/function_types"", ""task_files"": 47, ""llm_estimated_task_effort"": ""low"", ""textual_description"": ""The testsuite for boost/function_types is being compiled and run."", ""command"": ""b2 --j 7 test"", ""directory"": "".../boost/libs/function_types""}"
13709,1767643417,1767643417,1767643563,"{""inverter"": 1, ""source"": ""workstation1_log"", ""device"": ""workstation1"", ""task_type"": ""compilation, CPU load"", ""cpu_cores_active"": ""8"", ""library"": ""boost/serialization"", ""task_files"": 150, ""llm_estimated_task_effort"": ""high"", ""textual_description"": ""The testsuite for boost/serialization is being compiled and run."", ""command"": ""b2 --j 8 test"", ""directory"": "".../boost/libs/serialization""}"
13710,1767644033,1767644033,1767644100,"{""inverter"": 1, ""source"": ""workstation1_log"", ""device"": ""workstation1"", ""task_type"": ""compilation, CPU load"", ""cpu_cores_active"": ""7"", ""library"": ""boost/compute"", ""task_files"": 168, ""llm_estimated_task_effort"": ""high"", ""textual_description"": ""The testsuite for boost/compute is being compiled and run."", ""command"": ""b2 --j 7 test"", ""directory"": "".../boost/libs/compute""}"
13711,1767644250,1767644250,1767644402,"{""inverter"": 1, ""source"": ""workstation1_log"", ""device"": ""workstation1"", ""task_type"": ""compilation, CPU load"", ""cpu_cores_active"": ""3"", ""library"": ""boost/core"", ""task_files"": 278, ""llm_estimated_task_effort"": ""low"", ""textual_description"": ""The testsuite for boost/core is being compiled and run."", ""command"": ""b2 --j 3 test"", ""directory"": "".../boost/libs/core""}"
13712,1767645059,1767645059,1767645137,"{""inverter"": 1, ""source"": ""workstation1_log"", ""device"": ""workstation1"", ""task_type"": ""compilation, CPU load"", ""cpu_cores_active"": ""9"", ""library"": ""boost/coroutine2"", ""task_files"": 2, ""llm_estimated_task_effort"": ""high"", ""textual_description"": ""The testsuite for boost/coroutine2 is being compiled and run."", ""command"": ""b2 --j 9 test"", ""directory"": "".../boost/libs/coroutine2""}"
13713,1767645167,1767645167,1767645253,"{""inverter"": 1, ""source"": ""workstation1_log"", ""device"": ""workstation1"", ""task_type"": ""compilation, CPU load"", ""cpu_cores_active"": ""4"", ""library"": ""boost/hof"", ""task_files"": 63, ""llm_estimated_task_effort"": ""low"", ""textual_description"": ""The testsuite for boost/hof is being compiled and run."", ""command"": ""b2 --j 4 test"", ""directory"": "".../boost/libs/hof""}"
13714,1767646733,1767646733,1767646857,"{""inverter"": 1, ""source"": ""workstation1_log"", ""device"": ""workstation1"", ""task_type"": ""compilation, CPU load"", ""cpu_cores_active"": ""7"", ""library"": ""boost/phoenix"", ""task_files"": 266, ""llm_estimated_task_effort"": ""low"", ""textual_description"": ""The testsuite for boost/phoenix is being compiled and run."", ""command"": ""b2 --j 7 test"", ""directory"": "".../boost/libs/phoenix""}"
13715,1767647388,1767647388,1767647475,"{""inverter"": 1, ""source"": ""workstation1_log"", ""device"": ""workstation1"", ""task_type"": ""compilation, CPU load"", ""cpu_cores_active"": ""3"", ""library"": ""boost/dynamic_bitset"", ""task_files"": 13, ""llm_estimated_task_effort"": ""low"", ""textual_description"": ""The testsuite for boost/dynamic_bitset is being compiled and run."", ""command"": ""b2 --j 3 test"", ""directory"": "".../boost/libs/dynamic_bitset""}"
13716,1767648553,1767648553,1767648639,"{""inverter"": 1, ""source"": ""workstation1_log"", ""device"": ""workstation1"", ""task_type"": ""compilation, CPU load"", ""cpu_cores_active"": ""9"", ""library"": ""boost/atomic"", ""task_files"": 30, ""llm_estimated_task_effort"": ""low"", ""textual_description"": ""The testsuite for boost/atomic is being compiled and run."", ""command"": ""b2 --j 9 test"", ""directory"": "".../boost/libs/atomic""}"
13717,1767648850,1767648850,1767648969,"{""inverter"": 1, ""source"": ""workstation1_log"", ""device"": ""workstation1"", ""task_type"": ""compilation, CPU load"", ""cpu_cores_active"": ""1"", ""library"": ""boost/parameter_python"", ""task_files"": 3, ""llm_estimated_task_effort"": ""low"", ""textual_description"": ""The testsuite for boost/parameter_python is being compiled and run."", ""command"": ""b2 --j 1 test"", ""directory"": "".../boost/libs/parameter_python""}"
13718,1767649122,1767649122,1767649205,"{""inverter"": 1, ""source"": ""workstation1_log"", ""device"": ""workstation1"", ""task_type"": ""compilation, CPU load"", ""cpu_cores_active"": ""4"", ""library"": ""boost/move"", ""task_files"": 34, ""llm_estimated_task_effort"": ""low"", ""textual_description"": ""The testsuite for boost/move is being compiled and run."", ""command"": ""b2 --j 4 test"", ""directory"": "".../boost/libs/move""}"
13719,1767649224,1767649224,1767651053,"{""inverter"": 1, ""source"": ""workstation1_log"", ""device"": ""workstation1"", ""task_type"": ""compilation, CPU load"", ""cpu_cores_active"": ""3"", ""library"": ""boost/math"", ""task_files"": 2611, ""llm_estimated_task_effort"": ""high"", ""textual_description"": ""The testsuite for boost/math is being compiled and run."", ""command"": ""b2 --j 3 test"", ""directory"": "".../boost/libs/math""}"
13720,1767651221,1767651221,1767651310,"{""inverter"": 1, ""source"": ""workstation1_log"", ""device"": ""workstation1"", ""task_type"": ""compilation, CPU load"", ""cpu_cores_active"": ""6"", ""library"": ""boost/container_hash"", ""task_files"": 90, ""llm_estimated_task_effort"": ""low"", ""textual_description"": ""The testsuite for boost/container_hash is being compiled and run."", ""command"": ""b2 --j 6 test"", ""directory"": "".../boost/libs/container_hash""}"
13721,1767651313,1767651313,1767651385,"{""inverter"": 1, ""source"": ""workstation1_log"", ""device"": ""workstation1"", ""task_type"": ""compilation, CPU load"", ""cpu_cores_active"": ""3"", ""library"": ""boost/scope"", ""task_files"": 27, ""llm_estimated_task_effort"": ""low"", ""textual_description"": ""The testsuite for boost/scope is being compiled and run."", ""command"": ""b2 --j 3 test"", ""directory"": "".../boost/libs/scope""}"
13722,1767651451,1767651451,1767651533,"{""inverter"": 1, ""source"": ""workstation1_log"", ""device"": ""workstation1"", ""task_type"": ""compilation, CPU load"", ""cpu_cores_active"": ""5"", ""library"": ""boost/coroutine2"", ""task_files"": 2, ""llm_estimated_task_effort"": ""high"", ""textual_description"": ""The testsuite for boost/coroutine2 is being compiled and run."", ""command"": ""b2 --j 5 test"", ""directory"": "".../boost/libs/coroutine2""}"
13723,1767652014,1767652014,1767652091,"{""inverter"": 1, ""source"": ""workstation1_log"", ""device"": ""workstation1"", ""task_type"": ""compilation, CPU load"", ""cpu_cores_active"": ""8"", ""library"": ""boost/local_function"", ""task_files"": 86, ""llm_estimated_task_effort"": ""low"", ""textual_description"": ""The testsuite for boost/local_function is being compiled and run."", ""command"": ""b2 --j 8 test"", ""directory"": "".../boost/libs/local_function""}"
13724,1767652104,1767652104,1767652173,"{""inverter"": 1, ""source"": ""workstation1_log"", ""device"": ""workstation1"", ""task_type"": ""compilation, CPU load"", ""cpu_cores_active"": ""8"", ""library"": ""boost/stl_interfaces"", ""task_files"": 18, ""llm_estimated_task_effort"": ""low"", ""textual_description"": ""The testsuite for boost/stl_interfaces is being compiled and run."", ""command"": ""b2 --j 8 test"", ""directory"": "".../boost/libs/stl_interfaces""}"
13725,1767652376,1767652376,1767652486,"{""inverter"": 1, ""source"": ""workstation1_log"", ""device"": ""workstation1"", ""task_type"": ""compilation, CPU load"", ""cpu_cores_active"": ""8"", ""library"": ""boost/regex"", ""task_files"": 106, ""llm_estimated_task_effort"": ""high"", ""textual_description"": ""The testsuite for boost/regex is being compiled and run."", ""command"": ""b2 --j 8 test"", ""directory"": "".../boost/libs/regex""}"
13726,1767652964,1767652964,1767653031,"{""inverter"": 1, ""source"": ""workstation1_log"", ""device"": ""workstation1"", ""task_type"": ""compilation, CPU load"", ""cpu_cores_active"": ""5"", ""library"": ""boost/foreach"", ""task_files"": 27, ""llm_estimated_task_effort"": ""low"", ""textual_description"": ""The testsuite for boost/foreach is being compiled and run."", ""command"": ""b2 --j 5 test"", ""directory"": "".../boost/libs/foreach""}"
13727,1767654143,1767654143,1767654238,"{""inverter"": 1, ""source"": ""workstation1_log"", ""device"": ""workstation1"", ""task_type"": ""compilation, CPU load"", ""cpu_cores_active"": ""6"", ""library"": ""boost/leaf"", ""task_files"": 125, ""llm_estimated_task_effort"": ""low"", ""textual_description"": ""The testsuite for boost/leaf is being compiled and run."", ""command"": ""b2 --j 6 test"", ""directory"": "".../boost/libs/leaf""}"
13728,1767654484,1767654484,1767655433,"{""inverter"": 1, ""source"": ""workstation1_log"", ""device"": ""workstation1"", ""task_type"": ""compilation, CPU load"", ""cpu_cores_active"": ""1"", ""library"": ""boost/serialization"", ""task_files"": 150, ""llm_estimated_task_effort"": ""high"", ""textual_description"": ""The testsuite for boost/serialization is being compiled and run."", ""command"": ""b2 --j 1 test"", ""directory"": "".../boost/libs/serialization""}"
13729,1767655783,1767655783,1767655886,"{""inverter"": 1, ""source"": ""workstation1_log"", ""device"": ""workstation1"", ""task_type"": ""compilation, CPU load"", ""cpu_cores_active"": ""6"", ""library"": ""boost/container"", ""task_files"": 98, ""llm_estimated_task_effort"": ""high"", ""textual_description"": ""The testsuite for boost/container is being compiled and run."", ""command"": ""b2 --j 6 test"", ""directory"": "".../boost/libs/container""}"
13730,1767656358,1767656358,1767656423,"{""inverter"": 1, ""source"": ""workstation1_log"", ""device"": ""workstation1"", ""task_type"": ""compilation, CPU load"", ""cpu_cores_active"": ""8"", ""library"": ""boost/graph_parallel"", ""task_files"": 30, ""llm_estimated_task_effort"": ""high"", ""textual_description"": ""The testsuite for boost/graph_parallel is being compiled and run."", ""command"": ""b2 --j 8 test"", ""directory"": "".../boost/libs/graph_parallel""}"
13731,1767657343,1767657343,1767657411,"{""inverter"": 1, ""source"": ""workstation1_log"", ""device"": ""workstation1"", ""task_type"": ""compilation, CPU load"", ""cpu_cores_active"": ""6"", ""library"": ""boost/compute"", ""task_files"": 168, ""llm_estimated_task_effort"": ""high"", ""textual_description"": ""The testsuite for boost/compute is being compiled and run."", ""command"": ""b2 --j 6 test"", ""directory"": "".../boost/libs/compute""}"
13732,1767659039,1767659039,1767659417,"{""inverter"": 1, ""source"": ""workstation1_log"", ""device"": ""workstation1"", ""task_type"": ""compilation, CPU load"", ""cpu_cores_active"": ""7"", ""library"": ""boost/thread"", ""task_files"": 439, ""llm_estimated_task_effort"": ""high"", ""textual_description"": ""The testsuite for boost/thread is being compiled and run."", ""command"": ""b2 --j 7 test"", ""directory"": "".../boost/libs/thread""}"
13733,1767660063,1767660063,1767660199,"{""inverter"": 1, ""source"": ""workstation1_log"", ""device"": ""workstation1"", ""task_type"": ""compilation, CPU load"", ""cpu_cores_active"": ""5"", ""library"": ""boost/vmd"", ""task_files"": 336, ""llm_estimated_task_effort"": ""low"", ""textual_description"": ""The testsuite for boost/vmd is being compiled and run."", ""command"": ""b2 --j 5 test"", ""directory"": "".../boost/libs/vmd""}"
13734,1767660535,1767660535,1767660604,"{""inverter"": 1, ""source"": ""workstation1_log"", ""device"": ""workstation1"", ""task_type"": ""compilation, CPU load"", ""cpu_cores_active"": ""7"", ""library"": ""boost/assert"", ""task_files"": 25, ""llm_estimated_task_effort"": ""low"", ""textual_description"": ""The testsuite for boost/assert is being compiled and run."", ""command"": ""b2 --j 7 test"", ""directory"": "".../boost/libs/assert""}"
13735,1767660920,1767660920,1767661074,"{""inverter"": 1, ""source"": ""workstation1_log"", ""device"": ""workstation1"", ""task_type"": ""compilation, CPU load"", ""cpu_cores_active"": ""1"", ""library"": ""boost/process"", ""task_files"": 76, ""llm_estimated_task_effort"": ""medium"", ""textual_description"": ""The testsuite for boost/process is being compiled and run."", ""command"": ""b2 --j 1 test"", ""directory"": "".../boost/libs/process""}"
13736,1767661765,1767661765,1767661850,"{""inverter"": 1, ""source"": ""workstation1_log"", ""device"": ""workstation1"", ""task_type"": ""compilation, CPU load"", ""cpu_cores_active"": ""3"", ""library"": ""boost/nowide"", ""task_files"": 25, ""llm_estimated_task_effort"": ""low"", ""textual_description"": ""The testsuite for boost/nowide is being compiled and run."", ""command"": ""b2 --j 3 test"", ""directory"": "".../boost/libs/nowide""}"
13737,1767663806,1767663806,1767663884,"{""inverter"": 1, ""source"": ""workstation1_log"", ""device"": ""workstation1"", ""task_type"": ""compilation, CPU load"", ""cpu_cores_active"": ""8"", ""library"": ""boost/hof"", ""task_files"": 63, ""llm_estimated_task_effort"": ""low"", ""textual_description"": ""The testsuite for boost/hof is being compiled and run."", ""command"": ""b2 --j 8 test"", ""directory"": "".../boost/libs/hof""}"
13738,1767664051,1767664051,1767664266,"{""inverter"": 1, ""source"": ""workstation1_log"", ""device"": ""workstation1"", ""task_type"": ""compilation, CPU load"", ""cpu_cores_active"": ""1"", ""library"": ""boost/atomic"", ""task_files"": 30, ""llm_estimated_task_effort"": ""low"", ""textual_description"": ""The testsuite for boost/atomic is being compiled and run."", ""command"": ""b2 --j 1 test"", ""directory"": "".../boost/libs/atomic""}"
13739,1767665640,1767665640,1767665937,"{""inverter"": 1, ""source"": ""workstation1_log"", ""device"": ""workstation1"", ""task_type"": ""compilation, CPU load"", ""cpu_cores_active"": ""1"", ""library"": ""boost/wave"", ""task_files"": 287, ""llm_estimated_task_effort"": ""high"", ""textual_description"": ""The testsuite for boost/wave is being compiled and run."", ""command"": ""b2 --j 1 test"", ""directory"": "".../boost/libs/wave""}"
13740,1767666366,1767666366,1767666431,"{""inverter"": 1, ""source"": ""workstation1_log"", ""device"": ""workstation1"", ""task_type"": ""compilation, CPU load"", ""cpu_cores_active"": ""8"", ""library"": ""boost/headers"", ""task_files"": 0, ""llm_estimated_task_effort"": ""low"", ""textual_description"": ""The testsuite for boost/headers is being compiled and run."", ""command"": ""b2 --j 8 test"", ""directory"": "".../boost/libs/headers""}"
13741,1767666688,1767666688,1767666768,"{""inverter"": 1, ""source"": ""workstation1_log"", ""device"": ""workstation1"", ""task_type"": ""compilation, CPU load"", ""cpu_cores_active"": ""2"", ""library"": ""boost/integer"", ""task_files"": 27, ""llm_estimated_task_effort"": ""low"", ""textual_description"": ""The testsuite for boost/integer is being compiled and run."", ""command"": ""b2 --j 2 test"", ""directory"": "".../boost/libs/integer""}"
13742,1767666796,1767666796,1767666911,"{""inverter"": 1, ""source"": ""workstation1_log"", ""device"": ""workstation1"", ""task_type"": ""compilation, CPU load"", ""cpu_cores_active"": ""3"", ""library"": ""boost/pfr"", ""task_files"": 91, ""llm_estimated_task_effort"": ""low"", ""textual_description"": ""The testsuite for boost/pfr is being compiled and run."", ""command"": ""b2 --j 3 test"", ""directory"": "".../boost/libs/pfr""}"
13743,1767667373,1767667373,1767667454,"{""inverter"": 1, ""source"": ""workstation1_log"", ""device"": ""workstation1"", ""task_type"": ""compilation, CPU load"", ""cpu_cores_active"": ""6"", ""library"": ""boost/move"", ""task_files"": 34, ""llm_estimated_task_effort"": ""low"", ""textual_description"": ""The testsuite for boost/move is being compiled and run."", ""command"": ""b2 --j 6 test"", ""directory"": "".../boost/libs/move""}"
13744,1767667965,1767667965,1767668042,"{""inverter"": 1, ""source"": ""workstation1_log"", ""device"": ""workstation1"", ""task_type"": ""compilation, CPU load"", ""cpu_cores_active"": ""6"", ""library"": ""boost/rational"", ""task_files"": 19, ""llm_estimated_task_effort"": ""low"", ""textual_description"": ""The testsuite for boost/rational is being compiled and run."", ""command"": ""b2 --j 6 test"", ""directory"": "".../boost/libs/rational""}"
13745,1767668143,1767668143,1767668207,"{""inverter"": 1, ""source"": ""workstation1_log"", ""device"": ""workstation1"", ""task_type"": ""compilation, CPU load"", ""cpu_cores_active"": ""2"", ""library"": ""boost/mpi"", ""task_files"": 75, ""llm_estimated_task_effort"": ""high"", ""textual_description"": ""The testsuite for boost/mpi is being compiled and run."", ""command"": ""b2 --j 2 test"", ""directory"": "".../boost/libs/mpi""}"
13746,1767668826,1767668826,1767668918,"{""inverter"": 1, ""source"": ""workstation1_log"", ""device"": ""workstation1"", ""task_type"": ""compilation, CPU load"", ""cpu_cores_active"": ""8"", ""library"": ""boost/container"", ""task_files"": 98, ""llm_estimated_task_effort"": ""high"", ""textual_description"": ""The testsuite for boost/container is being compiled and run."", ""command"": ""b2 --j 8 test"", ""directory"": "".../boost/libs/container""}"
13747,1767668921,1767668921,1767669001,"{""inverter"": 1, ""source"": ""workstation1_log"", ""device"": ""workstation1"", ""task_type"": ""compilation, CPU load"", ""cpu_cores_active"": ""1"", ""library"": ""boost/detail"", ""task_files"": 14, ""llm_estimated_task_effort"": ""low"", ""textual_description"": ""The testsuite for boost/detail is being compiled and run."", ""command"": ""b2 --j 1 test"", ""directory"": "".../boost/libs/detail""}"
13748,1767669021,1767669021,1767669166,"{""inverter"": 1, ""source"": ""workstation1_log"", ""device"": ""workstation1"", ""task_type"": ""compilation, CPU load"", ""cpu_cores_active"": ""3"", ""library"": ""boost/date_time"", ""task_files"": 70, ""llm_estimated_task_effort"": ""low"", ""textual_description"": ""The testsuite for boost/date_time is being compiled and run."", ""command"": ""b2 --j 3 test"", ""directory"": "".../boost/libs/date_time""}"
13749,1767669482,1767669482,1767669558,"{""inverter"": 1, ""source"": ""workstation1_log"", ""device"": ""workstation1"", ""task_type"": ""compilation, CPU load"", ""cpu_cores_active"": ""6"", ""library"": ""boost/coroutine"", ""task_files"": 3, ""llm_estimated_task_effort"": ""high"", ""textual_description"": ""The testsuite for boost/coroutine is being compiled and run."", ""command"": ""b2 --j 6 test"", ""directory"": "".../boost/libs/coroutine""}"
13750,1767669613,1767669613,1767669715,"{""inverter"": 1, ""source"": ""workstation1_log"", ""device"": ""workstation1"", ""task_type"": ""compilation, CPU load"", ""cpu_cores_active"": ""2"", ""library"": ""boost/metaparse"", ""task_files"": 113, ""llm_estimated_task_effort"": ""medium"", ""textual_description"": ""The testsuite for boost/metaparse is being compiled and run."", ""command"": ""b2 --j 2 test"", ""directory"": "".../boost/libs/metaparse""}"
13751,1767669841,1767669841,1767669920,"{""inverter"": 1, ""source"": ""workstation1_log"", ""device"": ""workstation1"", ""task_type"": ""compilation, CPU load"", ""cpu_cores_active"": ""7"", ""library"": ""boost/coroutine2"", ""task_files"": 2, ""llm_estimated_task_effort"": ""high"", ""textual_description"": ""The testsuite for boost/coroutine2 is being compiled and run."", ""command"": ""b2 --j 7 test"", ""directory"": "".../boost/libs/coroutine2""}"
13752,1767670303,1767670303,1767670386,"{""inverter"": 1, ""source"": ""workstation1_log"", ""device"": ""workstation1"", ""task_type"": ""compilation, CPU load"", ""cpu_cores_active"": ""2"", ""library"": ""boost/throw_exception"", ""task_files"": 36, ""llm_estimated_task_effort"": ""low"", ""textual_description"": ""The testsuite for boost/throw_exception is being compiled and run."", ""command"": ""b2 --j 2 test"", ""directory"": "".../boost/libs/throw_exception""}"
13753,1767670742,1767670742,1767671160,"{""inverter"": 1, ""source"": ""workstation1_log"", ""device"": ""workstation1"", ""task_type"": ""compilation, CPU load"", ""cpu_cores_active"": ""2"", ""library"": ""boost/asio"", ""task_files"": 386, ""llm_estimated_task_effort"": ""high"", ""textual_description"": ""The testsuite for boost/asio is being compiled and run."", ""command"": ""b2 --j 2 test"", ""directory"": "".../boost/libs/asio""}"
13754,1767671210,1767671210,1767671567,"{""inverter"": 1, ""source"": ""workstation1_log"", ""device"": ""workstation1"", ""task_type"": ""compilation, CPU load"", ""cpu_cores_active"": ""1"", ""library"": ""boost/smart_ptr"", ""task_files"": 292, ""llm_estimated_task_effort"": ""low"", ""textual_description"": ""The testsuite for boost/smart_ptr is being compiled and run."", ""command"": ""b2 --j 1 test"", ""directory"": "".../boost/libs/smart_ptr""}"
13755,1767671661,1767671661,1767675948,"{""inverter"": 1, ""source"": ""workstation1_log"", ""device"": ""workstation1"", ""task_type"": ""compilation, CPU load"", ""cpu_cores_active"": ""2"", ""library"": ""boost/geometry"", ""task_files"": 665, ""llm_estimated_task_effort"": ""high"", ""textual_description"": ""The testsuite for boost/geometry is being compiled and run."", ""command"": ""b2 --j 2 test"", ""directory"": "".../boost/libs/geometry""}"
13756,1767676019,1767676019,1767676102,"{""inverter"": 1, ""source"": ""workstation1_log"", ""device"": ""workstation1"", ""task_type"": ""compilation, CPU load"", ""cpu_cores_active"": ""10"", ""library"": ""boost/coroutine2"", ""task_files"": 2, ""llm_estimated_task_effort"": ""high"", ""textual_description"": ""The testsuite for boost/coroutine2 is being compiled and run."", ""command"": ""b2 --j 10 test"", ""directory"": "".../boost/libs/coroutine2""}"
13757,1767678663,1767678663,1767680347,"{""inverter"": 1, ""source"": ""workstation1_log"", ""device"": ""workstation1"", ""task_type"": ""compilation, CPU load"", ""cpu_cores_active"": ""8"", ""library"": ""boost/geometry"", ""task_files"": 665, ""llm_estimated_task_effort"": ""high"", ""textual_description"": ""The testsuite for boost/geometry is being compiled and run."", ""command"": ""b2 --j 8 test"", ""directory"": "".../boost/libs/geometry""}"
13758,1767681273,1767681273,1767681353,"{""inverter"": 1, ""source"": ""workstation1_log"", ""device"": ""workstation1"", ""task_type"": ""compilation, CPU load"", ""cpu_cores_active"": ""3"", ""library"": ""boost/lambda2"", ""task_files"": 16, ""llm_estimated_task_effort"": ""low"", ""textual_description"": ""The testsuite for boost/lambda2 is being compiled and run."", ""command"": ""b2 --j 3 test"", ""directory"": "".../boost/libs/lambda2""}"
13759,1767681580,1767681580,1767681654,"{""inverter"": 1, ""source"": ""workstation1_log"", ""device"": ""workstation1"", ""task_type"": ""compilation, CPU load"", ""cpu_cores_active"": ""9"", ""library"": ""boost/static_string"", ""task_files"": 5, ""llm_estimated_task_effort"": ""low"", ""textual_description"": ""The testsuite for boost/static_string is being compiled and run."", ""command"": ""b2 --j 9 test"", ""directory"": "".../boost/libs/static_string""}"
13760,1767681912,1767681912,1767681992,"{""inverter"": 1, ""source"": ""workstation1_log"", ""device"": ""workstation1"", ""task_type"": ""compilation, CPU load"", ""cpu_cores_active"": ""4"", ""library"": ""boost/multi_array"", ""task_files"": 46, ""llm_estimated_task_effort"": ""low"", ""textual_description"": ""The testsuite for boost/multi_array is being compiled and run."", ""command"": ""b2 --j 4 test"", ""directory"": "".../boost/libs/multi_array""}"
13761,1767682164,1767682164,1767682397,"{""inverter"": 1, ""source"": ""workstation1_log"", ""device"": ""workstation1"", ""task_type"": ""compilation, CPU load"", ""cpu_cores_active"": ""3"", ""library"": ""boost/gil"", ""task_files"": 353, ""llm_estimated_task_effort"": ""high"", ""textual_description"": ""The testsuite for boost/gil is being compiled and run."", ""command"": ""b2 --j 3 test"", ""directory"": "".../boost/libs/gil""}"
13762,1767682424,1767682424,1767682508,"{""inverter"": 1, ""source"": ""workstation1_log"", ""device"": ""workstation1"", ""task_type"": ""compilation, CPU load"", ""cpu_cores_active"": ""7"", ""library"": ""boost/polygon"", ""task_files"": 17, ""llm_estimated_task_effort"": ""high"", ""textual_description"": ""The testsuite for boost/polygon is being compiled and run."", ""command"": ""b2 --j 7 test"", ""directory"": "".../boost/libs/polygon""}"
13763,1767682935,1767682935,1767683002,"{""inverter"": 1, ""source"": ""workstation1_log"", ""device"": ""workstation1"", ""task_type"": ""compilation, CPU load"", ""cpu_cores_active"": ""7"", ""library"": ""boost/conversion"", ""task_files"": 8, ""llm_estimated_task_effort"": ""low"", ""textual_description"": ""The testsuite for boost/conversion is being compiled and run."", ""command"": ""b2 --j 7 test"", ""directory"": "".../boost/libs/conversion""}"
13764,1767683180,1767683180,1767683267,"{""inverter"": 1, ""source"": ""workstation1_log"", ""device"": ""workstation1"", ""task_type"": ""compilation, CPU load"", ""cpu_cores_active"": ""3"", ""library"": ""boost/multi_array"", ""task_files"": 46, ""llm_estimated_task_effort"": ""low"", ""textual_description"": ""The testsuite for boost/multi_array is being compiled and run."", ""command"": ""b2 --j 3 test"", ""directory"": "".../boost/libs/multi_array""}"
13765,1767683298,1767683298,1767683373,"{""inverter"": 1, ""source"": ""workstation1_log"", ""device"": ""workstation1"", ""task_type"": ""compilation, CPU load"", ""cpu_cores_active"": ""3"", ""library"": ""boost/utility"", ""task_files"": 30, ""llm_estimated_task_effort"": ""low"", ""textual_description"": ""The testsuite for boost/utility is being compiled and run."", ""command"": ""b2 --j 3 test"", ""directory"": "".../boost/libs/utility""}"
13766,1767683439,1767683439,1767683660,"{""inverter"": 1, ""source"": ""workstation1_log"", ""device"": ""workstation1"", ""task_type"": ""compilation, CPU load"", ""cpu_cores_active"": ""1"", ""library"": ""boost/signals2"", ""task_files"": 23, ""llm_estimated_task_effort"": ""low"", ""textual_description"": ""The testsuite for boost/signals2 is being compiled and run."", ""command"": ""b2 --j 1 test"", ""directory"": "".../boost/libs/signals2""}"
13767,1767684573,1767684573,1767684712,"{""inverter"": 1, ""source"": ""workstation1_log"", ""device"": ""workstation1"", ""task_type"": ""compilation, CPU load"", ""cpu_cores_active"": ""6"", ""library"": ""boost/phoenix"", ""task_files"": 266, ""llm_estimated_task_effort"": ""low"", ""textual_description"": ""The testsuite for boost/phoenix is being compiled and run."", ""command"": ""b2 --j 6 test"", ""directory"": "".../boost/libs/phoenix""}"
13768,1767685276,1767685276,1767685636,"{""inverter"": 1, ""source"": ""workstation1_log"", ""device"": ""workstation1"", ""task_type"": ""compilation, CPU load"", ""cpu_cores_active"": ""1"", ""library"": ""boost/smart_ptr"", ""task_files"": 292, ""llm_estimated_task_effort"": ""low"", ""textual_description"": ""The testsuite for boost/smart_ptr is being compiled and run."", ""command"": ""b2 --j 1 test"", ""directory"": "".../boost/libs/smart_ptr""}"
13769,1767685701,1767685701,1767685797,"{""inverter"": 1, ""source"": ""workstation1_log"", ""device"": ""workstation1"", ""task_type"": ""compilation, CPU load"", ""cpu_cores_active"": ""6"", ""library"": ""boost/qvm"", ""task_files"": 141, ""llm_estimated_task_effort"": ""low"", ""textual_description"": ""The testsuite for boost/qvm is being compiled and run."", ""command"": ""b2 --j 6 test"", ""directory"": "".../boost/libs/qvm""}"
13770,1767685875,1767685875,1767685951,"{""inverter"": 1, ""source"": ""workstation1_log"", ""device"": ""workstation1"", ""task_type"": ""compilation, CPU load"", ""cpu_cores_active"": ""7"", ""library"": ""boost/filesystem"", ""task_files"": 55, ""llm_estimated_task_effort"": ""high"", ""textual_description"": ""The testsuite for boost/filesystem is being compiled and run."", ""command"": ""b2 --j 7 test"", ""directory"": "".../boost/libs/filesystem""}"
13771,1767686125,1767686125,1767686191,"{""inverter"": 1, ""source"": ""workstation1_log"", ""device"": ""workstation1"", ""task_type"": ""compilation, CPU load"", ""cpu_cores_active"": ""8"", ""library"": ""boost/foreach"", ""task_files"": 27, ""llm_estimated_task_effort"": ""low"", ""textual_description"": ""The testsuite for boost/foreach is being compiled and run."", ""command"": ""b2 --j 8 test"", ""directory"": "".../boost/libs/foreach""}"
13772,1767686599,1767686599,1767686704,"{""inverter"": 1, ""source"": ""workstation1_log"", ""device"": ""workstation1"", ""task_type"": ""compilation, CPU load"", ""cpu_cores_active"": ""9"", ""library"": ""boost/mqtt5"", ""task_files"": 45, ""llm_estimated_task_effort"": ""medium"", ""textual_description"": ""The testsuite for boost/mqtt5 is being compiled and run."", ""command"": ""b2 --j 9 test"", ""directory"": "".../boost/libs/mqtt5""}"
13773,1767686708,1767686708,1767686785,"{""inverter"": 1, ""source"": ""workstation1_log"", ""device"": ""workstation1"", ""task_type"": ""compilation, CPU load"", ""cpu_cores_active"": ""9"", ""library"": ""boost/units"", ""task_files"": 51, ""llm_estimated_task_effort"": ""low"", ""textual_description"": ""The testsuite for boost/units is being compiled and run."", ""command"": ""b2 --j 9 test"", ""directory"": "".../boost/libs/units""}"
13774,1767686908,1767686908,1767686981,"{""inverter"": 1, ""source"": ""workstation1_log"", ""device"": ""workstation1"", ""task_type"": ""compilation, CPU load"", ""cpu_cores_active"": ""4"", ""library"": ""boost/lambda2"", ""task_files"": 16, ""llm_estimated_task_effort"": ""low"", ""textual_description"": ""The testsuite for boost/lambda2 is being compiled and run."", ""command"": ""b2 --j 4 test"", ""directory"": "".../boost/libs/lambda2""}"
13775,1767687593,1767687593,1767687739,"{""inverter"": 1, ""source"": ""workstation1_log"", ""device"": ""workstation1"", ""task_type"": ""compilation, CPU load"", ""cpu_cores_active"": ""2"", ""library"": ""boost/type_erasure"", ""task_files"": 61, ""llm_estimated_task_effort"": ""low"", ""textual_description"": ""The testsuite for boost/type_erasure is being compiled and run."", ""command"": ""b2 --j 2 test"", ""directory"": "".../boost/libs/type_erasure""}"
13776,1767689195,1767689195,1767689301,"{""inverter"": 1, ""source"": ""workstation1_log"", ""device"": ""workstation1"", ""task_type"": ""compilation, CPU load"", ""cpu_cores_active"": ""7"", ""library"": ""boost/icl"", ""task_files"": 288, ""llm_estimated_task_effort"": ""low"", ""textual_description"": ""The testsuite for boost/icl is being compiled and run."", ""command"": ""b2 --j 7 test"", ""directory"": "".../boost/libs/icl""}"
13777,1767689338,1767689338,1767689465,"{""inverter"": 1, ""source"": ""workstation1_log"", ""device"": ""workstation1"", ""task_type"": ""compilation, CPU load"", ""cpu_cores_active"": ""5"", ""library"": ""boost/vmd"", ""task_files"": 336, ""llm_estimated_task_effort"": ""low"", ""textual_description"": ""The testsuite for boost/vmd is being compiled and run."", ""command"": ""b2 --j 5 test"", ""directory"": "".../boost/libs/vmd""}"
13778,1767691189,1767691189,1767691309,"{""inverter"": 1, ""source"": ""workstation1_log"", ""device"": ""workstation1"", ""task_type"": ""compilation, CPU load"", ""cpu_cores_active"": ""1"", ""library"": ""boost/pool"", ""task_files"": 22, ""llm_estimated_task_effort"": ""low"", ""textual_description"": ""The testsuite for boost/pool is being compiled and run."", ""command"": ""b2 --j 1 test"", ""directory"": "".../boost/libs/pool""}"
13779,1767691531,1767691531,1767691618,"{""inverter"": 1, ""source"": ""workstation1_log"", ""device"": ""workstation1"", ""task_type"": ""compilation, CPU load"", ""cpu_cores_active"": ""5"", ""library"": ""boost/container_hash"", ""task_files"": 90, ""llm_estimated_task_effort"": ""low"", ""textual_description"": ""The testsuite for boost/container_hash is being compiled and run."", ""command"": ""b2 --j 5 test"", ""directory"": "".../boost/libs/container_hash""}"
13780,1767692591,1767692591,1767692686,"{""inverter"": 1, ""source"": ""workstation1_log"", ""device"": ""workstation1"", ""task_type"": ""compilation, CPU load"", ""cpu_cores_active"": ""3"", ""library"": ""boost/flyweight"", ""task_files"": 40, ""llm_estimated_task_effort"": ""low"", ""textual_description"": ""The testsuite for boost/flyweight is being compiled and run."", ""command"": ""b2 --j 3 test"", ""directory"": "".../boost/libs/flyweight""}"
13781,1767692895,1767692895,1767692988,"{""inverter"": 1, ""source"": ""workstation1_log"", ""device"": ""workstation1"", ""task_type"": ""compilation, CPU load"", ""cpu_cores_active"": ""4"", ""library"": ""boost/variant"", ""task_files"": 37, ""llm_estimated_task_effort"": ""low"", ""textual_description"": ""The testsuite for boost/variant is being compiled and run."", ""command"": ""b2 --j 4 test"", ""directory"": "".../boost/libs/variant""}"
13782,1767693617,1767693617,1767693692,"{""inverter"": 1, ""source"": ""workstation1_log"", ""device"": ""workstation1"", ""task_type"": ""compilation, CPU load"", ""cpu_cores_active"": ""8"", ""library"": ""boost/mpl"", ""task_files"": 109, ""llm_estimated_task_effort"": ""low"", ""textual_description"": ""The testsuite for boost/mpl is being compiled and run."", ""command"": ""b2 --j 8 test"", ""directory"": "".../boost/libs/mpl""}"
13783,1767694386,1767694386,1767694462,"{""inverter"": 1, ""source"": ""workstation1_log"", ""device"": ""workstation1"", ""task_type"": ""compilation, CPU load"", ""cpu_cores_active"": ""10"", ""library"": ""boost/convert"", ""task_files"": 20, ""llm_estimated_task_effort"": ""low"", ""textual_description"": ""The testsuite for boost/convert is being compiled and run."", ""command"": ""b2 --j 10 test"", ""directory"": "".../boost/libs/convert""}"
13784,1767695104,1767695104,1767695258,"{""inverter"": 1, ""source"": ""workstation1_log"", ""device"": ""workstation1"", ""task_type"": ""compilation, CPU load"", ""cpu_cores_active"": ""3"", ""library"": ""boost/wave"", ""task_files"": 287, ""llm_estimated_task_effort"": ""high"", ""textual_description"": ""The testsuite for boost/wave is being compiled and run."", ""command"": ""b2 --j 3 test"", ""directory"": "".../boost/libs/wave""}"
13785,1767695528,1767695528,1767695616,"{""inverter"": 1, ""source"": ""workstation1_log"", ""device"": ""workstation1"", ""task_type"": ""compilation, CPU load"", ""cpu_cores_active"": ""10"", ""library"": ""boost/function"", ""task_files"": 43, ""llm_estimated_task_effort"": ""low"", ""textual_description"": ""The testsuite for boost/function is being compiled and run."", ""command"": ""b2 --j 10 test"", ""directory"": "".../boost/libs/function""}"
13786,1767695669,1767695669,1767696093,"{""inverter"": 1, ""source"": ""workstation1_log"", ""device"": ""workstation1"", ""task_type"": ""compilation, CPU load"", ""cpu_cores_active"": ""2"", ""library"": ""boost/asio"", ""task_files"": 386, ""llm_estimated_task_effort"": ""high"", ""textual_description"": ""The testsuite for boost/asio is being compiled and run."", ""command"": ""b2 --j 2 test"", ""directory"": "".../boost/libs/asio""}"
13787,1767696975,1767696975,1767697077,"{""inverter"": 1, ""source"": ""workstation1_log"", ""device"": ""workstation1"", ""task_type"": ""compilation, CPU load"", ""cpu_cores_active"": ""5"", ""library"": ""boost/outcome"", ""task_files"": 55, ""llm_estimated_task_effort"": ""low"", ""textual_description"": ""The testsuite for boost/outcome is being compiled and run."", ""command"": ""b2 --j 5 test"", ""directory"": "".../boost/libs/outcome""}"
13788,1767697721,1767697721,1767697818,"{""inverter"": 1, ""source"": ""workstation1_log"", ""device"": ""workstation1"", ""task_type"": ""compilation, CPU load"", ""cpu_cores_active"": ""5"", ""library"": ""boost/pfr"", ""task_files"": 91, ""llm_estimated_task_effort"": ""low"", ""textual_description"": ""The testsuite for boost/pfr is being compiled and run."", ""command"": ""b2 --j 5 test"", ""directory"": "".../boost/libs/pfr""}"
13789,1767698079,1767698079,1767698214,"{""inverter"": 1, ""source"": ""workstation1_log"", ""device"": ""workstation1"", ""task_type"": ""compilation, CPU load"", ""cpu_cores_active"": ""3"", ""library"": ""boost/container"", ""task_files"": 98, ""llm_estimated_task_effort"": ""high"", ""textual_description"": ""The testsuite for boost/container is being compiled and run."", ""command"": ""b2 --j 3 test"", ""directory"": "".../boost/libs/container""}"
13790,1767698218,1767698218,1767698316,"{""inverter"": 1, ""source"": ""workstation1_log"", ""device"": ""workstation1"", ""task_type"": ""compilation, CPU load"", ""cpu_cores_active"": ""4"", ""library"": ""boost/bind"", ""task_files"": 81, ""llm_estimated_task_effort"": ""low"", ""textual_description"": ""The testsuite for boost/bind is being compiled and run."", ""command"": ""b2 --j 4 test"", ""directory"": "".../boost/libs/bind""}"
13791,1767699039,1767699039,1767699143,"{""inverter"": 1, ""source"": ""workstation1_log"", ""device"": ""workstation1"", ""task_type"": ""compilation, CPU load"", ""cpu_cores_active"": ""4"", ""library"": ""boost/coroutine"", ""task_files"": 3, ""llm_estimated_task_effort"": ""high"", ""textual_description"": ""The testsuite for boost/coroutine is being compiled and run."", ""command"": ""b2 --j 4 test"", ""directory"": "".../boost/libs/coroutine""}"
13792,1767699388,1767699388,1767699469,"{""inverter"": 1, ""source"": ""workstation1_log"", ""device"": ""workstation1"", ""task_type"": ""compilation, CPU load"", ""cpu_cores_active"": ""6"", ""library"": ""boost/ratio"", ""task_files"": 34, ""llm_estimated_task_effort"": ""low"", ""textual_description"": ""The testsuite for boost/ratio is being compiled and run."", ""command"": ""b2 --j 6 test"", ""directory"": "".../boost/libs/ratio""}"
13793,1767699918,1767699918,1767699996,"{""inverter"": 1, ""source"": ""workstation1_log"", ""device"": ""workstation1"", ""task_type"": ""compilation, CPU load"", ""cpu_cores_active"": ""10"", ""library"": ""boost/function"", ""task_files"": 43, ""llm_estimated_task_effort"": ""low"", ""textual_description"": ""The testsuite for boost/function is being compiled and run."", ""command"": ""b2 --j 10 test"", ""directory"": "".../boost/libs/function""}"
13794,1767701288,1767701288,1767701449,"{""inverter"": 1, ""source"": ""workstation1_log"", ""device"": ""workstation1"", ""task_type"": ""compilation, CPU load"", ""cpu_cores_active"": ""3"", ""library"": ""boost/xpressive"", ""task_files"": 70, ""llm_estimated_task_effort"": ""high"", ""textual_description"": ""The testsuite for boost/xpressive is being compiled and run."", ""command"": ""b2 --j 3 test"", ""directory"": "".../boost/libs/xpressive""}"
13795,1767702007,1767702007,1767702110,"{""inverter"": 1, ""source"": ""workstation1_log"", ""device"": ""workstation1"", ""task_type"": ""compilation, CPU load"", ""cpu_cores_active"": ""9"", ""library"": ""boost/hash2"", ""task_files"": 125, ""llm_estimated_task_effort"": ""low"", ""textual_description"": ""The testsuite for boost/hash2 is being compiled and run."", ""command"": ""b2 --j 9 test"", ""directory"": "".../boost/libs/hash2""}"
13796,1767702122,1767702122,1767702316,"{""inverter"": 1, ""source"": ""workstation1_log"", ""device"": ""workstation1"", ""task_type"": ""compilation, CPU load"", ""cpu_cores_active"": ""2"", ""library"": ""boost/system"", ""task_files"": 126, ""llm_estimated_task_effort"": ""low"", ""textual_description"": ""The testsuite for boost/system is being compiled and run."", ""command"": ""b2 --j 2 test"", ""directory"": "".../boost/libs/system""}"
13797,1767702660,1767702660,1767702737,"{""inverter"": 1, ""source"": ""workstation1_log"", ""device"": ""workstation1"", ""task_type"": ""compilation, CPU load"", ""cpu_cores_active"": ""10"", ""library"": ""boost/yap"", ""task_files"": 4, ""llm_estimated_task_effort"": ""low"", ""textual_description"": ""The testsuite for boost/yap is being compiled and run."", ""command"": ""b2 --j 10 test"", ""directory"": "".../boost/libs/yap""}"
13798,1767702857,1767702857,1767702945,"{""inverter"": 1, ""source"": ""workstation1_log"", ""device"": ""workstation1"", ""task_type"": ""compilation, CPU load"", ""cpu_cores_active"": ""2"", ""library"": ""boost/predef"", ""task_files"": 19, ""llm_estimated_task_effort"": ""low"", ""textual_description"": ""The testsuite for boost/predef is being compiled and run."", ""command"": ""b2 --j 2 test"", ""directory"": "".../boost/libs/predef""}"
13799,1767703201,1767703201,1767703813,"{""inverter"": 1, ""source"": ""workstation1_log"", ""device"": ""workstation1"", ""task_type"": ""compilation, CPU load"", ""cpu_cores_active"": ""2"", ""library"": ""boost/spirit"", ""task_files"": 331, ""llm_estimated_task_effort"": ""high"", ""textual_description"": ""The testsuite for boost/spirit is being compiled and run."", ""command"": ""b2 --j 2 test"", ""directory"": "".../boost/libs/spirit""}"
13800,1767705003,1767705003,1767705074,"{""inverter"": 1, ""source"": ""workstation1_log"", ""device"": ""workstation1"", ""task_type"": ""compilation, CPU load"", ""cpu_cores_active"": ""10"", ""library"": ""boost/property_map_parallel"", ""task_files"": 0, ""llm_estimated_task_effort"": ""low"", ""textual_description"": ""The testsuite for boost/property_map_parallel is being compiled and run."", ""command"": ""b2 --j 10 test"", ""directory"": "".../boost/libs/property_map_parallel""}"
13801,1767705113,1767705113,1767705325,"{""inverter"": 1, ""source"": ""workstation1_log"", ""device"": ""workstation1"", ""task_type"": ""compilation, CPU load"", ""cpu_cores_active"": ""10"", ""library"": ""boost/test"", ""task_files"": 112, ""llm_estimated_task_effort"": ""low"", ""textual_description"": ""The testsuite for boost/test is being compiled and run."", ""command"": ""b2 --j 10 test"", ""directory"": "".../boost/libs/test""}"
13802,1767705346,1767705346,1767705681,"{""inverter"": 1, ""source"": ""workstation1_log"", ""device"": ""workstation1"", ""task_type"": ""compilation, CPU load"", ""cpu_cores_active"": ""4"", ""library"": ""boost/unordered"", ""task_files"": 192, ""llm_estimated_task_effort"": ""low"", ""textual_description"": ""The testsuite for boost/unordered is being compiled and run."", ""command"": ""b2 --j 4 test"", ""directory"": "".../boost/libs/unordered""}"
13803,1767705785,1767705785,1767705867,"{""inverter"": 1, ""source"": ""workstation1_log"", ""device"": ""workstation1"", ""task_type"": ""compilation, CPU load"", ""cpu_cores_active"": ""9"", ""library"": ""boost/foreach"", ""task_files"": 27, ""llm_estimated_task_effort"": ""low"", ""textual_description"": ""The testsuite for boost/foreach is being compiled and run."", ""command"": ""b2 --j 9 test"", ""directory"": "".../boost/libs/foreach""}"
13804,1767706257,1767706257,1767706364,"{""inverter"": 1, ""source"": ""workstation1_log"", ""device"": ""workstation1"", ""task_type"": ""compilation, CPU load"", ""cpu_cores_active"": ""5"", ""library"": ""boost/atomic"", ""task_files"": 30, ""llm_estimated_task_effort"": ""low"", ""textual_description"": ""The testsuite for boost/atomic is being compiled and run."", ""command"": ""b2 --j 5 test"", ""directory"": "".../boost/libs/atomic""}"
13805,1767706714,1767706714,1767706795,"{""inverter"": 1, ""source"": ""workstation1_log"", ""device"": ""workstation1"", ""task_type"": ""compilation, CPU load"", ""cpu_cores_active"": ""4"", ""library"": ""boost/scope_exit"", ""task_files"": 32, ""llm_estimated_task_effort"": ""low"", ""textual_description"": ""The testsuite for boost/scope_exit is being compiled and run."", ""command"": ""b2 --j 4 test"", ""directory"": "".../boost/libs/scope_exit""}"
13806,1767706979,1767706979,1767707066,"{""inverter"": 1, ""source"": ""workstation1_log"", ""device"": ""workstation1"", ""task_type"": ""compilation, CPU load"", ""cpu_cores_active"": ""9"", ""library"": ""boost/describe"", ""task_files"": 53, ""llm_estimated_task_effort"": ""low"", ""textual_description"": ""The testsuite for boost/describe is being compiled and run."", ""command"": ""b2 --j 9 test"", ""directory"": "".../boost/libs/describe""}"
13807,1767708399,1767708399,1767708476,"{""inverter"": 1, ""source"": ""workstation1_log"", ""device"": ""workstation1"", ""task_type"": ""compilation, CPU load"", ""cpu_cores_active"": ""7"", ""library"": ""boost/python"", ""task_files"": 188, ""llm_estimated_task_effort"": ""high"", ""textual_description"": ""The testsuite for boost/python is being compiled and run."", ""command"": ""b2 --j 7 test"", ""directory"": "".../boost/libs/python""}"
13808,1767708772,1767708772,1767708882,"{""inverter"": 1, ""source"": ""workstation1_log"", ""device"": ""workstation1"", ""task_type"": ""compilation, CPU load"", ""cpu_cores_active"": ""2"", ""library"": ""boost/coroutine2"", ""task_files"": 2, ""llm_estimated_task_effort"": ""high"", ""textual_description"": ""The testsuite for boost/coroutine2 is being compiled and run."", ""command"": ""b2 --j 2 test"", ""directory"": "".../boost/libs/coroutine2""}"
13809,1767710342,1767710342,1767710426,"{""inverter"": 1, ""source"": ""workstation1_log"", ""device"": ""workstation1"", ""task_type"": ""compilation, CPU load"", ""cpu_cores_active"": ""2"", ""library"": ""boost/concept_check"", ""task_files"": 18, ""llm_estimated_task_effort"": ""low"", ""textual_description"": ""The testsuite for boost/concept_check is being compiled and run."", ""command"": ""b2 --j 2 test"", ""directory"": "".../boost/libs/concept_check""}"
13810,1767710451,1767710451,1767710675,"{""inverter"": 1, ""source"": ""workstation1_log"", ""device"": ""workstation1"", ""task_type"": ""compilation, CPU load"", ""cpu_cores_active"": ""2"", ""library"": ""boost/parser"", ""task_files"": 40, ""llm_estimated_task_effort"": ""low"", ""textual_description"": ""The testsuite for boost/parser is being compiled and run."", ""command"": ""b2 --j 2 test"", ""directory"": "".../boost/libs/parser""}"
13811,1767712878,1767712878,1767712964,"{""inverter"": 1, ""source"": ""workstation1_log"", ""device"": ""workstation1"", ""task_type"": ""compilation, CPU load"", ""cpu_cores_active"": ""6"", ""library"": ""boost/metaparse"", ""task_files"": 113, ""llm_estimated_task_effort"": ""medium"", ""textual_description"": ""The testsuite for boost/metaparse is being compiled and run."", ""command"": ""b2 --j 6 test"", ""directory"": "".../boost/libs/metaparse""}"
13812,1767713948,1767713948,1767714256,"{""inverter"": 1, ""source"": ""workstation1_log"", ""device"": ""workstation1"", ""task_type"": ""compilation, CPU load"", ""cpu_cores_active"": ""2"", ""library"": ""boost/gil"", ""task_files"": 353, ""llm_estimated_task_effort"": ""high"", ""textual_description"": ""The testsuite for boost/gil is being compiled and run."", ""command"": ""b2 --j 2 test"", ""directory"": "".../boost/libs/gil""}"
13813,1767714574,1767714574,1767714662,"{""inverter"": 1, ""source"": ""workstation1_log"", ""device"": ""workstation1"", ""task_type"": ""compilation, CPU load"", ""cpu_cores_active"": ""6"", ""library"": ""boost/metaparse"", ""task_files"": 113, ""llm_estimated_task_effort"": ""medium"", ""textual_description"": ""The testsuite for boost/metaparse is being compiled and run."", ""command"": ""b2 --j 6 test"", ""directory"": "".../boost/libs/metaparse""}"
13814,1767714683,1767714683,1767714782,"{""inverter"": 1, ""source"": ""workstation1_log"", ""device"": ""workstation1"", ""task_type"": ""compilation, CPU load"", ""cpu_cores_active"": ""8"", ""library"": ""boost/hash2"", ""task_files"": 125, ""llm_estimated_task_effort"": ""low"", ""textual_description"": ""The testsuite for boost/hash2 is being compiled and run."", ""command"": ""b2 --j 8 test"", ""directory"": "".../boost/libs/hash2""}"
13815,1767715461,1767715461,1767715572,"{""inverter"": 1, ""source"": ""workstation1_log"", ""device"": ""workstation1"", ""task_type"": ""compilation, CPU load"", ""cpu_cores_active"": ""8"", ""library"": ""boost/date_time"", ""task_files"": 70, ""llm_estimated_task_effort"": ""low"", ""textual_description"": ""The testsuite for boost/date_time is being compiled and run."", ""command"": ""b2 --j 8 test"", ""directory"": "".../boost/libs/date_time""}"
13816,1767715693,1767715693,1767716008,"{""inverter"": 1, ""source"": ""workstation1_log"", ""device"": ""workstation1"", ""task_type"": ""compilation, CPU load"", ""cpu_cores_active"": ""1"", ""library"": ""boost/json"", ""task_files"": 417, ""llm_estimated_task_effort"": ""high"", ""textual_description"": ""The testsuite for boost/json is being compiled and run."", ""command"": ""b2 --j 1 test"", ""directory"": "".../boost/libs/json""}"
13817,1767716216,1767716216,1767716298,"{""inverter"": 1, ""source"": ""workstation1_log"", ""device"": ""workstation1"", ""task_type"": ""compilation, CPU load"", ""cpu_cores_active"": ""10"", ""library"": ""boost/endian"", ""task_files"": 61, ""llm_estimated_task_effort"": ""low"", ""textual_description"": ""The testsuite for boost/endian is being compiled and run."", ""command"": ""b2 --j 10 test"", ""directory"": "".../boost/libs/endian""}"
13818,1767716451,1767716451,1767716535,"{""inverter"": 1, ""source"": ""workstation1_log"", ""device"": ""workstation1"", ""task_type"": ""compilation, CPU load"", ""cpu_cores_active"": ""9"", ""library"": ""boost/coroutine2"", ""task_files"": 2, ""llm_estimated_task_effort"": ""high"", ""textual_description"": ""The testsuite for boost/coroutine2 is being compiled and run."", ""command"": ""b2 --j 9 test"", ""directory"": "".../boost/libs/coroutine2""}"
13819,1767716745,1767716745,1767716823,"{""inverter"": 1, ""source"": ""workstation1_log"", ""device"": ""workstation1"", ""task_type"": ""compilation, CPU load"", ""cpu_cores_active"": ""3"", ""library"": ""boost/static_assert"", ""task_files"": 17, ""llm_estimated_task_effort"": ""low"", ""textual_description"": ""The testsuite for boost/static_assert is being compiled and run."", ""command"": ""b2 --j 3 test"", ""directory"": "".../boost/libs/static_assert""}"
13820,1767717713,1767717713,1767717816,"{""inverter"": 1, ""source"": ""workstation1_log"", ""device"": ""workstation1"", ""task_type"": ""compilation, CPU load"", ""cpu_cores_active"": ""2"", ""library"": ""boost/units"", ""task_files"": 51, ""llm_estimated_task_effort"": ""low"", ""textual_description"": ""The testsuite for boost/units is being compiled and run."", ""command"": ""b2 --j 2 test"", ""directory"": "".../boost/libs/units""}"
13821,1767718205,1767718205,1767718365,"{""inverter"": 1, ""source"": ""workstation1_log"", ""device"": ""workstation1"", ""task_type"": ""compilation, CPU load"", ""cpu_cores_active"": ""5"", ""library"": ""boost/phoenix"", ""task_files"": 266, ""llm_estimated_task_effort"": ""low"", ""textual_description"": ""The testsuite for boost/phoenix is being compiled and run."", ""command"": ""b2 --j 5 test"", ""directory"": "".../boost/libs/phoenix""}"
13822,1767719282,1767719282,1767719369,"{""inverter"": 1, ""source"": ""workstation1_log"", ""device"": ""workstation1"", ""task_type"": ""compilation, CPU load"", ""cpu_cores_active"": ""10"", ""library"": ""boost/program_options"", ""task_files"": 26, ""llm_estimated_task_effort"": ""high"", ""textual_description"": ""The testsuite for boost/program_options is being compiled and run."", ""command"": ""b2 --j 10 test"", ""directory"": "".../boost/libs/program_options""}"
13823,1767720411,1767720411,1767720501,"{""inverter"": 1, ""source"": ""workstation1_log"", ""device"": ""workstation1"", ""task_type"": ""compilation, CPU load"", ""cpu_cores_active"": ""10"", ""library"": ""boost/metaparse"", ""task_files"": 113, ""llm_estimated_task_effort"": ""medium"", ""textual_description"": ""The testsuite for boost/metaparse is being compiled and run."", ""command"": ""b2 --j 10 test"", ""directory"": "".../boost/libs/metaparse""}"
13824,1767720503,1767720503,1767720579,"{""inverter"": 1, ""source"": ""workstation1_log"", ""device"": ""workstation1"", ""task_type"": ""compilation, CPU load"", ""cpu_cores_active"": ""7"", ""library"": ""boost/conversion"", ""task_files"": 8, ""llm_estimated_task_effort"": ""low"", ""textual_description"": ""The testsuite for boost/conversion is being compiled and run."", ""command"": ""b2 --j 7 test"", ""directory"": "".../boost/libs/conversion""}"
13825,1767721093,1767721093,1767721234,"{""inverter"": 1, ""source"": ""workstation1_log"", ""device"": ""workstation1"", ""task_type"": ""compilation, CPU load"", ""cpu_cores_active"": ""3"", ""library"": ""boost/iostreams"", ""task_files"": 407, ""llm_estimated_task_effort"": ""high"", ""textual_description"": ""The testsuite for boost/iostreams is being compiled and run."", ""command"": ""b2 --j 3 test"", ""directory"": "".../boost/libs/iostreams""}"
13826,1767722656,1767722656,1767722743,"{""inverter"": 1, ""source"": ""workstation1_log"", ""device"": ""workstation1"", ""task_type"": ""compilation, CPU load"", ""cpu_cores_active"": ""6"", ""library"": ""boost/parameter_python"", ""task_files"": 3, ""llm_estimated_task_effort"": ""low"", ""textual_description"": ""The testsuite for boost/parameter_python is being compiled and run."", ""command"": ""b2 --j 6 test"", ""directory"": "".../boost/libs/parameter_python""}"
13827,1767723011,1767723011,1767723093,"{""inverter"": 1, ""source"": ""workstation1_log"", ""device"": ""workstation1"", ""task_type"": ""compilation, CPU load"", ""cpu_cores_active"": ""4"", ""library"": ""boost/stl_interfaces"", ""task_files"": 18, ""llm_estimated_task_effort"": ""low"", ""textual_description"": ""The testsuite for boost/stl_interfaces is being compiled and run."", ""command"": ""b2 --j 4 test"", ""directory"": "".../boost/libs/stl_interfaces""}"
13828,1767724001,1767724001,1767724114,"{""inverter"": 1, ""source"": ""workstation1_log"", ""device"": ""workstation1"", ""task_type"": ""compilation, CPU load"", ""cpu_cores_active"": ""1"", ""library"": ""boost/throw_exception"", ""task_files"": 36, ""llm_estimated_task_effort"": ""low"", ""textual_description"": ""The testsuite for boost/throw_exception is being compiled and run."", ""command"": ""b2 --j 1 test"", ""directory"": "".../boost/libs/throw_exception""}"
13829,1767724127,1767724127,1767724487,"{""inverter"": 1, ""source"": ""workstation1_log"", ""device"": ""workstation1"", ""task_type"": ""compilation, CPU load"", ""cpu_cores_active"": ""1"", ""library"": ""boost/mp11"", ""task_files"": 241, ""llm_estimated_task_effort"": ""low"", ""textual_description"": ""The testsuite for boost/mp11 is being compiled and run."", ""command"": ""b2 --j 1 test"", ""directory"": "".../boost/libs/mp11""}"
13830,1767724901,1767724901,1767724983,"{""inverter"": 1, ""source"": ""workstation1_log"", ""device"": ""workstation1"", ""task_type"": ""compilation, CPU load"", ""cpu_cores_active"": ""10"", ""library"": ""boost/compute"", ""task_files"": 168, ""llm_estimated_task_effort"": ""high"", ""textual_description"": ""The testsuite for boost/compute is being compiled and run."", ""command"": ""b2 --j 10 test"", ""directory"": "".../boost/libs/compute""}"
13831,1767725350,1767725350,1767725491,"{""inverter"": 1, ""source"": ""workstation1_log"", ""device"": ""workstation1"", ""task_type"": ""compilation, CPU load"", ""cpu_cores_active"": ""4"", ""library"": ""boost/mqtt5"", ""task_files"": 45, ""llm_estimated_task_effort"": ""medium"", ""textual_description"": ""The testsuite for boost/mqtt5 is being compiled and run."", ""command"": ""b2 --j 4 test"", ""directory"": "".../boost/libs/mqtt5""}"
13832,1767725691,1767725691,1767725784,"{""inverter"": 1, ""source"": ""workstation1_log"", ""device"": ""workstation1"", ""task_type"": ""compilation, CPU load"", ""cpu_cores_active"": ""6"", ""library"": ""boost/uuid"", ""task_files"": 68, ""llm_estimated_task_effort"": ""low"", ""textual_description"": ""The testsuite for boost/uuid is being compiled and run."", ""command"": ""b2 --j 6 test"", ""directory"": "".../boost/libs/uuid""}"
13833,1767726848,1767726848,1767726931,"{""inverter"": 1, ""source"": ""workstation1_log"", ""device"": ""workstation1"", ""task_type"": ""compilation, CPU load"", ""cpu_cores_active"": ""6"", ""library"": ""boost/static_assert"", ""task_files"": 17, ""llm_estimated_task_effort"": ""low"", ""textual_description"": ""The testsuite for boost/static_assert is being compiled and run."", ""command"": ""b2 --j 6 test"", ""directory"": "".../boost/libs/static_assert""}"
13834,1767727301,1767727301,1767727394,"{""inverter"": 1, ""source"": ""workstation1_log"", ""device"": ""workstation1"", ""task_type"": ""compilation, CPU load"", ""cpu_cores_active"": ""3"", ""library"": ""boost/ratio"", ""task_files"": 34, ""llm_estimated_task_effort"": ""low"", ""textual_description"": ""The testsuite for boost/ratio is being compiled and run."", ""command"": ""b2 --j 3 test"", ""directory"": "".../boost/libs/ratio""}"
13835,1767727527,1767727527,1767727611,"{""inverter"": 1, ""source"": ""workstation1_log"", ""device"": ""workstation1"", ""task_type"": ""compilation, CPU load"", ""cpu_cores_active"": ""2"", ""library"": ""boost/crc"", ""task_files"": 10, ""llm_estimated_task_effort"": ""low"", ""textual_description"": ""The testsuite for boost/crc is being compiled and run."", ""command"": ""b2 --j 2 test"", ""directory"": "".../boost/libs/crc""}"
13836,1767727633,1767727633,1767727717,"{""inverter"": 1, ""source"": ""workstation1_log"", ""device"": ""workstation1"", ""task_type"": ""compilation, CPU load"", ""cpu_cores_active"": ""2"", ""library"": ""boost/predef"", ""task_files"": 19, ""llm_estimated_task_effort"": ""low"", ""textual_description"": ""The testsuite for boost/predef is being compiled and run."", ""command"": ""b2 --j 2 test"", ""directory"": "".../boost/libs/predef""}"
13837,1767728439,1767728439,1767728528,"{""inverter"": 1, ""source"": ""workstation1_log"", ""device"": ""workstation1"", ""task_type"": ""compilation, CPU load"", ""cpu_cores_active"": ""7"", ""library"": ""boost/convert"", ""task_files"": 20, ""llm_estimated_task_effort"": ""low"", ""textual_description"": ""The testsuite for boost/convert is being compiled and run."", ""command"": ""b2 --j 7 test"", ""directory"": "".../boost/libs/convert""}"
13838,1767728610,1767728610,1767728691,"{""inverter"": 1, ""source"": ""workstation1_log"", ""device"": ""workstation1"", ""task_type"": ""compilation, CPU load"", ""cpu_cores_active"": ""4"", ""library"": ""boost/throw_exception"", ""task_files"": 36, ""llm_estimated_task_effort"": ""low"", ""textual_description"": ""The testsuite for boost/throw_exception is being compiled and run."", ""command"": ""b2 --j 4 test"", ""directory"": "".../boost/libs/throw_exception""}"
13839,1767728721,1767728721,1767728794,"{""inverter"": 1, ""source"": ""workstation1_log"", ""device"": ""workstation1"", ""task_type"": ""compilation, CPU load"", ""cpu_cores_active"": ""8"", ""library"": ""boost/functional"", ""task_files"": 2, ""llm_estimated_task_effort"": ""low"", ""textual_description"": ""The testsuite for boost/functional is being compiled and run."", ""command"": ""b2 --j 8 test"", ""directory"": "".../boost/libs/functional""}"
13840,1767728887,1767728887,1767728965,"{""inverter"": 1, ""source"": ""workstation1_log"", ""device"": ""workstation1"", ""task_type"": ""compilation, CPU load"", ""cpu_cores_active"": ""10"", ""library"": ""boost/concept_check"", ""task_files"": 18, ""llm_estimated_task_effort"": ""low"", ""textual_description"": ""The testsuite for boost/concept_check is being compiled and run."", ""command"": ""b2 --j 10 test"", ""directory"": "".../boost/libs/concept_check""}"
13841,1767730115,1767730115,1767730200,"{""inverter"": 1, ""source"": ""workstation1_log"", ""device"": ""workstation1"", ""task_type"": ""compilation, CPU load"", ""cpu_cores_active"": ""4"", ""library"": ""boost/any"", ""task_files"": 47, ""llm_estimated_task_effort"": ""low"", ""textual_description"": ""The testsuite for boost/any is being compiled and run."", ""command"": ""b2 --j 4 test"", ""directory"": "".../boost/libs/any""}"
13842,1767730206,1767730206,1767730285,"{""inverter"": 1, ""source"": ""workstation1_log"", ""device"": ""workstation1"", ""task_type"": ""compilation, CPU load"", ""cpu_cores_active"": ""2"", ""library"": ""boost/stl_interfaces"", ""task_files"": 18, ""llm_estimated_task_effort"": ""low"", ""textual_description"": ""The testsuite for boost/stl_interfaces is being compiled and run."", ""command"": ""b2 --j 2 test"", ""directory"": "".../boost/libs/stl_interfaces""}"
13843,1767730770,1767730770,1767732465,"{""inverter"": 1, ""source"": ""workstation1_log"", ""device"": ""workstation1"", ""task_type"": ""compilation, CPU load"", ""cpu_cores_active"": ""6"", ""library"": ""boost/multiprecision"", ""task_files"": 471, ""llm_estimated_task_effort"": ""high"", ""textual_description"": ""The testsuite for boost/multiprecision is being compiled and run."", ""command"": ""b2 --j 6 test"", ""directory"": "".../boost/libs/multiprecision""}"
13844,1767732834,1767732834,1767733126,"{""inverter"": 1, ""source"": ""workstation1_log"", ""device"": ""workstation1"", ""task_type"": ""compilation, CPU load"", ""cpu_cores_active"": ""2"", ""library"": ""boost/phoenix"", ""task_files"": 266, ""llm_estimated_task_effort"": ""low"", ""textual_description"": ""The testsuite for boost/phoenix is being compiled and run."", ""command"": ""b2 --j 2 test"", ""directory"": "".../boost/libs/phoenix""}"
13845,1767733140,1767733140,1767733271,"{""inverter"": 1, ""source"": ""workstation1_log"", ""device"": ""workstation1"", ""task_type"": ""compilation, CPU load"", ""cpu_cores_active"": ""2"", ""library"": ""boost/parameter"", ""task_files"": 68, ""llm_estimated_task_effort"": ""low"", ""textual_description"": ""The testsuite for boost/parameter is being compiled and run."", ""command"": ""b2 --j 2 test"", ""directory"": "".../boost/libs/parameter""}"
13846,1767734481,1767734481,1767734592,"{""inverter"": 1, ""source"": ""workstation1_log"", ""device"": ""workstation1"", ""task_type"": ""compilation, CPU load"", ""cpu_cores_active"": ""3"", ""library"": ""boost/variant"", ""task_files"": 37, ""llm_estimated_task_effort"": ""low"", ""textual_description"": ""The testsuite for boost/variant is being compiled and run."", ""command"": ""b2 --j 3 test"", ""directory"": "".../boost/libs/variant""}"
13847,1767735241,1767735241,1767735329,"{""inverter"": 1, ""source"": ""workstation1_log"", ""device"": ""workstation1"", ""task_type"": ""compilation, CPU load"", ""cpu_cores_active"": ""5"", ""library"": ""boost/callable_traits"", ""task_files"": 52, ""llm_estimated_task_effort"": ""low"", ""textual_description"": ""The testsuite for boost/callable_traits is being compiled and run."", ""command"": ""b2 --j 5 test"", ""directory"": "".../boost/libs/callable_traits""}"
13848,1767735499,1767735499,1767735579,"{""inverter"": 1, ""source"": ""workstation1_log"", ""device"": ""workstation1"", ""task_type"": ""compilation, CPU load"", ""cpu_cores_active"": ""7"", ""library"": ""boost/callable_traits"", ""task_files"": 52, ""llm_estimated_task_effort"": ""low"", ""textual_description"": ""The testsuite for boost/callable_traits is being compiled and run."", ""command"": ""b2 --j 7 test"", ""directory"": "".../boost/libs/callable_traits""}"
13849,1767735962,1767735962,1767736428,"{""inverter"": 1, ""source"": ""workstation1_log"", ""device"": ""workstation1"", ""task_type"": ""compilation, CPU load"", ""cpu_cores_active"": ""1"", ""library"": ""boost/regex"", ""task_files"": 106, ""llm_estimated_task_effort"": ""high"", ""textual_description"": ""The testsuite for boost/regex is being compiled and run."", ""command"": ""b2 --j 1 test"", ""directory"": "".../boost/libs/regex""}"
13850,1767736496,1767736496,1767736608,"{""inverter"": 1, ""source"": ""workstation1_log"", ""device"": ""workstation1"", ""task_type"": ""compilation, CPU load"", ""cpu_cores_active"": ""1"", ""library"": ""boost/scope_exit"", ""task_files"": 32, ""llm_estimated_task_effort"": ""low"", ""textual_description"": ""The testsuite for boost/scope_exit is being compiled and run."", ""command"": ""b2 --j 1 test"", ""directory"": "".../boost/libs/scope_exit""}"
13851,1767737242,1767737242,1767737333,"{""inverter"": 1, ""source"": ""workstation1_log"", ""device"": ""workstation1"", ""task_type"": ""compilation, CPU load"", ""cpu_cores_active"": ""8"", ""library"": ""boost/move"", ""task_files"": 34, ""llm_estimated_task_effort"": ""low"", ""textual_description"": ""The testsuite for boost/move is being compiled and run."", ""command"": ""b2 --j 8 test"", ""directory"": "".../boost/libs/move""}"
13852,1767738066,1767738066,1767738150,"{""inverter"": 1, ""source"": ""workstation1_log"", ""device"": ""workstation1"", ""task_type"": ""compilation, CPU load"", ""cpu_cores_active"": ""9"", ""library"": ""boost/config"", ""task_files"": 754, ""llm_estimated_task_effort"": ""low"", ""textual_description"": ""The testsuite for boost/config is being compiled and run."", ""command"": ""b2 --j 9 test"", ""directory"": "".../boost/libs/config""}"
13853,1767738392,1767738392,1767748521,"{""inverter"": 1, ""source"": ""workstation1_log"", ""device"": ""workstation1"", ""task_type"": ""compilation, CPU load"", ""cpu_cores_active"": ""1"", ""library"": ""boost/multiprecision"", ""task_files"": 471, ""llm_estimated_task_effort"": ""high"", ""textual_description"": ""The testsuite for boost/multiprecision is being compiled and run."", ""command"": ""b2 --j 1 test"", ""directory"": "".../boost/libs/multiprecision""}"
13854,1767748559,1767748559,1767748640,"{""inverter"": 1, ""source"": ""workstation1_log"", ""device"": ""workstation1"", ""task_type"": ""compilation, CPU load"", ""cpu_cores_active"": ""9"", ""library"": ""boost/stl_interfaces"", ""task_files"": 18, ""llm_estimated_task_effort"": ""low"", ""textual_description"": ""The testsuite for boost/stl_interfaces is being compiled and run."", ""command"": ""b2 --j 9 test"", ""directory"": "".../boost/libs/stl_interfaces""}"
13855,1767749086,1767749086,1767749165,"{""inverter"": 1, ""source"": ""workstation1_log"", ""device"": ""workstation1"", ""task_type"": ""compilation, CPU load"", ""cpu_cores_active"": ""3"", ""library"": ""boost/property_map_parallel"", ""task_files"": 0, ""llm_estimated_task_effort"": ""low"", ""textual_description"": ""The testsuite for boost/property_map_parallel is being compiled and run."", ""command"": ""b2 --j 3 test"", ""directory"": "".../boost/libs/property_map_parallel""}"
13856,1767749175,1767749175,1767749355,"{""inverter"": 1, ""source"": ""workstation1_log"", ""device"": ""workstation1"", ""task_type"": ""compilation, CPU load"", ""cpu_cores_active"": ""3"", ""library"": ""boost/sort"", ""task_files"": 17, ""llm_estimated_task_effort"": ""low"", ""textual_description"": ""The testsuite for boost/sort is being compiled and run."", ""command"": ""b2 --j 3 test"", ""directory"": "".../boost/libs/sort""}"
13857,1767750176,1767750176,1767750262,"{""inverter"": 1, ""source"": ""workstation1_log"", ""device"": ""workstation1"", ""task_type"": ""compilation, CPU load"", ""cpu_cores_active"": ""9"", ""library"": ""boost/align"", ""task_files"": 17, ""llm_estimated_task_effort"": ""low"", ""textual_description"": ""The testsuite for boost/align is being compiled and run."", ""command"": ""b2 --j 9 test"", ""directory"": "".../boost/libs/align""}"
13858,1767751885,1767751885,1767751980,"{""inverter"": 1, ""source"": ""workstation1_log"", ""device"": ""workstation1"", ""task_type"": ""compilation, CPU load"", ""cpu_cores_active"": ""1"", ""library"": ""boost/property_map"", ""task_files"": 9, ""llm_estimated_task_effort"": ""low"", ""textual_description"": ""The testsuite for boost/property_map is being compiled and run."", ""command"": ""b2 --j 1 test"", ""directory"": "".../boost/libs/property_map""}"
13859,1767753275,1767753275,1767753386,"{""inverter"": 1, ""source"": ""workstation1_log"", ""device"": ""workstation1"", ""task_type"": ""compilation, CPU load"", ""cpu_cores_active"": ""1"", ""library"": ""boost/lambda"", ""task_files"": 27, ""llm_estimated_task_effort"": ""low"", ""textual_description"": ""The testsuite for boost/lambda is being compiled and run."", ""command"": ""b2 --j 1 test"", ""directory"": "".../boost/libs/lambda""}"
13860,1767754399,1767754399,1767754486,"{""inverter"": 1, ""source"": ""workstation1_log"", ""device"": ""workstation1"", ""task_type"": ""compilation, CPU load"", ""cpu_cores_active"": ""3"", ""library"": ""boost/tuple"", ""task_files"": 13, ""llm_estimated_task_effort"": ""low"", ""textual_description"": ""The testsuite for boost/tuple is being compiled and run."", ""command"": ""b2 --j 3 test"", ""directory"": "".../boost/libs/tuple""}"
13861,1767756030,1767756030,1767756129,"{""inverter"": 1, ""source"": ""workstation1_log"", ""device"": ""workstation1"", ""task_type"": ""compilation, CPU load"", ""cpu_cores_active"": ""5"", ""library"": ""boost/predef"", ""task_files"": 19, ""llm_estimated_task_effort"": ""low"", ""textual_description"": ""The testsuite for boost/predef is being compiled and run."", ""command"": ""b2 --j 5 test"", ""directory"": "".../boost/libs/predef""}"
13862,1767756284,1767756284,1767756392,"{""inverter"": 1, ""source"": ""workstation1_log"", ""device"": ""workstation1"", ""task_type"": ""compilation, CPU load"", ""cpu_cores_active"": ""7"", ""library"": ""boost/signals2"", ""task_files"": 23, ""llm_estimated_task_effort"": ""low"", ""textual_description"": ""The testsuite for boost/signals2 is being compiled and run."", ""command"": ""b2 --j 7 test"", ""directory"": "".../boost/libs/signals2""}"
13863,1767756757,1767756757,1767756896,"{""inverter"": 1, ""source"": ""workstation1_log"", ""device"": ""workstation1"", ""task_type"": ""compilation, CPU load"", ""cpu_cores_active"": ""4"", ""library"": ""boost/statechart"", ""task_files"": 67, ""llm_estimated_task_effort"": ""high"", ""textual_description"": ""The testsuite for boost/statechart is being compiled and run."", ""command"": ""b2 --j 4 test"", ""directory"": "".../boost/libs/statechart""}"
13864,1767757151,1767757151,1767757227,"{""inverter"": 1, ""source"": ""workstation1_log"", ""device"": ""workstation1"", ""task_type"": ""compilation, CPU load"", ""cpu_cores_active"": ""8"", ""library"": ""boost/array"", ""task_files"": 52, ""llm_estimated_task_effort"": ""low"", ""textual_description"": ""The testsuite for boost/array is being compiled and run."", ""command"": ""b2 --j 8 test"", ""directory"": "".../boost/libs/array""}"
13865,1767757711,1767757711,1767757860,"{""inverter"": 1, ""source"": ""workstation1_log"", ""device"": ""workstation1"", ""task_type"": ""compilation, CPU load"", ""cpu_cores_active"": ""1"", ""library"": ""boost/lockfree"", ""task_files"": 24, ""llm_estimated_task_effort"": ""high"", ""textual_description"": ""The testsuite for boost/lockfree is being compiled and run."", ""command"": ""b2 --j 1 test"", ""directory"": "".../boost/libs/lockfree""}"
13866,1767760983,1767760983,1767761065,"{""inverter"": 1, ""source"": ""workstation1_log"", ""device"": ""workstation1"", ""task_type"": ""compilation, CPU load"", ""cpu_cores_active"": ""5"", ""library"": ""boost/functional"", ""task_files"": 2, ""llm_estimated_task_effort"": ""low"", ""textual_description"": ""The testsuite for boost/functional is being compiled and run."", ""command"": ""b2 --j 5 test"", ""directory"": "".../boost/libs/functional""}"
13867,1767761512,1767761512,1767761604,"{""inverter"": 1, ""source"": ""workstation1_log"", ""device"": ""workstation1"", ""task_type"": ""compilation, CPU load"", ""cpu_cores_active"": ""4"", ""library"": ""boost/exception"", ""task_files"": 59, ""llm_estimated_task_effort"": ""low"", ""textual_description"": ""The testsuite for boost/exception is being compiled and run."", ""command"": ""b2 --j 4 test"", ""directory"": "".../boost/libs/exception""}"
13868,1767761946,1767761946,1767762025,"{""inverter"": 1, ""source"": ""workstation1_log"", ""device"": ""workstation1"", ""task_type"": ""compilation, CPU load"", ""cpu_cores_active"": ""7"", ""library"": ""boost/array"", ""task_files"": 52, ""llm_estimated_task_effort"": ""low"", ""textual_description"": ""The testsuite for boost/array is being compiled and run."", ""command"": ""b2 --j 7 test"", ""directory"": "".../boost/libs/array""}"
13869,1767762778,1767762778,1767762864,"{""inverter"": 1, ""source"": ""workstation1_log"", ""device"": ""workstation1"", ""task_type"": ""compilation, CPU load"", ""cpu_cores_active"": ""6"", ""library"": ""boost/callable_traits"", ""task_files"": 52, ""llm_estimated_task_effort"": ""low"", ""textual_description"": ""The testsuite for boost/callable_traits is being compiled and run."", ""command"": ""b2 --j 6 test"", ""directory"": "".../boost/libs/callable_traits""}"
13870,1767762962,1767762962,1767763048,"{""inverter"": 1, ""source"": ""workstation1_log"", ""device"": ""workstation1"", ""task_type"": ""compilation, CPU load"", ""cpu_cores_active"": ""6"", ""library"": ""boost/bloom"", ""task_files"": 14, ""llm_estimated_task_effort"": ""low"", ""textual_description"": ""The testsuite for boost/bloom is being compiled and run."", ""command"": ""b2 --j 6 test"", ""directory"": "".../boost/libs/bloom""}"
13871,1767764193,1767764193,1767764291,"{""inverter"": 1, ""source"": ""workstation1_log"", ""device"": ""workstation1"", ""task_type"": ""compilation, CPU load"", ""cpu_cores_active"": ""4"", ""library"": ""boost/assign"", ""task_files"": 18, ""llm_estimated_task_effort"": ""low"", ""textual_description"": ""The testsuite for boost/assign is being compiled and run."", ""command"": ""b2 --j 4 test"", ""directory"": "".../boost/libs/assign""}"
13872,1767765183,1767765183,1767766493,"{""inverter"": 1, ""source"": ""workstation1_log"", ""device"": ""workstation1"", ""task_type"": ""compilation, CPU load"", ""cpu_cores_active"": ""1"", ""library"": ""boost/test"", ""task_files"": 112, ""llm_estimated_task_effort"": ""low"", ""textual_description"": ""The testsuite for boost/test is being compiled and run."", ""command"": ""b2 --j 1 test"", ""directory"": "".../boost/libs/test""}"
13873,1767766577,1767766577,1767766659,"{""inverter"": 1, ""source"": ""workstation1_log"", ""device"": ""workstation1"", ""task_type"": ""compilation, CPU load"", ""cpu_cores_active"": ""9"", ""library"": ""boost/io"", ""task_files"": 9, ""llm_estimated_task_effort"": ""low"", ""textual_description"": ""The testsuite for boost/io is being compiled and run."", ""command"": ""b2 --j 9 test"", ""directory"": "".../boost/libs/io""}"
13874,1767767693,1767767693,1767767783,"{""inverter"": 1, ""source"": ""workstation1_log"", ""device"": ""workstation1"", ""task_type"": ""compilation, CPU load"", ""cpu_cores_active"": ""10"", ""library"": ""boost/dynamic_bitset"", ""task_files"": 13, ""llm_estimated_task_effort"": ""low"", ""textual_description"": ""The testsuite for boost/dynamic_bitset is being compiled and run."", ""command"": ""b2 --j 10 test"", ""directory"": "".../boost/libs/dynamic_bitset""}"
13875,1767768145,1767768145,1767768230,"{""inverter"": 1, ""source"": ""workstation1_log"", ""device"": ""workstation1"", ""task_type"": ""compilation, CPU load"", ""cpu_cores_active"": ""9"", ""library"": ""boost/graph"", ""task_files"": 1290, ""llm_estimated_task_effort"": ""high"", ""textual_description"": ""The testsuite for boost/graph is being compiled and run."", ""command"": ""b2 --j 9 test"", ""directory"": "".../boost/libs/graph""}"
13876,1767768362,1767768362,1767768470,"{""inverter"": 1, ""source"": ""workstation1_log"", ""device"": ""workstation1"", ""task_type"": ""compilation, CPU load"", ""cpu_cores_active"": ""7"", ""library"": ""boost/parameter"", ""task_files"": 68, ""llm_estimated_task_effort"": ""low"", ""textual_description"": ""The testsuite for boost/parameter is being compiled and run."", ""command"": ""b2 --j 7 test"", ""directory"": "".../boost/libs/parameter""}"
13877,1767769530,1767769530,1767769614,"{""inverter"": 1, ""source"": ""workstation1_log"", ""device"": ""workstation1"", ""task_type"": ""compilation, CPU load"", ""cpu_cores_active"": ""5"", ""library"": ""boost/stl_interfaces"", ""task_files"": 18, ""llm_estimated_task_effort"": ""low"", ""textual_description"": ""The testsuite for boost/stl_interfaces is being compiled and run."", ""command"": ""b2 --j 5 test"", ""directory"": "".../boost/libs/stl_interfaces""}"
13878,1767770117,1767770117,1767770224,"{""inverter"": 1, ""source"": ""workstation1_log"", ""device"": ""workstation1"", ""task_type"": ""compilation, CPU load"", ""cpu_cores_active"": ""10"", ""library"": ""boost/icl"", ""task_files"": 288, ""llm_estimated_task_effort"": ""low"", ""textual_description"": ""The testsuite for boost/icl is being compiled and run."", ""command"": ""b2 --j 10 test"", ""directory"": "".../boost/libs/icl""}"
13879,1767770762,1767770762,1767770843,"{""inverter"": 1, ""source"": ""workstation1_log"", ""device"": ""workstation1"", ""task_type"": ""compilation, CPU load"", ""cpu_cores_active"": ""3"", ""library"": ""boost/redis"", ""task_files"": 45, ""llm_estimated_task_effort"": ""medium"", ""textual_description"": ""The testsuite for boost/redis is being compiled and run."", ""command"": ""b2 --j 3 test"", ""directory"": "".../boost/libs/redis""}"
13880,1767771135,1767771135,1767771221,"{""inverter"": 1, ""source"": ""workstation1_log"", ""device"": ""workstation1"", ""task_type"": ""compilation, CPU load"", ""cpu_cores_active"": ""5"", ""library"": ""boost/lambda"", ""task_files"": 27, ""llm_estimated_task_effort"": ""low"", ""textual_description"": ""The testsuite for boost/lambda is being compiled and run."", ""command"": ""b2 --j 5 test"", ""directory"": "".../boost/libs/lambda""}"
13881,1767773149,1767773149,1767773240,"{""inverter"": 1, ""source"": ""workstation1_log"", ""device"": ""workstation1"", ""task_type"": ""compilation, CPU load"", ""cpu_cores_active"": ""9"", ""library"": ""boost/multi_array"", ""task_files"": 46, ""llm_estimated_task_effort"": ""low"", ""textual_description"": ""The testsuite for boost/multi_array is being compiled and run."", ""command"": ""b2 --j 9 test"", ""directory"": "".../boost/libs/multi_array""}"
13882,1767775214,1767775214,1767775294,"{""inverter"": 1, ""source"": ""workstation1_log"", ""device"": ""workstation1"", ""task_type"": ""compilation, CPU load"", ""cpu_cores_active"": ""4"", ""library"": ""boost/graph"", ""task_files"": 1290, ""llm_estimated_task_effort"": ""high"", ""textual_description"": ""The testsuite for boost/graph is being compiled and run."", ""command"": ""b2 --j 4 test"", ""directory"": "".../boost/libs/graph""}"
13883,1767775452,1767775452,1767775547,"{""inverter"": 1, ""source"": ""workstation1_log"", ""device"": ""workstation1"", ""task_type"": ""compilation, CPU load"", ""cpu_cores_active"": ""1"", ""library"": ""boost/bloom"", ""task_files"": 14, ""llm_estimated_task_effort"": ""low"", ""textual_description"": ""The testsuite for boost/bloom is being compiled and run."", ""command"": ""b2 --j 1 test"", ""directory"": "".../boost/libs/bloom""}"
13884,1767779725,1767779725,1767779811,"{""inverter"": 1, ""source"": ""workstation1_log"", ""device"": ""workstation1"", ""task_type"": ""compilation, CPU load"", ""cpu_cores_active"": ""5"", ""library"": ""boost/integer"", ""task_files"": 27, ""llm_estimated_task_effort"": ""low"", ""textual_description"": ""The testsuite for boost/integer is being compiled and run."", ""command"": ""b2 --j 5 test"", ""directory"": "".../boost/libs/integer""}"
13885,1767780696,1767780696,1767780837,"{""inverter"": 1, ""source"": ""workstation1_log"", ""device"": ""workstation1"", ""task_type"": ""compilation, CPU load"", ""cpu_cores_active"": ""1"", ""library"": ""boost/compat"", ""task_files"": 65, ""llm_estimated_task_effort"": ""low"", ""textual_description"": ""The testsuite for boost/compat is being compiled and run."", ""command"": ""b2 --j 1 test"", ""directory"": "".../boost/libs/compat""}"
13886,1767781428,1767781428,1767781659,"{""inverter"": 1, ""source"": ""workstation1_log"", ""device"": ""workstation1"", ""task_type"": ""compilation, CPU load"", ""cpu_cores_active"": ""2"", ""library"": ""boost/url"", ""task_files"": 105, ""llm_estimated_task_effort"": ""low"", ""textual_description"": ""The testsuite for boost/url is being compiled and run."", ""command"": ""b2 --j 2 test"", ""directory"": "".../boost/libs/url""}"
13887,1767782076,1767782076,1767782163,"{""inverter"": 1, ""source"": ""workstation1_log"", ""device"": ""workstation1"", ""task_type"": ""compilation, CPU load"", ""cpu_cores_active"": ""8"", ""library"": ""boost/charconv"", ""task_files"": 44, ""llm_estimated_task_effort"": ""low"", ""textual_description"": ""The testsuite for boost/charconv is being compiled and run."", ""command"": ""b2 --j 8 test"", ""directory"": "".../boost/libs/charconv""}"
13888,1767783802,1767783802,1767783916,"{""inverter"": 1, ""source"": ""workstation1_log"", ""device"": ""workstation1"", ""task_type"": ""compilation, CPU load"", ""cpu_cores_active"": ""2"", ""library"": ""boost/parameter_python"", ""task_files"": 3, ""llm_estimated_task_effort"": ""low"", ""textual_description"": ""The testsuite for boost/parameter_python is being compiled and run."", ""command"": ""b2 --j 2 test"", ""directory"": "".../boost/libs/parameter_python""}"
13889,1767784042,1767784042,1767784236,"{""inverter"": 1, ""source"": ""workstation1_log"", ""device"": ""workstation1"", ""task_type"": ""compilation, CPU load"", ""cpu_cores_active"": ""1"", ""library"": ""boost/bimap"", ""task_files"": 36, ""llm_estimated_task_effort"": ""low"", ""textual_description"": ""The testsuite for boost/bimap is being compiled and run."", ""command"": ""b2 --j 1 test"", ""directory"": "".../boost/libs/bimap""}"
13890,1767784263,1767784263,1767784342,"{""inverter"": 1, ""source"": ""workstation1_log"", ""device"": ""workstation1"", ""task_type"": ""compilation, CPU load"", ""cpu_cores_active"": ""5"", ""library"": ""boost/functional"", ""task_files"": 2, ""llm_estimated_task_effort"": ""low"", ""textual_description"": ""The testsuite for boost/functional is being compiled and run."", ""command"": ""b2 --j 5 test"", ""directory"": "".../boost/libs/functional""}"
13891,1767785011,1767785011,1767785119,"{""inverter"": 1, ""source"": ""workstation1_log"", ""device"": ""workstation1"", ""task_type"": ""compilation, CPU load"", ""cpu_cores_active"": ""4"", ""library"": ""boost/multi_index"", ""task_files"": 92, ""llm_estimated_task_effort"": ""low"", ""textual_description"": ""The testsuite for boost/multi_index is being compiled and run."", ""command"": ""b2 --j 4 test"", ""directory"": "".../boost/libs/multi_index""}"
13892,1767785413,1767785413,1767785504,"{""inverter"": 1, ""source"": ""workstation1_log"", ""device"": ""workstation1"", ""task_type"": ""compilation, CPU load"", ""cpu_cores_active"": ""10"", ""library"": ""boost/filesystem"", ""task_files"": 55, ""llm_estimated_task_effort"": ""high"", ""textual_description"": ""The testsuite for boost/filesystem is being compiled and run."", ""command"": ""b2 --j 10 test"", ""directory"": "".../boost/libs/filesystem""}"
13893,1767785661,1767785661,1767785747,"{""inverter"": 1, ""source"": ""workstation1_log"", ""device"": ""workstation1"", ""task_type"": ""compilation, CPU load"", ""cpu_cores_active"": ""1"", ""library"": ""boost/typeof"", ""task_files"": 33, ""llm_estimated_task_effort"": ""low"", ""textual_description"": ""The testsuite for boost/typeof is being compiled and run."", ""command"": ""b2 --j 1 test"", ""directory"": "".../boost/libs/typeof""}"
13894,1767786639,1767786639,1767786794,"{""inverter"": 1, ""source"": ""workstation1_log"", ""device"": ""workstation1"", ""task_type"": ""compilation, CPU load"", ""cpu_cores_active"": ""2"", ""library"": ""boost/leaf"", ""task_files"": 125, ""llm_estimated_task_effort"": ""low"", ""textual_description"": ""The testsuite for boost/leaf is being compiled and run."", ""command"": ""b2 --j 2 test"", ""directory"": "".../boost/libs/leaf""}"
13895,1767786839,1767786839,1767786977,"{""inverter"": 1, ""source"": ""workstation1_log"", ""device"": ""workstation1"", ""task_type"": ""compilation, CPU load"", ""cpu_cores_active"": ""4"", ""library"": ""boost/mp11"", ""task_files"": 241, ""llm_estimated_task_effort"": ""low"", ""textual_description"": ""The testsuite for boost/mp11 is being compiled and run."", ""command"": ""b2 --j 4 test"", ""directory"": "".../boost/libs/mp11""}"
13896,1767787041,1767787041,1767787159,"{""inverter"": 1, ""source"": ""workstation1_log"", ""device"": ""workstation1"", ""task_type"": ""compilation, CPU load"", ""cpu_cores_active"": ""8"", ""library"": ""boost/range"", ""task_files"": 205, ""llm_estimated_task_effort"": ""low"", ""textual_description"": ""The testsuite for boost/range is being compiled and run."", ""command"": ""b2 --j 8 test"", ""directory"": "".../boost/libs/range""}"
13897,1767787435,1767787435,1767787512,"{""inverter"": 1, ""source"": ""workstation1_log"", ""device"": ""workstation1"", ""task_type"": ""compilation, CPU load"", ""cpu_cores_active"": ""10"", ""library"": ""boost/python"", ""task_files"": 188, ""llm_estimated_task_effort"": ""high"", ""textual_description"": ""The testsuite for boost/python is being compiled and run."", ""command"": ""b2 --j 10 test"", ""directory"": "".../boost/libs/python""}"
13898,1767787826,1767787826,1767787920,"{""inverter"": 1, ""source"": ""workstation1_log"", ""device"": ""workstation1"", ""task_type"": ""compilation, CPU load"", ""cpu_cores_active"": ""10"", ""library"": ""boost/metaparse"", ""task_files"": 113, ""llm_estimated_task_effort"": ""medium"", ""textual_description"": ""The testsuite for boost/metaparse is being compiled and run."", ""command"": ""b2 --j 10 test"", ""directory"": "".../boost/libs/metaparse""}"
13899,1767787966,1767787966,1767788066,"{""inverter"": 1, ""source"": ""workstation1_log"", ""device"": ""workstation1"", ""task_type"": ""compilation, CPU load"", ""cpu_cores_active"": ""2"", ""library"": ""boost/lambda"", ""task_files"": 27, ""llm_estimated_task_effort"": ""low"", ""textual_description"": ""The testsuite for boost/lambda is being compiled and run."", ""command"": ""b2 --j 2 test"", ""directory"": "".../boost/libs/lambda""}"
13900,1767788076,1767788076,1767788158,"{""inverter"": 1, ""source"": ""workstation1_log"", ""device"": ""workstation1"", ""task_type"": ""compilation, CPU load"", ""cpu_cores_active"": ""6"", ""library"": ""boost/lambda"", ""task_files"": 27, ""llm_estimated_task_effort"": ""low"", ""textual_description"": ""The testsuite for boost/lambda is being compiled and run."", ""command"": ""b2 --j 6 test"", ""directory"": "".../boost/libs/lambda""}"
13901,1767788866,1767788866,1767789059,"{""inverter"": 1, ""source"": ""workstation1_log"", ""device"": ""workstation1"", ""task_type"": ""compilation, CPU load"", ""cpu_cores_active"": ""2"", ""library"": ""boost/system"", ""task_files"": 126, ""llm_estimated_task_effort"": ""low"", ""textual_description"": ""The testsuite for boost/system is being compiled and run."", ""command"": ""b2 --j 2 test"", ""directory"": "".../boost/libs/system""}"
13902,1767789130,1767789130,1767789238,"{""inverter"": 1, ""source"": ""workstation1_log"", ""device"": ""workstation1"", ""task_type"": ""compilation, CPU load"", ""cpu_cores_active"": ""5"", ""library"": ""boost/parameter"", ""task_files"": 68, ""llm_estimated_task_effort"": ""low"", ""textual_description"": ""The testsuite for boost/parameter is being compiled and run."", ""command"": ""b2 --j 5 test"", ""directory"": "".../boost/libs/parameter""}"
13903,1767789525,1767789525,1767789610,"{""inverter"": 1, ""source"": ""workstation1_log"", ""device"": ""workstation1"", ""task_type"": ""compilation, CPU load"", ""cpu_cores_active"": ""7"", ""library"": ""boost/parameter_python"", ""task_files"": 3, ""llm_estimated_task_effort"": ""low"", ""textual_description"": ""The testsuite for boost/parameter_python is being compiled and run."", ""command"": ""b2 --j 7 test"", ""directory"": "".../boost/libs/parameter_python""}"
13904,1767789749,1767789749,1767789955,"{""inverter"": 1, ""source"": ""workstation1_log"", ""device"": ""workstation1"", ""task_type"": ""compilation, CPU load"", ""cpu_cores_active"": ""2"", ""library"": ""boost/json"", ""task_files"": 417, ""llm_estimated_task_effort"": ""high"", ""textual_description"": ""The testsuite for boost/json is being compiled and run."", ""command"": ""b2 --j 2 test"", ""directory"": "".../boost/libs/json""}"
13905,1767791350,1767791350,1767791444,"{""inverter"": 1, ""source"": ""workstation1_log"", ""device"": ""workstation1"", ""task_type"": ""compilation, CPU load"", ""cpu_cores_active"": ""5"", ""library"": ""boost/assign"", ""task_files"": 18, ""llm_estimated_task_effort"": ""low"", ""textual_description"": ""The testsuite for boost/assign is being compiled and run."", ""command"": ""b2 --j 5 test"", ""directory"": "".../boost/libs/assign""}"
13906,1767791618,1767791618,1767792836,"{""inverter"": 1, ""source"": ""workstation1_log"", ""device"": ""workstation1"", ""task_type"": ""compilation, CPU load"", ""cpu_cores_active"": ""5"", ""library"": ""boost/math"", ""task_files"": 2611, ""llm_estimated_task_effort"": ""high"", ""textual_description"": ""The testsuite for boost/math is being compiled and run."", ""command"": ""b2 --j 5 test"", ""directory"": "".../boost/libs/math""}"
13907,1767793860,1767793860,1767793957,"{""inverter"": 1, ""source"": ""workstation1_log"", ""device"": ""workstation1"", ""task_type"": ""compilation, CPU load"", ""cpu_cores_active"": ""2"", ""library"": ""boost/static_string"", ""task_files"": 5, ""llm_estimated_task_effort"": ""low"", ""textual_description"": ""The testsuite for boost/static_string is being compiled and run."", ""command"": ""b2 --j 2 test"", ""directory"": "".../boost/libs/static_string""}"
13908,1767794506,1767794506,1767794601,"{""inverter"": 1, ""source"": ""workstation1_log"", ""device"": ""workstation1"", ""task_type"": ""compilation, CPU load"", ""cpu_cores_active"": ""8"", ""library"": ""boost/dll"", ""task_files"": 29, ""llm_estimated_task_effort"": ""low"", ""textual_description"": ""The testsuite for boost/dll is being compiled and run."", ""command"": ""b2 --j 8 test"", ""directory"": "".../boost/libs/dll""}"
13909,1767795112,1767795112,1767795236,"{""inverter"": 1, ""source"": ""workstation1_log"", ""device"": ""workstation1"", ""task_type"": ""compilation, CPU load"", ""cpu_cores_active"": ""5"", ""library"": ""boost/safe_numerics"", ""task_files"": 152, ""llm_estimated_task_effort"": ""low"", ""textual_description"": ""The testsuite for boost/safe_numerics is being compiled and run."", ""command"": ""b2 --j 5 test"", ""directory"": "".../boost/libs/safe_numerics""}"
13910,1767795286,1767795286,1767795366,"{""inverter"": 1, ""source"": ""workstation1_log"", ""device"": ""workstation1"", ""task_type"": ""compilation, CPU load"", ""cpu_cores_active"": ""1"", ""library"": ""boost/graph"", ""task_files"": 1290, ""llm_estimated_task_effort"": ""high"", ""textual_description"": ""The testsuite for boost/graph is being compiled and run."", ""command"": ""b2 --j 1 test"", ""directory"": "".../boost/libs/graph""}"
13911,1767795716,1767795716,1767795805,"{""inverter"": 1, ""source"": ""workstation1_log"", ""device"": ""workstation1"", ""task_type"": ""compilation, CPU load"", ""cpu_cores_active"": ""9"", ""library"": ""boost/multi_index"", ""task_files"": 92, ""llm_estimated_task_effort"": ""low"", ""textual_description"": ""The testsuite for boost/multi_index is being compiled and run."", ""command"": ""b2 --j 9 test"", ""directory"": "".../boost/libs/multi_index""}"
13912,1767796149,1767796149,1767796242,"{""inverter"": 1, ""source"": ""workstation1_log"", ""device"": ""workstation1"", ""task_type"": ""compilation, CPU load"", ""cpu_cores_active"": ""5"", ""library"": ""boost/proto"", ""task_files"": 24, ""llm_estimated_task_effort"": ""low"", ""textual_description"": ""The testsuite for boost/proto is being compiled and run."", ""command"": ""b2 --j 5 test"", ""directory"": "".../boost/libs/proto""}"
13913,1767796591,1767796591,1767796750,"{""inverter"": 1, ""source"": ""workstation1_log"", ""device"": ""workstation1"", ""task_type"": ""compilation, CPU load"", ""cpu_cores_active"": ""5"", ""library"": ""boost/phoenix"", ""task_files"": 266, ""llm_estimated_task_effort"": ""low"", ""textual_description"": ""The testsuite for boost/phoenix is being compiled and run."", ""command"": ""b2 --j 5 test"", ""directory"": "".../boost/libs/phoenix""}"
13914,1767798320,1767798320,1767798438,"{""inverter"": 1, ""source"": ""workstation1_log"", ""device"": ""workstation1"", ""task_type"": ""compilation, CPU load"", ""cpu_cores_active"": ""2"", ""library"": ""boost/process"", ""task_files"": 76, ""llm_estimated_task_effort"": ""medium"", ""textual_description"": ""The testsuite for boost/process is being compiled and run."", ""command"": ""b2 --j 2 test"", ""directory"": "".../boost/libs/process""}"
13915,1767799360,1767799360,1767799444,"{""inverter"": 1, ""source"": ""workstation1_log"", ""device"": ""workstation1"", ""task_type"": ""compilation, CPU load"", ""cpu_cores_active"": ""9"", ""library"": ""boost/lambda2"", ""task_files"": 16, ""llm_estimated_task_effort"": ""low"", ""textual_description"": ""The testsuite for boost/lambda2 is being compiled and run."", ""command"": ""b2 --j 9 test"", ""directory"": "".../boost/libs/lambda2""}"
13916,1767800234,1767800234,1767800478,"{""inverter"": 1, ""source"": ""workstation1_log"", ""device"": ""workstation1"", ""task_type"": ""compilation, CPU load"", ""cpu_cores_active"": ""7"", ""library"": ""boost/hana"", ""task_files"": 831, ""llm_estimated_task_effort"": ""medium"", ""textual_description"": ""The testsuite for boost/hana is being compiled and run."", ""command"": ""b2 --j 7 test"", ""directory"": "".../boost/libs/hana""}"
13917,1767800597,1767800597,1767800694,"{""inverter"": 1, ""source"": ""workstation1_log"", ""device"": ""workstation1"", ""task_type"": ""compilation, CPU load"", ""cpu_cores_active"": ""4"", ""library"": ""boost/describe"", ""task_files"": 53, ""llm_estimated_task_effort"": ""low"", ""textual_description"": ""The testsuite for boost/describe is being compiled and run."", ""command"": ""b2 --j 4 test"", ""directory"": "".../boost/libs/describe""}"
13918,1767801097,1767801097,1767801189,"{""inverter"": 1, ""source"": ""workstation1_log"", ""device"": ""workstation1"", ""task_type"": ""compilation, CPU load"", ""cpu_cores_active"": ""7"", ""library"": ""boost/container_hash"", ""task_files"": 90, ""llm_estimated_task_effort"": ""low"", ""textual_description"": ""The testsuite for boost/container_hash is being compiled and run."", ""command"": ""b2 --j 7 test"", ""directory"": "".../boost/libs/container_hash""}"
13919,1767801344,1767801344,1767802312,"{""inverter"": 1, ""source"": ""workstation1_log"", ""device"": ""workstation1"", ""task_type"": ""compilation, CPU load"", ""cpu_cores_active"": ""8"", ""library"": ""boost/math"", ""task_files"": 2611, ""llm_estimated_task_effort"": ""high"", ""textual_description"": ""The testsuite for boost/math is being compiled and run."", ""command"": ""b2 --j 8 test"", ""directory"": "".../boost/libs/math""}"
13933,1767802425,1767802425,1767802569,"{""inverter"": 1, ""source"": ""workstation1_log"", ""device"": ""workstation1"", ""task_type"": ""compilation, CPU load"", ""cpu_cores_active"": ""10"", ""library"": ""boost/asio"", ""task_files"": 386, ""llm_estimated_task_effort"": ""high"", ""textual_description"": ""The testsuite for boost/asio is being compiled and run."", ""command"": ""b2 --j 10 test"", ""directory"": "".../boost/libs/asio""}"
13934,1767802591,1767802591,1767802674,"{""inverter"": 1, ""source"": ""workstation1_log"", ""device"": ""workstation1"", ""task_type"": ""compilation, CPU load"", ""cpu_cores_active"": ""10"", ""library"": ""boost/crc"", ""task_files"": 10, ""llm_estimated_task_effort"": ""low"", ""textual_description"": ""The testsuite for boost/crc is being compiled and run."", ""command"": ""b2 --j 10 test"", ""directory"": "".../boost/libs/crc""}"
13935,1767802724,1767802724,1767802911,"{""inverter"": 1, ""source"": ""workstation1_log"", ""device"": ""workstation1"", ""task_type"": ""compilation, CPU load"", ""cpu_cores_active"": ""2"", ""library"": ""boost/type_traits"", ""task_files"": 229, ""llm_estimated_task_effort"": ""low"", ""textual_description"": ""The testsuite for boost/type_traits is being compiled and run."", ""command"": ""b2 --j 2 test"", ""directory"": "".../boost/libs/type_traits""}"
13936,1767805744,1767805744,1767805837,"{""inverter"": 1, ""source"": ""workstation1_log"", ""device"": ""workstation1"", ""task_type"": ""compilation, CPU load"", ""cpu_cores_active"": ""9"", ""library"": ""boost/property_tree"", ""task_files"": 23, ""llm_estimated_task_effort"": ""low"", ""textual_description"": ""The testsuite for boost/property_tree is being compiled and run."", ""command"": ""b2 --j 9 test"", ""directory"": "".../boost/libs/property_tree""}"
13937,1767806027,1767806027,1767806125,"{""inverter"": 1, ""source"": ""workstation1_log"", ""device"": ""workstation1"", ""task_type"": ""compilation, CPU load"", ""cpu_cores_active"": ""4"", ""library"": ""boost/filesystem"", ""task_files"": 55, ""llm_estimated_task_effort"": ""high"", ""textual_description"": ""The testsuite for boost/filesystem is being compiled and run."", ""command"": ""b2 --j 4 test"", ""directory"": "".../boost/libs/filesystem""}"
13938,1767807806,1767807806,1767807908,"{""inverter"": 1, ""source"": ""workstation1_log"", ""device"": ""workstation1"", ""task_type"": ""compilation, CPU load"", ""cpu_cores_active"": ""5"", ""library"": ""boost/dll"", ""task_files"": 29, ""llm_estimated_task_effort"": ""low"", ""textual_description"": ""The testsuite for boost/dll is being compiled and run."", ""command"": ""b2 --j 5 test"", ""directory"": "".../boost/libs/dll""}"
13939,1767807984,1767807984,1767808057,"{""inverter"": 1, ""source"": ""workstation1_log"", ""device"": ""workstation1"", ""task_type"": ""compilation, CPU load"", ""cpu_cores_active"": ""5"", ""library"": ""boost/graph"", ""task_files"": 1290, ""llm_estimated_task_effort"": ""high"", ""textual_description"": ""The testsuite for boost/graph is being compiled and run."", ""command"": ""b2 --j 5 test"", ""directory"": "".../boost/libs/graph""}"
13940,1767808665,1767808665,1767808749,"{""inverter"": 1, ""source"": ""workstation1_log"", ""device"": ""workstation1"", ""task_type"": ""compilation, CPU load"", ""cpu_cores_active"": ""7"", ""library"": ""boost/static_assert"", ""task_files"": 17, ""llm_estimated_task_effort"": ""low"", ""textual_description"": ""The testsuite for boost/static_assert is being compiled and run."", ""command"": ""b2 --j 7 test"", ""directory"": "".../boost/libs/static_assert""}"
13941,1767809824,1767809824,1767809910,"{""inverter"": 1, ""source"": ""workstation1_log"", ""device"": ""workstation1"", ""task_type"": ""compilation, CPU load"", ""cpu_cores_active"": ""2"", ""library"": ""boost/assert"", ""task_files"": 25, ""llm_estimated_task_effort"": ""low"", ""textual_description"": ""The testsuite for boost/assert is being compiled and run."", ""command"": ""b2 --j 2 test"", ""directory"": "".../boost/libs/assert""}"
13942,1767810037,1767810037,1767810120,"{""inverter"": 1, ""source"": ""workstation1_log"", ""device"": ""workstation1"", ""task_type"": ""compilation, CPU load"", ""cpu_cores_active"": ""2"", ""library"": ""boost/graph"", ""task_files"": 1290, ""llm_estimated_task_effort"": ""high"", ""textual_description"": ""The testsuite for boost/graph is being compiled and run."", ""command"": ""b2 --j 2 test"", ""directory"": "".../boost/libs/graph""}"
13943,1767810450,1767810450,1767810548,"{""inverter"": 1, ""source"": ""workstation1_log"", ""device"": ""workstation1"", ""task_type"": ""compilation, CPU load"", ""cpu_cores_active"": ""6"", ""library"": ""boost/lexical_cast"", ""task_files"": 31, ""llm_estimated_task_effort"": ""low"", ""textual_description"": ""The testsuite for boost/lexical_cast is being compiled and run."", ""command"": ""b2 --j 6 test"", ""directory"": "".../boost/libs/lexical_cast""}"
13944,1767811431,1767811431,1767811515,"{""inverter"": 1, ""source"": ""workstation1_log"", ""device"": ""workstation1"", ""task_type"": ""compilation, CPU load"", ""cpu_cores_active"": ""6"", ""library"": ""boost/array"", ""task_files"": 52, ""llm_estimated_task_effort"": ""low"", ""textual_description"": ""The testsuite for boost/array is being compiled and run."", ""command"": ""b2 --j 6 test"", ""directory"": "".../boost/libs/array""}"
13945,1767813759,1767813759,1767813858,"{""inverter"": 1, ""source"": ""workstation1_log"", ""device"": ""workstation1"", ""task_type"": ""compilation, CPU load"", ""cpu_cores_active"": ""5"", ""library"": ""boost/chrono"", ""task_files"": 67, ""llm_estimated_task_effort"": ""low"", ""textual_description"": ""The testsuite for boost/chrono is being compiled and run."", ""command"": ""b2 --j 5 test"", ""directory"": "".../boost/libs/chrono""}"
13946,1767814463,1767814463,1767814639,"{""inverter"": 1, ""source"": ""workstation1_log"", ""device"": ""workstation1"", ""task_type"": ""compilation, CPU load"", ""cpu_cores_active"": ""6"", ""library"": ""boost/log"", ""task_files"": 72, ""llm_estimated_task_effort"": ""high"", ""textual_description"": ""The testsuite for boost/log is being compiled and run."", ""command"": ""b2 --j 6 test"", ""directory"": "".../boost/libs/log""}"
13947,1767815190,1767815190,1767815269,"{""inverter"": 1, ""source"": ""workstation1_log"", ""device"": ""workstation1"", ""task_type"": ""compilation, CPU load"", ""cpu_cores_active"": ""5"", ""library"": ""boost/scope_exit"", ""task_files"": 32, ""llm_estimated_task_effort"": ""low"", ""textual_description"": ""The testsuite for boost/scope_exit is being compiled and run."", ""command"": ""b2 --j 5 test"", ""directory"": "".../boost/libs/scope_exit""}"
13948,1767815940,1767815940,1767816029,"{""inverter"": 1, ""source"": ""workstation1_log"", ""device"": ""workstation1"", ""task_type"": ""compilation, CPU load"", ""cpu_cores_active"": ""10"", ""library"": ""boost/algorithm"", ""task_files"": 60, ""llm_estimated_task_effort"": ""low"", ""textual_description"": ""The testsuite for boost/algorithm is being compiled and run."", ""command"": ""b2 --j 10 test"", ""directory"": "".../boost/libs/algorithm""}"
13949,1767817078,1767817078,1767817170,"{""inverter"": 1, ""source"": ""workstation1_log"", ""device"": ""workstation1"", ""task_type"": ""compilation, CPU load"", ""cpu_cores_active"": ""6"", ""library"": ""boost/config"", ""task_files"": 754, ""llm_estimated_task_effort"": ""low"", ""textual_description"": ""The testsuite for boost/config is being compiled and run."", ""command"": ""b2 --j 6 test"", ""directory"": "".../boost/libs/config""}"
13950,1767818169,1767818169,1767818271,"{""inverter"": 1, ""source"": ""workstation1_log"", ""device"": ""workstation1"", ""task_type"": ""compilation, CPU load"", ""cpu_cores_active"": ""6"", ""library"": ""boost/parameter"", ""task_files"": 68, ""llm_estimated_task_effort"": ""low"", ""textual_description"": ""The testsuite for boost/parameter is being compiled and run."", ""command"": ""b2 --j 6 test"", ""directory"": "".../boost/libs/parameter""}"
13951,1767819247,1767819247,1767819366,"{""inverter"": 1, ""source"": ""workstation1_log"", ""device"": ""workstation1"", ""task_type"": ""compilation, CPU load"", ""cpu_cores_active"": ""7"", ""library"": ""boost/beast"", ""task_files"": 471, ""llm_estimated_task_effort"": ""high"", ""textual_description"": ""The testsuite for boost/beast is being compiled and run."", ""command"": ""b2 --j 7 test"", ""directory"": "".../boost/libs/beast""}"
13952,1767819583,1767819583,1767819684,"{""inverter"": 1, ""source"": ""workstation1_log"", ""device"": ""workstation1"", ""task_type"": ""compilation, CPU load"", ""cpu_cores_active"": ""9"", ""library"": ""boost/mp11"", ""task_files"": 241, ""llm_estimated_task_effort"": ""low"", ""textual_description"": ""The testsuite for boost/mp11 is being compiled and run."", ""command"": ""b2 --j 9 test"", ""directory"": "".../boost/libs/mp11""}"
13953,1767819703,1767819703,1767819792,"{""inverter"": 1, ""source"": ""workstation1_log"", ""device"": ""workstation1"", ""task_type"": ""compilation, CPU load"", ""cpu_cores_active"": ""8"", ""library"": ""boost/hof"", ""task_files"": 63, ""llm_estimated_task_effort"": ""low"", ""textual_description"": ""The testsuite for boost/hof is being compiled and run."", ""command"": ""b2 --j 8 test"", ""directory"": "".../boost/libs/hof""}"
13954,1767820030,1767820030,1767820151,"{""inverter"": 1, ""source"": ""workstation1_log"", ""device"": ""workstation1"", ""task_type"": ""compilation, CPU load"", ""cpu_cores_active"": ""8"", ""library"": ""boost/range"", ""task_files"": 205, ""llm_estimated_task_effort"": ""low"", ""textual_description"": ""The testsuite for boost/range is being compiled and run."", ""command"": ""b2 --j 8 test"", ""directory"": "".../boost/libs/range""}"
13955,1767821279,1767821279,1767821362,"{""inverter"": 1, ""source"": ""workstation1_log"", ""device"": ""workstation1"", ""task_type"": ""compilation, CPU load"", ""cpu_cores_active"": ""7"", ""library"": ""boost/rational"", ""task_files"": 19, ""llm_estimated_task_effort"": ""low"", ""textual_description"": ""The testsuite for boost/rational is being compiled and run."", ""command"": ""b2 --j 7 test"", ""directory"": "".../boost/libs/rational""}"
13956,1767821426,1767821426,1767821505,"{""inverter"": 1, ""source"": ""workstation1_log"", ""device"": ""workstation1"", ""task_type"": ""compilation, CPU load"", ""cpu_cores_active"": ""7"", ""library"": ""boost/lambda2"", ""task_files"": 16, ""llm_estimated_task_effort"": ""low"", ""textual_description"": ""The testsuite for boost/lambda2 is being compiled and run."", ""command"": ""b2 --j 7 test"", ""directory"": "".../boost/libs/lambda2""}"
13957,1767821692,1767821692,1767821904,"{""inverter"": 1, ""source"": ""workstation1_log"", ""device"": ""workstation1"", ""task_type"": ""compilation, CPU load"", ""cpu_cores_active"": ""2"", ""library"": ""boost/beast"", ""task_files"": 471, ""llm_estimated_task_effort"": ""high"", ""textual_description"": ""The testsuite for boost/beast is being compiled and run."", ""command"": ""b2 --j 2 test"", ""directory"": "".../boost/libs/beast""}"
13958,1767822091,1767822091,1767822165,"{""inverter"": 1, ""source"": ""workstation1_log"", ""device"": ""workstation1"", ""task_type"": ""compilation, CPU load"", ""cpu_cores_active"": ""3"", ""library"": ""boost/property_map_parallel"", ""task_files"": 0, ""llm_estimated_task_effort"": ""low"", ""textual_description"": ""The testsuite for boost/property_map_parallel is being compiled and run."", ""command"": ""b2 --j 3 test"", ""directory"": "".../boost/libs/property_map_parallel""}"
13959,1767823487,1767823487,1767823567,"{""inverter"": 1, ""source"": ""workstation1_log"", ""device"": ""workstation1"", ""task_type"": ""compilation, CPU load"", ""cpu_cores_active"": ""6"", ""library"": ""boost/compat"", ""task_files"": 65, ""llm_estimated_task_effort"": ""low"", ""textual_description"": ""The testsuite for boost/compat is being compiled and run."", ""command"": ""b2 --j 6 test"", ""directory"": "".../boost/libs/compat""}"
13960,1767823577,1767823577,1767823665,"{""inverter"": 1, ""source"": ""workstation1_log"", ""device"": ""workstation1"", ""task_type"": ""compilation, CPU load"", ""cpu_cores_active"": ""4"", ""library"": ""boost/parameter_python"", ""task_files"": 3, ""llm_estimated_task_effort"": ""low"", ""textual_description"": ""The testsuite for boost/parameter_python is being compiled and run."", ""command"": ""b2 --j 4 test"", ""directory"": "".../boost/libs/parameter_python""}"
13961,1767823714,1767823714,1767823869,"{""inverter"": 1, ""source"": ""workstation1_log"", ""device"": ""workstation1"", ""task_type"": ""compilation, CPU load"", ""cpu_cores_active"": ""10"", ""library"": ""boost/json"", ""task_files"": 417, ""llm_estimated_task_effort"": ""high"", ""textual_description"": ""The testsuite for boost/json is being compiled and run."", ""command"": ""b2 --j 10 test"", ""directory"": "".../boost/libs/json""}"
13962,1767824234,1767824234,1767824329,"{""inverter"": 1, ""source"": ""workstation1_log"", ""device"": ""workstation1"", ""task_type"": ""compilation, CPU load"", ""cpu_cores_active"": ""8"", ""library"": ""boost/pfr"", ""task_files"": 91, ""llm_estimated_task_effort"": ""low"", ""textual_description"": ""The testsuite for boost/pfr is being compiled and run."", ""command"": ""b2 --j 8 test"", ""directory"": "".../boost/libs/pfr""}"
13963,1767824663,1767824663,1767824840,"{""inverter"": 1, ""source"": ""workstation1_log"", ""device"": ""workstation1"", ""task_type"": ""compilation, CPU load"", ""cpu_cores_active"": ""1"", ""library"": ""boost/outcome"", ""task_files"": 55, ""llm_estimated_task_effort"": ""low"", ""textual_description"": ""The testsuite for boost/outcome is being compiled and run."", ""command"": ""b2 --j 1 test"", ""directory"": "".../boost/libs/outcome""}"
13964,1767825064,1767825064,1767825264,"{""inverter"": 1, ""source"": ""workstation1_log"", ""device"": ""workstation1"", ""task_type"": ""compilation, CPU load"", ""cpu_cores_active"": ""2"", ""library"": ""boost/histogram"", ""task_files"": 131, ""llm_estimated_task_effort"": ""medium"", ""textual_description"": ""The testsuite for boost/histogram is being compiled and run."", ""command"": ""b2 --j 2 test"", ""directory"": "".../boost/libs/histogram""}"
13965,1767825798,1767825798,1767825911,"{""inverter"": 1, ""source"": ""workstation1_log"", ""device"": ""workstation1"", ""task_type"": ""compilation, CPU load"", ""cpu_cores_active"": ""2"", ""library"": ""boost/proto"", ""task_files"": 24, ""llm_estimated_task_effort"": ""low"", ""textual_description"": ""The testsuite for boost/proto is being compiled and run."", ""command"": ""b2 --j 2 test"", ""directory"": "".../boost/libs/proto""}"
13966,1767826178,1767826178,1767826261,"{""inverter"": 1, ""source"": ""workstation1_log"", ""device"": ""workstation1"", ""task_type"": ""compilation, CPU load"", ""cpu_cores_active"": ""10"", ""library"": ""boost/yap"", ""task_files"": 4, ""llm_estimated_task_effort"": ""low"", ""textual_description"": ""The testsuite for boost/yap is being compiled and run."", ""command"": ""b2 --j 10 test"", ""directory"": "".../boost/libs/yap""}"
13967,1767827374,1767827374,1767827465,"{""inverter"": 1, ""source"": ""workstation1_log"", ""device"": ""workstation1"", ""task_type"": ""compilation, CPU load"", ""cpu_cores_active"": ""7"", ""library"": ""boost/tti"", ""task_files"": 147, ""llm_estimated_task_effort"": ""low"", ""textual_description"": ""The testsuite for boost/tti is being compiled and run."", ""command"": ""b2 --j 7 test"", ""directory"": "".../boost/libs/tti""}"
13968,1767827815,1767827815,1767827919,"{""inverter"": 1, ""source"": ""workstation1_log"", ""device"": ""workstation1"", ""task_type"": ""compilation, CPU load"", ""cpu_cores_active"": ""5"", ""library"": ""boost/chrono"", ""task_files"": 67, ""llm_estimated_task_effort"": ""low"", ""textual_description"": ""The testsuite for boost/chrono is being compiled and run."", ""command"": ""b2 --j 5 test"", ""directory"": "".../boost/libs/chrono""}"
13969,1767828039,1767828039,1767828118,"{""inverter"": 1, ""source"": ""workstation1_log"", ""device"": ""workstation1"", ""task_type"": ""compilation, CPU load"", ""cpu_cores_active"": ""3"", ""library"": ""boost/property_map_parallel"", ""task_files"": 0, ""llm_estimated_task_effort"": ""low"", ""textual_description"": ""The testsuite for boost/property_map_parallel is being compiled and run."", ""command"": ""b2 --j 3 test"", ""directory"": "".../boost/libs/property_map_parallel""}"
13970,1767828456,1767828456,1767828546,"{""inverter"": 1, ""source"": ""workstation1_log"", ""device"": ""workstation1"", ""task_type"": ""compilation, CPU load"", ""cpu_cores_active"": ""10"", ""library"": ""boost/variant"", ""task_files"": 37, ""llm_estimated_task_effort"": ""low"", ""textual_description"": ""The testsuite for boost/variant is being compiled and run."", ""command"": ""b2 --j 10 test"", ""directory"": "".../boost/libs/variant""}"
13971,1767828644,1767828644,1767828744,"{""inverter"": 1, ""source"": ""workstation1_log"", ""device"": ""workstation1"", ""task_type"": ""compilation, CPU load"", ""cpu_cores_active"": ""6"", ""library"": ""boost/ptr_container"", ""task_files"": 32, ""llm_estimated_task_effort"": ""medium"", ""textual_description"": ""The testsuite for boost/ptr_container is being compiled and run."", ""command"": ""b2 --j 6 test"", ""directory"": "".../boost/libs/ptr_container""}"
13972,1767828754,1767828754,1767828938,"{""inverter"": 1, ""source"": ""workstation1_log"", ""device"": ""workstation1"", ""task_type"": ""compilation, CPU load"", ""cpu_cores_active"": ""1"", ""library"": ""boost/container_hash"", ""task_files"": 90, ""llm_estimated_task_effort"": ""low"", ""textual_description"": ""The testsuite for boost/container_hash is being compiled and run."", ""command"": ""b2 --j 1 test"", ""directory"": "".../boost/libs/container_hash""}"
13973,1767829200,1767829200,1767829283,"{""inverter"": 1, ""source"": ""workstation1_log"", ""device"": ""workstation1"", ""task_type"": ""compilation, CPU load"", ""cpu_cores_active"": ""5"", ""library"": ""boost/foreach"", ""task_files"": 27, ""llm_estimated_task_effort"": ""low"", ""textual_description"": ""The testsuite for boost/foreach is being compiled and run."", ""command"": ""b2 --j 5 test"", ""directory"": "".../boost/libs/foreach""}"
13974,1767830012,1767830012,1767830091,"{""inverter"": 1, ""source"": ""workstation1_log"", ""device"": ""workstation1"", ""task_type"": ""compilation, CPU load"", ""cpu_cores_active"": ""6"", ""library"": ""boost/convert"", ""task_files"": 20, ""llm_estimated_task_effort"": ""low"", ""textual_description"": ""The testsuite for boost/convert is being compiled and run."", ""command"": ""b2 --j 6 test"", ""directory"": "".../boost/libs/convert""}"
13975,1767830330,1767830330,1767830411,"{""inverter"": 1, ""source"": ""workstation1_log"", ""device"": ""workstation1"", ""task_type"": ""compilation, CPU load"", ""cpu_cores_active"": ""3"", ""library"": ""boost/crc"", ""task_files"": 10, ""llm_estimated_task_effort"": ""low"", ""textual_description"": ""The testsuite for boost/crc is being compiled and run."", ""command"": ""b2 --j 3 test"", ""directory"": "".../boost/libs/crc""}"
13976,1767830722,1767830722,1767830798,"{""inverter"": 1, ""source"": ""workstation1_log"", ""device"": ""workstation1"", ""task_type"": ""compilation, CPU load"", ""cpu_cores_active"": ""6"", ""library"": ""boost/graph"", ""task_files"": 1290, ""llm_estimated_task_effort"": ""high"", ""textual_description"": ""The testsuite for boost/graph is being compiled and run."", ""command"": ""b2 --j 6 test"", ""directory"": "".../boost/libs/graph""}"
13977,1767830889,1767830889,1767830969,"{""inverter"": 1, ""source"": ""workstation1_log"", ""device"": ""workstation1"", ""task_type"": ""compilation, CPU load"", ""cpu_cores_active"": ""7"", ""library"": ""boost/scope_exit"", ""task_files"": 32, ""llm_estimated_task_effort"": ""low"", ""textual_description"": ""The testsuite for boost/scope_exit is being compiled and run."", ""command"": ""b2 --j 7 test"", ""directory"": "".../boost/libs/scope_exit""}"
13978,1767831009,1767831009,1767831118,"{""inverter"": 1, ""source"": ""workstation1_log"", ""device"": ""workstation1"", ""task_type"": ""compilation, CPU load"", ""cpu_cores_active"": ""6"", ""library"": ""boost/container"", ""task_files"": 98, ""llm_estimated_task_effort"": ""high"", ""textual_description"": ""The testsuite for boost/container is being compiled and run."", ""command"": ""b2 --j 6 test"", ""directory"": "".../boost/libs/container""}"
13979,1767831758,1767831758,1767831934,"{""inverter"": 1, ""source"": ""workstation1_log"", ""device"": ""workstation1"", ""task_type"": ""compilation, CPU load"", ""cpu_cores_active"": ""5"", ""library"": ""boost/json"", ""task_files"": 417, ""llm_estimated_task_effort"": ""high"", ""textual_description"": ""The testsuite for boost/json is being compiled and run."", ""command"": ""b2 --j 5 test"", ""directory"": "".../boost/libs/json""}"
13980,1767832001,1767832001,1767832158,"{""inverter"": 1, ""source"": ""workstation1_log"", ""device"": ""workstation1"", ""task_type"": ""compilation, CPU load"", ""cpu_cores_active"": ""1"", ""library"": ""boost/process"", ""task_files"": 76, ""llm_estimated_task_effort"": ""medium"", ""textual_description"": ""The testsuite for boost/process is being compiled and run."", ""command"": ""b2 --j 1 test"", ""directory"": "".../boost/libs/process""}"
13981,1767832278,1767832278,1767832462,"{""inverter"": 1, ""source"": ""workstation1_log"", ""device"": ""workstation1"", ""task_type"": ""compilation, CPU load"", ""cpu_cores_active"": ""6"", ""library"": ""boost/serialization"", ""task_files"": 150, ""llm_estimated_task_effort"": ""high"", ""textual_description"": ""The testsuite for boost/serialization is being compiled and run."", ""command"": ""b2 --j 6 test"", ""directory"": "".../boost/libs/serialization""}"
13982,1767834396,1767834396,1767834523,"{""inverter"": 1, ""source"": ""workstation1_log"", ""device"": ""workstation1"", ""task_type"": ""compilation, CPU load"", ""cpu_cores_active"": ""4"", ""library"": ""boost/hash2"", ""task_files"": 125, ""llm_estimated_task_effort"": ""low"", ""textual_description"": ""The testsuite for boost/hash2 is being compiled and run."", ""command"": ""b2 --j 4 test"", ""directory"": "".../boost/libs/hash2""}"
13983,1767834573,1767834573,1767834656,"{""inverter"": 1, ""source"": ""workstation1_log"", ""device"": ""workstation1"", ""task_type"": ""compilation, CPU load"", ""cpu_cores_active"": ""9"", ""library"": ""boost/graph"", ""task_files"": 1290, ""llm_estimated_task_effort"": ""high"", ""textual_description"": ""The testsuite for boost/graph is being compiled and run."", ""command"": ""b2 --j 9 test"", ""directory"": "".../boost/libs/graph""}"
13984,1767835379,1767835379,1767835569,"{""inverter"": 1, ""source"": ""workstation1_log"", ""device"": ""workstation1"", ""task_type"": ""compilation, CPU load"", ""cpu_cores_active"": ""1"", ""library"": ""boost/container_hash"", ""task_files"": 90, ""llm_estimated_task_effort"": ""low"", ""textual_description"": ""The testsuite for boost/container_hash is being compiled and run."", ""command"": ""b2 --j 1 test"", ""directory"": "".../boost/libs/container_hash""}"
13985,1767835781,1767835781,1767836110,"{""inverter"": 1, ""source"": ""workstation1_log"", ""device"": ""workstation1"", ""task_type"": ""compilation, CPU load"", ""cpu_cores_active"": ""1"", ""library"": ""boost/xpressive"", ""task_files"": 70, ""llm_estimated_task_effort"": ""high"", ""textual_description"": ""The testsuite for boost/xpressive is being compiled and run."", ""command"": ""b2 --j 1 test"", ""directory"": "".../boost/libs/xpressive""}"
13986,1767836479,1767836479,1767836599,"{""inverter"": 1, ""source"": ""workstation1_log"", ""device"": ""workstation1"", ""task_type"": ""compilation, CPU load"", ""cpu_cores_active"": ""5"", ""library"": ""boost/stacktrace"", ""task_files"": 18, ""llm_estimated_task_effort"": ""medium"", ""textual_description"": ""The testsuite for boost/stacktrace is being compiled and run."", ""command"": ""b2 --j 5 test"", ""directory"": "".../boost/libs/stacktrace""}"
13987,1767838583,1767838583,1767838735,"{""inverter"": 1, ""source"": ""workstation1_log"", ""device"": ""workstation1"", ""task_type"": ""compilation, CPU load"", ""cpu_cores_active"": ""3"", ""library"": ""boost/core"", ""task_files"": 278, ""llm_estimated_task_effort"": ""low"", ""textual_description"": ""The testsuite for boost/core is being compiled and run."", ""command"": ""b2 --j 3 test"", ""directory"": "".../boost/libs/core""}"
13988,1767840237,1767840237,1767841312,"{""inverter"": 1, ""source"": ""workstation1_log"", ""device"": ""workstation1"", ""task_type"": ""compilation, CPU load"", ""cpu_cores_active"": ""6"", ""library"": ""boost/math"", ""task_files"": 2611, ""llm_estimated_task_effort"": ""high"", ""textual_description"": ""The testsuite for boost/math is being compiled and run."", ""command"": ""b2 --j 6 test"", ""directory"": "".../boost/libs/math""}"
13989,1767841790,1767841790,1767841963,"{""inverter"": 1, ""source"": ""workstation1_log"", ""device"": ""workstation1"", ""task_type"": ""compilation, CPU load"", ""cpu_cores_active"": ""2"", ""library"": ""boost/mqtt5"", ""task_files"": 45, ""llm_estimated_task_effort"": ""medium"", ""textual_description"": ""The testsuite for boost/mqtt5 is being compiled and run."", ""command"": ""b2 --j 2 test"", ""directory"": "".../boost/libs/mqtt5""}"
13990,1767842370,1767842370,1767842464,"{""inverter"": 1, ""source"": ""workstation1_log"", ""device"": ""workstation1"", ""task_type"": ""compilation, CPU load"", ""cpu_cores_active"": ""5"", ""library"": ""boost/coroutine2"", ""task_files"": 2, ""llm_estimated_task_effort"": ""high"", ""textual_description"": ""The testsuite for boost/coroutine2 is being compiled and run."", ""command"": ""b2 --j 5 test"", ""directory"": "".../boost/libs/coroutine2""}"
13991,1767844100,1767844100,1767844188,"{""inverter"": 1, ""source"": ""workstation1_log"", ""device"": ""workstation1"", ""task_type"": ""compilation, CPU load"", ""cpu_cores_active"": ""5"", ""library"": ""boost/charconv"", ""task_files"": 44, ""llm_estimated_task_effort"": ""low"", ""textual_description"": ""The testsuite for boost/charconv is being compiled and run."", ""command"": ""b2 --j 5 test"", ""directory"": "".../boost/libs/charconv""}"
13992,1767844458,1767844458,1767844774,"{""inverter"": 1, ""source"": ""workstation1_log"", ""device"": ""workstation1"", ""task_type"": ""compilation, CPU load"", ""cpu_cores_active"": ""1"", ""library"": ""boost/xpressive"", ""task_files"": 70, ""llm_estimated_task_effort"": ""high"", ""textual_description"": ""The testsuite for boost/xpressive is being compiled and run."", ""command"": ""b2 --j 1 test"", ""directory"": "".../boost/libs/xpressive""}"
13993,1767844996,1767844996,1767845131,"{""inverter"": 1, ""source"": ""workstation1_log"", ""device"": ""workstation1"", ""task_type"": ""compilation, CPU load"", ""cpu_cores_active"": ""9"", ""library"": ""boost/fiber"", ""task_files"": 33, ""llm_estimated_task_effort"": ""high"", ""textual_description"": ""The testsuite for boost/fiber is being compiled and run."", ""command"": ""b2 --j 9 test"", ""directory"": "".../boost/libs/fiber""}"
13994,1767845416,1767845416,1767845537,"{""inverter"": 1, ""source"": ""workstation1_log"", ""device"": ""workstation1"", ""task_type"": ""compilation, CPU load"", ""cpu_cores_active"": ""9"", ""library"": ""boost/range"", ""task_files"": 205, ""llm_estimated_task_effort"": ""low"", ""textual_description"": ""The testsuite for boost/range is being compiled and run."", ""command"": ""b2 --j 9 test"", ""directory"": "".../boost/libs/range""}"
13995,1767846416,1767846416,1767847634,"{""inverter"": 1, ""source"": ""workstation1_log"", ""device"": ""workstation1"", ""task_type"": ""compilation, CPU load"", ""cpu_cores_active"": ""9"", ""library"": ""boost/multiprecision"", ""task_files"": 471, ""llm_estimated_task_effort"": ""high"", ""textual_description"": ""The testsuite for boost/multiprecision is being compiled and run."", ""command"": ""b2 --j 9 test"", ""directory"": "".../boost/libs/multiprecision""}"
13996,1767847868,1767847868,1767847959,"{""inverter"": 1, ""source"": ""workstation1_log"", ""device"": ""workstation1"", ""task_type"": ""compilation, CPU load"", ""cpu_cores_active"": ""9"", ""library"": ""boost/pfr"", ""task_files"": 91, ""llm_estimated_task_effort"": ""low"", ""textual_description"": ""The testsuite for boost/pfr is being compiled and run."", ""command"": ""b2 --j 9 test"", ""directory"": "".../boost/libs/pfr""}"
13997,1767848272,1767848272,1767848371,"{""inverter"": 1, ""source"": ""workstation1_log"", ""device"": ""workstation1"", ""task_type"": ""compilation, CPU load"", ""cpu_cores_active"": ""7"", ""library"": ""boost/variant"", ""task_files"": 37, ""llm_estimated_task_effort"": ""low"", ""textual_description"": ""The testsuite for boost/variant is being compiled and run."", ""command"": ""b2 --j 7 test"", ""directory"": "".../boost/libs/variant""}"
13998,1767848491,1767848491,1767848576,"{""inverter"": 1, ""source"": ""workstation1_log"", ""device"": ""workstation1"", ""task_type"": ""compilation, CPU load"", ""cpu_cores_active"": ""7"", ""library"": ""boost/nowide"", ""task_files"": 25, ""llm_estimated_task_effort"": ""low"", ""textual_description"": ""The testsuite for boost/nowide is being compiled and run."", ""command"": ""b2 --j 7 test"", ""directory"": "".../boost/libs/nowide""}"
13999,1767848933,1767848933,1767849022,"{""inverter"": 1, ""source"": ""workstation1_log"", ""device"": ""workstation1"", ""task_type"": ""compilation, CPU load"", ""cpu_cores_active"": ""7"", ""library"": ""boost/describe"", ""task_files"": 53, ""llm_estimated_task_effort"": ""low"", ""textual_description"": ""The testsuite for boost/describe is being compiled and run."", ""command"": ""b2 --j 7 test"", ""directory"": "".../boost/libs/describe""}"
14000,1767850609,1767850609,1767850784,"{""inverter"": 1, ""source"": ""workstation1_log"", ""device"": ""workstation1"", ""task_type"": ""compilation, CPU load"", ""cpu_cores_active"": ""7"", ""library"": ""boost/log"", ""task_files"": 72, ""llm_estimated_task_effort"": ""high"", ""textual_description"": ""The testsuite for boost/log is being compiled and run."", ""command"": ""b2 --j 7 test"", ""directory"": "".../boost/libs/log""}"
14001,1767853419,1767853419,1767853505,"{""inverter"": 1, ""source"": ""workstation1_log"", ""device"": ""workstation1"", ""task_type"": ""compilation, CPU load"", ""cpu_cores_active"": ""10"", ""library"": ""boost/endian"", ""task_files"": 61, ""llm_estimated_task_effort"": ""low"", ""textual_description"": ""The testsuite for boost/endian is being compiled and run."", ""command"": ""b2 --j 10 test"", ""directory"": "".../boost/libs/endian""}"
14002,1767853585,1767853585,1767853748,"{""inverter"": 1, ""source"": ""workstation1_log"", ""device"": ""workstation1"", ""task_type"": ""compilation, CPU load"", ""cpu_cores_active"": ""8"", ""library"": ""boost/asio"", ""task_files"": 386, ""llm_estimated_task_effort"": ""high"", ""textual_description"": ""The testsuite for boost/asio is being compiled and run."", ""command"": ""b2 --j 8 test"", ""directory"": "".../boost/libs/asio""}"
14003,1767854411,1767854411,1767854513,"{""inverter"": 1, ""source"": ""workstation1_log"", ""device"": ""workstation1"", ""task_type"": ""compilation, CPU load"", ""cpu_cores_active"": ""6"", ""library"": ""boost/chrono"", ""task_files"": 67, ""llm_estimated_task_effort"": ""low"", ""textual_description"": ""The testsuite for boost/chrono is being compiled and run."", ""command"": ""b2 --j 6 test"", ""directory"": "".../boost/libs/chrono""}"
14004,1767855010,1767855010,1767855092,"{""inverter"": 1, ""source"": ""workstation1_log"", ""device"": ""workstation1"", ""task_type"": ""compilation, CPU load"", ""cpu_cores_active"": ""4"", ""library"": ""boost/conversion"", ""task_files"": 8, ""llm_estimated_task_effort"": ""low"", ""textual_description"": ""The testsuite for boost/conversion is being compiled and run."", ""command"": ""b2 --j 4 test"", ""directory"": "".../boost/libs/conversion""}"
14005,1767855193,1767855193,1767855322,"{""inverter"": 1, ""source"": ""workstation1_log"", ""device"": ""workstation1"", ""task_type"": ""compilation, CPU load"", ""cpu_cores_active"": ""2"", ""library"": ""boost/parameter"", ""task_files"": 68, ""llm_estimated_task_effort"": ""low"", ""textual_description"": ""The testsuite for boost/parameter is being compiled and run."", ""command"": ""b2 --j 2 test"", ""directory"": "".../boost/libs/parameter""}"
14006,1767855806,1767855806,1767855889,"{""inverter"": 1, ""source"": ""workstation1_log"", ""device"": ""workstation1"", ""task_type"": ""compilation, CPU load"", ""cpu_cores_active"": ""4"", ""library"": ""boost/foreach"", ""task_files"": 27, ""llm_estimated_task_effort"": ""low"", ""textual_description"": ""The testsuite for boost/foreach is being compiled and run."", ""command"": ""b2 --j 4 test"", ""directory"": "".../boost/libs/foreach""}"
14007,1767856469,1767856469,1767856577,"{""inverter"": 1, ""source"": ""workstation1_log"", ""device"": ""workstation1"", ""task_type"": ""compilation, CPU load"", ""cpu_cores_active"": ""2"", ""library"": ""boost/lexical_cast"", ""task_files"": 31, ""llm_estimated_task_effort"": ""low"", ""textual_description"": ""The testsuite for boost/lexical_cast is being compiled and run."", ""command"": ""b2 --j 2 test"", ""directory"": "".../boost/libs/lexical_cast""}"
14008,1767856848,1767856848,1767856960,"{""inverter"": 1, ""source"": ""workstation1_log"", ""device"": ""workstation1"", ""task_type"": ""compilation, CPU load"", ""cpu_cores_active"": ""7"", ""library"": ""boost/wave"", ""task_files"": 287, ""llm_estimated_task_effort"": ""high"", ""textual_description"": ""The testsuite for boost/wave is being compiled and run."", ""command"": ""b2 --j 7 test"", ""directory"": "".../boost/libs/wave""}"
14009,1767857627,1767857627,1767857743,"{""inverter"": 1, ""source"": ""workstation1_log"", ""device"": ""workstation1"", ""task_type"": ""compilation, CPU load"", ""cpu_cores_active"": ""7"", ""library"": ""boost/mp11"", ""task_files"": 241, ""llm_estimated_task_effort"": ""low"", ""textual_description"": ""The testsuite for boost/mp11 is being compiled and run."", ""command"": ""b2 --j 7 test"", ""directory"": "".../boost/libs/mp11""}"
14010,1767858179,1767858179,1767858284,"{""inverter"": 1, ""source"": ""workstation1_log"", ""device"": ""workstation1"", ""task_type"": ""compilation, CPU load"", ""cpu_cores_active"": ""5"", ""library"": ""boost/bimap"", ""task_files"": 36, ""llm_estimated_task_effort"": ""low"", ""textual_description"": ""The testsuite for boost/bimap is being compiled and run."", ""command"": ""b2 --j 5 test"", ""directory"": "".../boost/libs/bimap""}"
14011,1767858367,1767858367,1767858482,"{""inverter"": 1, ""source"": ""workstation1_log"", ""device"": ""workstation1"", ""task_type"": ""compilation, CPU load"", ""cpu_cores_active"": ""7"", ""library"": ""boost/statechart"", ""task_files"": 67, ""llm_estimated_task_effort"": ""high"", ""textual_description"": ""The testsuite for boost/statechart is being compiled and run."", ""command"": ""b2 --j 7 test"", ""directory"": "".../boost/libs/statechart""}"
14012,1767858731,1767858731,1767858851,"{""inverter"": 1, ""source"": ""workstation1_log"", ""device"": ""workstation1"", ""task_type"": ""compilation, CPU load"", ""cpu_cores_active"": ""1"", ""library"": ""boost/type_index"", ""task_files"": 19, ""llm_estimated_task_effort"": ""low"", ""textual_description"": ""The testsuite for boost/type_index is being compiled and run."", ""command"": ""b2 --j 1 test"", ""directory"": "".../boost/libs/type_index""}"
14013,1767858894,1767858894,1767858972,"{""inverter"": 1, ""source"": ""workstation1_log"", ""device"": ""workstation1"", ""task_type"": ""compilation, CPU load"", ""cpu_cores_active"": ""9"", ""library"": ""boost/graph_parallel"", ""task_files"": 30, ""llm_estimated_task_effort"": ""high"", ""textual_description"": ""The testsuite for boost/graph_parallel is being compiled and run."", ""command"": ""b2 --j 9 test"", ""directory"": "".../boost/libs/graph_parallel""}"
14014,1767859162,1767859162,1767859256,"{""inverter"": 1, ""source"": ""workstation1_log"", ""device"": ""workstation1"", ""task_type"": ""compilation, CPU load"", ""cpu_cores_active"": ""10"", ""library"": ""boost/hash2"", ""task_files"": 125, ""llm_estimated_task_effort"": ""low"", ""textual_description"": ""The testsuite for boost/hash2 is being compiled and run."", ""command"": ""b2 --j 10 test"", ""directory"": "".../boost/libs/hash2""}"
14015,1767859661,1767859661,1767859783,"{""inverter"": 1, ""source"": ""workstation1_log"", ""device"": ""workstation1"", ""task_type"": ""compilation, CPU load"", ""cpu_cores_active"": ""10"", ""library"": ""boost/beast"", ""task_files"": 471, ""llm_estimated_task_effort"": ""high"", ""textual_description"": ""The testsuite for boost/beast is being compiled and run."", ""command"": ""b2 --j 10 test"", ""directory"": "".../boost/libs/beast""}"
14016,1767860298,1767860298,1767860399,"{""inverter"": 1, ""source"": ""workstation1_log"", ""device"": ""workstation1"", ""task_type"": ""compilation, CPU load"", ""cpu_cores_active"": ""10"", ""library"": ""boost/intrusive"", ""task_files"": 55, ""llm_estimated_task_effort"": ""low"", ""textual_description"": ""The testsuite for boost/intrusive is being compiled and run."", ""command"": ""b2 --j 10 test"", ""directory"": "".../boost/libs/intrusive""}"
14017,1767860752,1767860752,1767860840,"{""inverter"": 1, ""source"": ""workstation1_log"", ""device"": ""workstation1"", ""task_type"": ""compilation, CPU load"", ""cpu_cores_active"": ""8"", ""library"": ""boost/ratio"", ""task_files"": 34, ""llm_estimated_task_effort"": ""low"", ""textual_description"": ""The testsuite for boost/ratio is being compiled and run."", ""command"": ""b2 --j 8 test"", ""directory"": "".../boost/libs/ratio""}"
14018,1767861336,1767861336,1767861446,"{""inverter"": 1, ""source"": ""workstation1_log"", ""device"": ""workstation1"", ""task_type"": ""compilation, CPU load"", ""cpu_cores_active"": ""3"", ""library"": ""boost/container_hash"", ""task_files"": 90, ""llm_estimated_task_effort"": ""low"", ""textual_description"": ""The testsuite for boost/container_hash is being compiled and run."", ""command"": ""b2 --j 3 test"", ""directory"": "".../boost/libs/container_hash""}"
14019,1767861829,1767861829,1767862046,"{""inverter"": 1, ""source"": ""workstation1_log"", ""device"": ""workstation1"", ""task_type"": ""compilation, CPU load"", ""cpu_cores_active"": ""8"", ""library"": ""boost/interprocess"", ""task_files"": 122, ""llm_estimated_task_effort"": ""high"", ""textual_description"": ""The testsuite for boost/interprocess is being compiled and run."", ""command"": ""b2 --j 8 test"", ""directory"": "".../boost/libs/interprocess""}"
14020,1767862486,1767862486,1767862584,"{""inverter"": 1, ""source"": ""workstation1_log"", ""device"": ""workstation1"", ""task_type"": ""compilation, CPU load"", ""cpu_cores_active"": ""8"", ""library"": ""boost/iostreams"", ""task_files"": 407, ""llm_estimated_task_effort"": ""high"", ""textual_description"": ""The testsuite for boost/iostreams is being compiled and run."", ""command"": ""b2 --j 8 test"", ""directory"": "".../boost/libs/iostreams""}"
14021,1767862902,1767862902,1767863011,"{""inverter"": 1, ""source"": ""workstation1_log"", ""device"": ""workstation1"", ""task_type"": ""compilation, CPU load"", ""cpu_cores_active"": ""2"", ""library"": ""boost/endian"", ""task_files"": 61, ""llm_estimated_task_effort"": ""low"", ""textual_description"": ""The testsuite for boost/endian is being compiled and run."", ""command"": ""b2 --j 2 test"", ""directory"": "".../boost/libs/endian""}"
14022,1767863611,1767863611,1767863708,"{""inverter"": 1, ""source"": ""workstation1_log"", ""device"": ""workstation1"", ""task_type"": ""compilation, CPU load"", ""cpu_cores_active"": ""6"", ""library"": ""boost/lockfree"", ""task_files"": 24, ""llm_estimated_task_effort"": ""high"", ""textual_description"": ""The testsuite for boost/lockfree is being compiled and run."", ""command"": ""b2 --j 6 test"", ""directory"": "".../boost/libs/lockfree""}"
14023,1767863951,1767863951,1767864245,"{""inverter"": 1, ""source"": ""workstation1_log"", ""device"": ""workstation1"", ""task_type"": ""compilation, CPU load"", ""cpu_cores_active"": ""5"", ""library"": ""boost/unordered"", ""task_files"": 192, ""llm_estimated_task_effort"": ""low"", ""textual_description"": ""The testsuite for boost/unordered is being compiled and run."", ""command"": ""b2 --j 5 test"", ""directory"": "".../boost/libs/unordered""}"
14024,1767864314,1767864314,1767864403,"{""inverter"": 1, ""source"": ""workstation1_log"", ""device"": ""workstation1"", ""task_type"": ""compilation, CPU load"", ""cpu_cores_active"": ""4"", ""library"": ""boost/conversion"", ""task_files"": 8, ""llm_estimated_task_effort"": ""low"", ""textual_description"": ""The testsuite for boost/conversion is being compiled and run."", ""command"": ""b2 --j 4 test"", ""directory"": "".../boost/libs/conversion""}"
14025,1767865234,1767865234,1767865370,"{""inverter"": 1, ""source"": ""workstation1_log"", ""device"": ""workstation1"", ""task_type"": ""compilation, CPU load"", ""cpu_cores_active"": ""2"", ""library"": ""boost/variant"", ""task_files"": 37, ""llm_estimated_task_effort"": ""low"", ""textual_description"": ""The testsuite for boost/variant is being compiled and run."", ""command"": ""b2 --j 2 test"", ""directory"": "".../boost/libs/variant""}"
14026,1767865687,1767865687,1767865774,"{""inverter"": 1, ""source"": ""workstation1_log"", ""device"": ""workstation1"", ""task_type"": ""compilation, CPU load"", ""cpu_cores_active"": ""5"", ""library"": ""boost/throw_exception"", ""task_files"": 36, ""llm_estimated_task_effort"": ""low"", ""textual_description"": ""The testsuite for boost/throw_exception is being compiled and run."", ""command"": ""b2 --j 5 test"", ""directory"": "".../boost/libs/throw_exception""}"
14027,1767865949,1767865949,1767866124,"{""inverter"": 1, ""source"": ""workstation1_log"", ""device"": ""workstation1"", ""task_type"": ""compilation, CPU load"", ""cpu_cores_active"": ""6"", ""library"": ""boost/json"", ""task_files"": 417, ""llm_estimated_task_effort"": ""high"", ""textual_description"": ""The testsuite for boost/json is being compiled and run."", ""command"": ""b2 --j 6 test"", ""directory"": "".../boost/libs/json""}"
14028,1767866416,1767866416,1767866711,"{""inverter"": 1, ""source"": ""workstation1_log"", ""device"": ""workstation1"", ""task_type"": ""compilation, CPU load"", ""cpu_cores_active"": ""5"", ""library"": ""boost/unordered"", ""task_files"": 192, ""llm_estimated_task_effort"": ""low"", ""textual_description"": ""The testsuite for boost/unordered is being compiled and run."", ""command"": ""b2 --j 5 test"", ""directory"": "".../boost/libs/unordered""}"
14029,1767867264,1767867264,1767867348,"{""inverter"": 1, ""source"": ""workstation1_log"", ""device"": ""workstation1"", ""task_type"": ""compilation, CPU load"", ""cpu_cores_active"": ""9"", ""library"": ""boost/headers"", ""task_files"": 0, ""llm_estimated_task_effort"": ""low"", ""textual_description"": ""The testsuite for boost/headers is being compiled and run."", ""command"": ""b2 --j 9 test"", ""directory"": "".../boost/libs/headers""}"
14030,1767868333,1767868333,1767868446,"{""inverter"": 1, ""source"": ""workstation1_log"", ""device"": ""workstation1"", ""task_type"": ""compilation, CPU load"", ""cpu_cores_active"": ""7"", ""library"": ""boost/mp11"", ""task_files"": 241, ""llm_estimated_task_effort"": ""low"", ""textual_description"": ""The testsuite for boost/mp11 is being compiled and run."", ""command"": ""b2 --j 7 test"", ""directory"": "".../boost/libs/mp11""}"
14031,1767868603,1767868603,1767868700,"{""inverter"": 1, ""source"": ""workstation1_log"", ""device"": ""workstation1"", ""task_type"": ""compilation, CPU load"", ""cpu_cores_active"": ""8"", ""library"": ""boost/variant"", ""task_files"": 37, ""llm_estimated_task_effort"": ""low"", ""textual_description"": ""The testsuite for boost/variant is being compiled and run."", ""command"": ""b2 --j 8 test"", ""directory"": "".../boost/libs/variant""}"
14032,1767868787,1767868787,1767869005,"{""inverter"": 1, ""source"": ""workstation1_log"", ""device"": ""workstation1"", ""task_type"": ""compilation, CPU load"", ""cpu_cores_active"": ""8"", ""library"": ""boost/hana"", ""task_files"": 831, ""llm_estimated_task_effort"": ""medium"", ""textual_description"": ""The testsuite for boost/hana is being compiled and run."", ""command"": ""b2 --j 8 test"", ""directory"": "".../boost/libs/hana""}"
14033,1767869032,1767869032,1767869113,"{""inverter"": 1, ""source"": ""workstation1_log"", ""device"": ""workstation1"", ""task_type"": ""compilation, CPU load"", ""cpu_cores_active"": ""6"", ""library"": ""boost/concept_check"", ""task_files"": 18, ""llm_estimated_task_effort"": ""low"", ""textual_description"": ""The testsuite for boost/concept_check is being compiled and run."", ""command"": ""b2 --j 6 test"", ""directory"": "".../boost/libs/concept_check""}"
14034,1767869545,1767869545,1767869636,"{""inverter"": 1, ""source"": ""workstation1_log"", ""device"": ""workstation1"", ""task_type"": ""compilation, CPU load"", ""cpu_cores_active"": ""1"", ""library"": ""boost/predef"", ""task_files"": 19, ""llm_estimated_task_effort"": ""low"", ""textual_description"": ""The testsuite for boost/predef is being compiled and run."", ""command"": ""b2 --j 1 test"", ""directory"": "".../boost/libs/predef""}"
14035,1767869816,1767869816,1767869913,"{""inverter"": 1, ""source"": ""workstation1_log"", ""device"": ""workstation1"", ""task_type"": ""compilation, CPU load"", ""cpu_cores_active"": ""5"", ""library"": ""boost/program_options"", ""task_files"": 26, ""llm_estimated_task_effort"": ""high"", ""textual_description"": ""The testsuite for boost/program_options is being compiled and run."", ""command"": ""b2 --j 5 test"", ""directory"": "".../boost/libs/program_options""}"
14036,1767870223,1767870223,1767870361,"{""inverter"": 1, ""source"": ""workstation1_log"", ""device"": ""workstation1"", ""task_type"": ""compilation, CPU load"", ""cpu_cores_active"": ""4"", ""library"": ""boost/statechart"", ""task_files"": 67, ""llm_estimated_task_effort"": ""high"", ""textual_description"": ""The testsuite for boost/statechart is being compiled and run."", ""command"": ""b2 --j 4 test"", ""directory"": "".../boost/libs/statechart""}"
14037,1767871797,1767871797,1767871894,"{""inverter"": 1, ""source"": ""workstation1_log"", ""device"": ""workstation1"", ""task_type"": ""compilation, CPU load"", ""cpu_cores_active"": ""10"", ""library"": ""boost/intrusive"", ""task_files"": 55, ""llm_estimated_task_effort"": ""low"", ""textual_description"": ""The testsuite for boost/intrusive is being compiled and run."", ""command"": ""b2 --j 10 test"", ""directory"": "".../boost/libs/intrusive""}"
14038,1767872489,1767872489,1767872600,"{""inverter"": 1, ""source"": ""workstation1_log"", ""device"": ""workstation1"", ""task_type"": ""compilation, CPU load"", ""cpu_cores_active"": ""9"", ""library"": ""boost/url"", ""task_files"": 105, ""llm_estimated_task_effort"": ""low"", ""textual_description"": ""The testsuite for boost/url is being compiled and run."", ""command"": ""b2 --j 9 test"", ""directory"": "".../boost/libs/url""}"
14039,1767873177,1767873177,1767873254,"{""inverter"": 1, ""source"": ""workstation1_log"", ""device"": ""workstation1"", ""task_type"": ""compilation, CPU load"", ""cpu_cores_active"": ""3"", ""library"": ""boost/headers"", ""task_files"": 0, ""llm_estimated_task_effort"": ""low"", ""textual_description"": ""The testsuite for boost/headers is being compiled and run."", ""command"": ""b2 --j 3 test"", ""directory"": "".../boost/libs/headers""}"
14040,1767873805,1767873805,1767873901,"{""inverter"": 1, ""source"": ""workstation1_log"", ""device"": ""workstation1"", ""task_type"": ""compilation, CPU load"", ""cpu_cores_active"": ""5"", ""library"": ""boost/units"", ""task_files"": 51, ""llm_estimated_task_effort"": ""low"", ""textual_description"": ""The testsuite for boost/units is being compiled and run."", ""command"": ""b2 --j 5 test"", ""directory"": "".../boost/libs/units""}"
13920,1767873887,1767873887,1767874749,"{""inverter"": 1, ""source"": ""workstation2_log"", ""device"": ""workstation2"", ""task_type"": ""CNN fitting, GPU load"", ""model"": ""densenet121"", ""optim"": ""adam"", ""dataset"": ""CIFAR10"", ""batch_size"": 128, ""epochs"": 2, ""model_params"": 7978856, ""llm_estimated_task_effort"": ""medium"", ""textual_description"": ""The model densenet121 is fitted on CIFAR10 using adam for 2 epochs with bs=128.""}"
14041,1767873914,1767873914,1767873915,"{""inverter"": 1, ""source"": ""workstation2_log"", ""device"": ""workstation2"", ""task_type"": ""compilation, CPU load"", ""cpu_cores_active"": ""5"", ""library"": ""boost/compute"", ""task_files"": 168, ""llm_estimated_task_effort"": ""high"", ""textual_description"": ""The testsuite for boost/compute is being compiled and run."", ""command"": ""b2 --j 5 test"", ""directory"": "".../boost/libs/compute""}"
14042,1767874253,1767874253,1767874254,"{""inverter"": 1, ""source"": ""workstation2_log"", ""device"": ""workstation2"", ""task_type"": ""compilation, CPU load"", ""cpu_cores_active"": ""8"", ""library"": ""boost/config"", ""task_files"": 754, ""llm_estimated_task_effort"": ""low"", ""textual_description"": ""The testsuite for boost/config is being compiled and run."", ""command"": ""b2 --j 8 test"", ""directory"": "".../boost/libs/config""}"
13921,1767875037,1767875037,1767876334,"{""inverter"": 1, ""source"": ""workstation2_log"", ""device"": ""workstation2"", ""task_type"": ""CNN fitting, GPU load"", ""model"": ""swin_v2_s"", ""optim"": ""adam"", ""dataset"": ""CIFAR10"", ""batch_size"": 128, ""epochs"": 2, ""model_params"": 49737442, ""llm_estimated_task_effort"": ""high"", ""textual_description"": ""The model swin_v2_s is fitted on CIFAR10 using adam for 2 epochs with bs=128.""}"
14043,1767875181,1767875181,1767876072,"{""inverter"": 1, ""source"": ""workstation1_log"", ""device"": ""workstation1"", ""task_type"": ""compilation, CPU load"", ""cpu_cores_active"": ""1"", ""library"": ""boost/serialization"", ""task_files"": 150, ""llm_estimated_task_effort"": ""high"", ""textual_description"": ""The testsuite for boost/serialization is being compiled and run."", ""command"": ""b2 --j 1 test"", ""directory"": "".../boost/libs/serialization""}"
14044,1767875497,1767875497,1767875497,"{""inverter"": 1, ""source"": ""workstation2_log"", ""device"": ""workstation2"", ""task_type"": ""compilation, CPU load"", ""cpu_cores_active"": ""2"", ""library"": ""boost/describe"", ""task_files"": 53, ""llm_estimated_task_effort"": ""low"", ""textual_description"": ""The testsuite for boost/describe is being compiled and run."", ""command"": ""b2 --j 2 test"", ""directory"": "".../boost/libs/describe""}"
14045,1767875849,1767875849,1767875850,"{""inverter"": 1, ""source"": ""workstation2_log"", ""device"": ""workstation2"", ""task_type"": ""compilation, CPU load"", ""cpu_cores_active"": ""10"", ""library"": ""boost/hash2"", ""task_files"": 125, ""llm_estimated_task_effort"": ""low"", ""textual_description"": ""The testsuite for boost/hash2 is being compiled and run."", ""command"": ""b2 --j 10 test"", ""directory"": "".../boost/libs/hash2""}"
14046,1767876744,1767876744,1767876976,"{""inverter"": 1, ""source"": ""workstation1_log"", ""device"": ""workstation1"", ""task_type"": ""compilation, CPU load"", ""cpu_cores_active"": ""2"", ""library"": ""boost/sort"", ""task_files"": 17, ""llm_estimated_task_effort"": ""low"", ""textual_description"": ""The testsuite for boost/sort is being compiled and run."", ""command"": ""b2 --j 2 test"", ""directory"": "".../boost/libs/sort""}"
14047,1767876865,1767876865,1767876865,"{""inverter"": 1, ""source"": ""workstation2_log"", ""device"": ""workstation2"", ""task_type"": ""compilation, CPU load"", ""cpu_cores_active"": ""7"", ""library"": ""boost/type_traits"", ""task_files"": 229, ""llm_estimated_task_effort"": ""low"", ""textual_description"": ""The testsuite for boost/type_traits is being compiled and run."", ""command"": ""b2 --j 7 test"", ""directory"": "".../boost/libs/type_traits""}"
13922,1767876956,1767876956,1767877320,"{""inverter"": 1, ""source"": ""workstation2_log"", ""device"": ""workstation2"", ""task_type"": ""CNN fitting, GPU load"", ""model"": ""vgg19"", ""optim"": ""adam"", ""dataset"": ""CIFAR10"", ""batch_size"": 128, ""epochs"": 2, ""model_params"": 143667240, ""llm_estimated_task_effort"": ""medium"", ""textual_description"": ""The model vgg19 is fitted on CIFAR10 using adam for 2 epochs with bs=128.""}"
13923,1767877501,1767877501,1767877850,"{""inverter"": 1, ""source"": ""workstation2_log"", ""device"": ""workstation2"", ""task_type"": ""CNN fitting, GPU load"", ""model"": ""resnet18"", ""optim"": ""sgd"", ""dataset"": ""CIFAR10"", ""batch_size"": 128, ""epochs"": 2, ""model_params"": 11689512, ""llm_estimated_task_effort"": ""low"", ""textual_description"": ""The model resnet18 is fitted on CIFAR10 using sgd for 2 epochs with bs=128.""}"
14048,1767877676,1767877676,1767877760,"{""inverter"": 1, ""source"": ""workstation1_log"", ""device"": ""workstation1"", ""task_type"": ""compilation, CPU load"", ""cpu_cores_active"": ""7"", ""library"": ""boost/logic"", ""task_files"": 13, ""llm_estimated_task_effort"": ""low"", ""textual_description"": ""The testsuite for boost/logic is being compiled and run."", ""command"": ""b2 --j 7 test"", ""directory"": "".../boost/libs/logic""}"
14049,1767879009,1767879009,1767879009,"{""inverter"": 1, ""source"": ""workstation2_log"", ""device"": ""workstation2"", ""task_type"": ""compilation, CPU load"", ""cpu_cores_active"": ""1"", ""library"": ""boost/xpressive"", ""task_files"": 70, ""llm_estimated_task_effort"": ""high"", ""textual_description"": ""The testsuite for boost/xpressive is being compiled and run."", ""command"": ""b2 --j 1 test"", ""directory"": "".../boost/libs/xpressive""}"
14050,1767879244,1767879244,1767879245,"{""inverter"": 1, ""source"": ""workstation2_log"", ""device"": ""workstation2"", ""task_type"": ""compilation, CPU load"", ""cpu_cores_active"": ""10"", ""library"": ""boost/convert"", ""task_files"": 20, ""llm_estimated_task_effort"": ""low"", ""textual_description"": ""The testsuite for boost/convert is being compiled and run."", ""command"": ""b2 --j 10 test"", ""directory"": "".../boost/libs/convert""}"
14051,1767879813,1767879813,1767879814,"{""inverter"": 1, ""source"": ""workstation2_log"", ""device"": ""workstation2"", ""task_type"": ""compilation, CPU load"", ""cpu_cores_active"": ""6"", ""library"": ""boost/redis"", ""task_files"": 45, ""llm_estimated_task_effort"": ""medium"", ""textual_description"": ""The testsuite for boost/redis is being compiled and run."", ""command"": ""b2 --j 6 test"", ""directory"": "".../boost/libs/redis""}"
14052,1767880154,1767880154,1767880154,"{""inverter"": 1, ""source"": ""workstation2_log"", ""device"": ""workstation2"", ""task_type"": ""compilation, CPU load"", ""cpu_cores_active"": ""9"", ""library"": ""boost/log"", ""task_files"": 72, ""llm_estimated_task_effort"": ""high"", ""textual_description"": ""The testsuite for boost/log is being compiled and run."", ""command"": ""b2 --j 9 test"", ""directory"": "".../boost/libs/log""}"
13924,1767880200,1767880200,1767880548,"{""inverter"": 1, ""source"": ""workstation2_log"", ""device"": ""workstation2"", ""task_type"": ""CNN fitting, GPU load"", ""model"": ""vgg13"", ""optim"": ""sgd"", ""dataset"": ""CIFAR10"", ""batch_size"": 128, ""epochs"": 2, ""model_params"": 133047848, ""llm_estimated_task_effort"": ""medium"", ""textual_description"": ""The model vgg13 is fitted on CIFAR10 using sgd for 2 epochs with bs=128.""}"
14053,1767880357,1767880357,1767880358,"{""inverter"": 1, ""source"": ""workstation2_log"", ""device"": ""workstation2"", ""task_type"": ""compilation, CPU load"", ""cpu_cores_active"": ""6"", ""library"": ""boost/locale"", ""task_files"": 48, ""llm_estimated_task_effort"": ""high"", ""textual_description"": ""The testsuite for boost/locale is being compiled and run."", ""command"": ""b2 --j 6 test"", ""directory"": "".../boost/libs/locale""}"
14054,1767880772,1767880772,1767880773,"{""inverter"": 1, ""source"": ""workstation2_log"", ""device"": ""workstation2"", ""task_type"": ""compilation, CPU load"", ""cpu_cores_active"": ""9"", ""library"": ""boost/tti"", ""task_files"": 147, ""llm_estimated_task_effort"": ""low"", ""textual_description"": ""The testsuite for boost/tti is being compiled and run."", ""command"": ""b2 --j 9 test"", ""directory"": "".../boost/libs/tti""}"
13925,1767880961,1767880961,1767881317,"{""inverter"": 1, ""source"": ""workstation2_log"", ""device"": ""workstation2"", ""task_type"": ""CNN fitting, GPU load"", ""model"": ""vgg19"", ""optim"": ""adam"", ""dataset"": ""CIFAR10"", ""batch_size"": 128, ""epochs"": 2, ""model_params"": 143667240, ""llm_estimated_task_effort"": ""medium"", ""textual_description"": ""The model vgg19 is fitted on CIFAR10 using adam for 2 epochs with bs=128.""}"
14055,1767881152,1767881152,1767881153,"{""inverter"": 1, ""source"": ""workstation2_log"", ""device"": ""workstation2"", ""task_type"": ""compilation, CPU load"", ""cpu_cores_active"": ""8"", ""library"": ""boost/mqtt5"", ""task_files"": 45, ""llm_estimated_task_effort"": ""medium"", ""textual_description"": ""The testsuite for boost/mqtt5 is being compiled and run."", ""command"": ""b2 --j 8 test"", ""directory"": "".../boost/libs/mqtt5""}"
14056,1767881367,1767881367,1767881521,"{""inverter"": 1, ""source"": ""workstation1_log"", ""device"": ""workstation1"", ""task_type"": ""compilation, CPU load"", ""cpu_cores_active"": ""3"", ""library"": ""boost/type_traits"", ""task_files"": 229, ""llm_estimated_task_effort"": ""low"", ""textual_description"": ""The testsuite for boost/type_traits is being compiled and run."", ""command"": ""b2 --j 3 test"", ""directory"": "".../boost/libs/type_traits""}"
14057,1767881368,1767881368,1767881369,"{""inverter"": 1, ""source"": ""workstation2_log"", ""device"": ""workstation2"", ""task_type"": ""compilation, CPU load"", ""cpu_cores_active"": ""3"", ""library"": ""boost/preprocessor"", ""task_files"": 73, ""llm_estimated_task_effort"": ""medium"", ""textual_description"": ""The testsuite for boost/preprocessor is being compiled and run."", ""command"": ""b2 --j 3 test"", ""directory"": "".../boost/libs/preprocessor""}"
14058,1767881671,1767881671,1767881672,"{""inverter"": 1, ""source"": ""workstation2_log"", ""device"": ""workstation2"", ""task_type"": ""compilation, CPU load"", ""cpu_cores_active"": ""5"", ""library"": ""boost/polygon"", ""task_files"": 17, ""llm_estimated_task_effort"": ""high"", ""textual_description"": ""The testsuite for boost/polygon is being compiled and run."", ""command"": ""b2 --j 5 test"", ""directory"": "".../boost/libs/polygon""}"
13926,1767881675,1767881675,1767882868,"{""inverter"": 1, ""source"": ""workstation2_log"", ""device"": ""workstation2"", ""task_type"": ""CNN fitting, GPU load"", ""model"": ""swin_v2_s"", ""optim"": ""sgd"", ""dataset"": ""CIFAR10"", ""batch_size"": 128, ""epochs"": 2, ""model_params"": 49737442, ""llm_estimated_task_effort"": ""high"", ""textual_description"": ""The model swin_v2_s is fitted on CIFAR10 using sgd for 2 epochs with bs=128.""}"
14059,1767881773,1767881773,1767881774,"{""inverter"": 1, ""source"": ""workstation2_log"", ""device"": ""workstation2"", ""task_type"": ""compilation, CPU load"", ""cpu_cores_active"": ""8"", ""library"": ""boost/dll"", ""task_files"": 29, ""llm_estimated_task_effort"": ""low"", ""textual_description"": ""The testsuite for boost/dll is being compiled and run."", ""command"": ""b2 --j 8 test"", ""directory"": "".../boost/libs/dll""}"
14060,1767882495,1767882495,1767882600,"{""inverter"": 1, ""source"": ""workstation1_log"", ""device"": ""workstation1"", ""task_type"": ""compilation, CPU load"", ""cpu_cores_active"": ""3"", ""library"": ""boost/flyweight"", ""task_files"": 40, ""llm_estimated_task_effort"": ""low"", ""textual_description"": ""The testsuite for boost/flyweight is being compiled and run."", ""command"": ""b2 --j 3 test"", ""directory"": "".../boost/libs/flyweight""}"
14061,1767882539,1767882539,1767882541,"{""inverter"": 1, ""source"": ""workstation2_log"", ""device"": ""workstation2"", ""task_type"": ""compilation, CPU load"", ""cpu_cores_active"": ""1"", ""library"": ""boost/interprocess"", ""task_files"": 122, ""llm_estimated_task_effort"": ""high"", ""textual_description"": ""The testsuite for boost/interprocess is being compiled and run."", ""command"": ""b2 --j 1 test"", ""directory"": "".../boost/libs/interprocess""}"
14062,1767882879,1767882879,1767882957,"{""inverter"": 1, ""source"": ""workstation1_log"", ""device"": ""workstation1"", ""task_type"": ""compilation, CPU load"", ""cpu_cores_active"": ""4"", ""library"": ""boost/numeric"", ""task_files"": 0, ""llm_estimated_task_effort"": ""low"", ""textual_description"": ""The testsuite for boost/numeric is being compiled and run."", ""command"": ""b2 --j 4 test"", ""directory"": "".../boost/libs/numeric""}"
13927,1767882999,1767882999,1767883351,"{""inverter"": 1, ""source"": ""workstation2_log"", ""device"": ""workstation2"", ""task_type"": ""CNN fitting, GPU load"", ""model"": ""vgg13"", ""optim"": ""sgd"", ""dataset"": ""CIFAR10"", ""batch_size"": 128, ""epochs"": 2, ""model_params"": 133047848, ""llm_estimated_task_effort"": ""medium"", ""textual_description"": ""The model vgg13 is fitted on CIFAR10 using sgd for 2 epochs with bs=128.""}"
13928,1767883410,1767883410,1767883756,"{""inverter"": 1, ""source"": ""workstation2_log"", ""device"": ""workstation2"", ""task_type"": ""CNN fitting, GPU load"", ""model"": ""vgg11"", ""optim"": ""sgd"", ""dataset"": ""CIFAR10"", ""batch_size"": 128, ""epochs"": 2, ""model_params"": 132863336, ""llm_estimated_task_effort"": ""low"", ""textual_description"": ""The model vgg11 is fitted on CIFAR10 using sgd for 2 epochs with bs=128.""}"
14063,1767883528,1767883528,1767883529,"{""inverter"": 1, ""source"": ""workstation2_log"", ""device"": ""workstation2"", ""task_type"": ""compilation, CPU load"", ""cpu_cores_active"": ""2"", ""library"": ""boost/contract"", ""task_files"": 268, ""llm_estimated_task_effort"": ""medium"", ""textual_description"": ""The testsuite for boost/contract is being compiled and run."", ""command"": ""b2 --j 2 test"", ""directory"": "".../boost/libs/contract""}"
14064,1767883718,1767883718,1767883804,"{""inverter"": 1, ""source"": ""workstation1_log"", ""device"": ""workstation1"", ""task_type"": ""compilation, CPU load"", ""cpu_cores_active"": ""7"", ""library"": ""boost/compat"", ""task_files"": 65, ""llm_estimated_task_effort"": ""low"", ""textual_description"": ""The testsuite for boost/compat is being compiled and run."", ""command"": ""b2 --j 7 test"", ""directory"": "".../boost/libs/compat""}"
14065,1767884068,1767884068,1767884068,"{""inverter"": 1, ""source"": ""workstation2_log"", ""device"": ""workstation2"", ""task_type"": ""compilation, CPU load"", ""cpu_cores_active"": ""2"", ""library"": ""boost/url"", ""task_files"": 105, ""llm_estimated_task_effort"": ""low"", ""textual_description"": ""The testsuite for boost/url is being compiled and run."", ""command"": ""b2 --j 2 test"", ""directory"": "".../boost/libs/url""}"
14066,1767884199,1767884199,1767884199,"{""inverter"": 1, ""source"": ""workstation2_log"", ""device"": ""workstation2"", ""task_type"": ""compilation, CPU load"", ""cpu_cores_active"": ""7"", ""library"": ""boost/interprocess"", ""task_files"": 122, ""llm_estimated_task_effort"": ""high"", ""textual_description"": ""The testsuite for boost/interprocess is being compiled and run."", ""command"": ""b2 --j 7 test"", ""directory"": "".../boost/libs/interprocess""}"
13929,1767884261,1767884261,1767884719,"{""inverter"": 1, ""source"": ""workstation2_log"", ""device"": ""workstation2"", ""task_type"": ""CNN fitting, GPU load"", ""model"": ""wide_resnet50_2"", ""optim"": ""sgd"", ""dataset"": ""CIFAR10"", ""batch_size"": 128, ""epochs"": 2, ""model_params"": 68883240, ""llm_estimated_task_effort"": ""high"", ""textual_description"": ""The model wide_resnet50_2 is fitted on CIFAR10 using sgd for 2 epochs with bs=128.""}"
14067,1767884342,1767884342,1767884521,"{""inverter"": 1, ""source"": ""workstation1_log"", ""device"": ""workstation1"", ""task_type"": ""compilation, CPU load"", ""cpu_cores_active"": ""2"", ""library"": ""boost/date_time"", ""task_files"": 70, ""llm_estimated_task_effort"": ""low"", ""textual_description"": ""The testsuite for boost/date_time is being compiled and run."", ""command"": ""b2 --j 2 test"", ""directory"": "".../boost/libs/date_time""}"
14068,1767884548,1767884548,1767884646,"{""inverter"": 1, ""source"": ""workstation1_log"", ""device"": ""workstation1"", ""task_type"": ""compilation, CPU load"", ""cpu_cores_active"": ""8"", ""library"": ""boost/polygon"", ""task_files"": 17, ""llm_estimated_task_effort"": ""high"", ""textual_description"": ""The testsuite for boost/polygon is being compiled and run."", ""command"": ""b2 --j 8 test"", ""directory"": "".../boost/libs/polygon""}"
14069,1767884839,1767884839,1767884953,"{""inverter"": 1, ""source"": ""workstation1_log"", ""device"": ""workstation1"", ""task_type"": ""compilation, CPU load"", ""cpu_cores_active"": ""6"", ""library"": ""boost/msm"", ""task_files"": 57, ""llm_estimated_task_effort"": ""high"", ""textual_description"": ""The testsuite for boost/msm is being compiled and run."", ""command"": ""b2 --j 6 test"", ""directory"": "".../boost/libs/msm""}"
14070,1767884971,1767884971,1767884971,"{""inverter"": 1, ""source"": ""workstation2_log"", ""device"": ""workstation2"", ""task_type"": ""compilation, CPU load"", ""cpu_cores_active"": ""3"", ""library"": ""boost/signals2"", ""task_files"": 23, ""llm_estimated_task_effort"": ""low"", ""textual_description"": ""The testsuite for boost/signals2 is being compiled and run."", ""command"": ""b2 --j 3 test"", ""directory"": "".../boost/libs/signals2""}"
14071,1767885005,1767885005,1767885080,"{""inverter"": 1, ""source"": ""workstation1_log"", ""device"": ""workstation1"", ""task_type"": ""compilation, CPU load"", ""cpu_cores_active"": ""1"", ""library"": ""boost/property_map_parallel"", ""task_files"": 0, ""llm_estimated_task_effort"": ""low"", ""textual_description"": ""The testsuite for boost/property_map_parallel is being compiled and run."", ""command"": ""b2 --j 1 test"", ""directory"": "".../boost/libs/property_map_parallel""}"
14072,1767885182,1767885182,1767885301,"{""inverter"": 1, ""source"": ""workstation1_log"", ""device"": ""workstation1"", ""task_type"": ""compilation, CPU load"", ""cpu_cores_active"": ""2"", ""library"": ""boost/hof"", ""task_files"": 63, ""llm_estimated_task_effort"": ""low"", ""textual_description"": ""The testsuite for boost/hof is being compiled and run."", ""command"": ""b2 --j 2 test"", ""directory"": "".../boost/libs/hof""}"
14073,1767885315,1767885315,1767885426,"{""inverter"": 1, ""source"": ""workstation1_log"", ""device"": ""workstation1"", ""task_type"": ""compilation, CPU load"", ""cpu_cores_active"": ""3"", ""library"": ""boost/process"", ""task_files"": 76, ""llm_estimated_task_effort"": ""medium"", ""textual_description"": ""The testsuite for boost/process is being compiled and run."", ""command"": ""b2 --j 3 test"", ""directory"": "".../boost/libs/process""}"
13930,1767885398,1767885398,1767886171,"{""inverter"": 1, ""source"": ""workstation2_log"", ""device"": ""workstation2"", ""task_type"": ""CNN fitting, GPU load"", ""model"": ""densenet121"", ""optim"": ""sgd"", ""dataset"": ""CIFAR10"", ""batch_size"": 128, ""epochs"": 2, ""model_params"": 7978856, ""llm_estimated_task_effort"": ""medium"", ""textual_description"": ""The model densenet121 is fitted on CIFAR10 using sgd for 2 epochs with bs=128.""}"
14074,1767885523,1767885523,1767885524,"{""inverter"": 1, ""source"": ""workstation2_log"", ""device"": ""workstation2"", ""task_type"": ""compilation, CPU load"", ""cpu_cores_active"": ""1"", ""library"": ""boost/statechart"", ""task_files"": 67, ""llm_estimated_task_effort"": ""high"", ""textual_description"": ""The testsuite for boost/statechart is being compiled and run."", ""command"": ""b2 --j 1 test"", ""directory"": "".../boost/libs/statechart""}"
14075,1767885539,1767885539,1767885891,"{""inverter"": 1, ""source"": ""workstation1_log"", ""device"": ""workstation1"", ""task_type"": ""compilation, CPU load"", ""cpu_cores_active"": ""1"", ""library"": ""boost/sort"", ""task_files"": 17, ""llm_estimated_task_effort"": ""low"", ""textual_description"": ""The testsuite for boost/sort is being compiled and run."", ""command"": ""b2 --j 1 test"", ""directory"": "".../boost/libs/sort""}"
14076,1767885934,1767885934,1767886019,"{""inverter"": 1, ""source"": ""workstation1_log"", ""device"": ""workstation1"", ""task_type"": ""compilation, CPU load"", ""cpu_cores_active"": ""4"", ""library"": ""boost/tokenizer"", ""task_files"": 9, ""llm_estimated_task_effort"": ""low"", ""textual_description"": ""The testsuite for boost/tokenizer is being compiled and run."", ""command"": ""b2 --j 4 test"", ""directory"": "".../boost/libs/tokenizer""}"
14077,1767886379,1767886379,1767886473,"{""inverter"": 1, ""source"": ""workstation1_log"", ""device"": ""workstation1"", ""task_type"": ""compilation, CPU load"", ""cpu_cores_active"": ""9"", ""library"": ""boost/coroutine2"", ""task_files"": 2, ""llm_estimated_task_effort"": ""high"", ""textual_description"": ""The testsuite for boost/coroutine2 is being compiled and run."", ""command"": ""b2 --j 9 test"", ""directory"": "".../boost/libs/coroutine2""}"
13931,1767886622,1767886622,1767886985,"{""inverter"": 1, ""source"": ""workstation2_log"", ""device"": ""workstation2"", ""task_type"": ""CNN fitting, GPU load"", ""model"": ""vgg11"", ""optim"": ""sgd"", ""dataset"": ""CIFAR10"", ""batch_size"": 128, ""epochs"": 2, ""model_params"": 132863336, ""llm_estimated_task_effort"": ""low"", ""textual_description"": ""The model vgg11 is fitted on CIFAR10 using sgd for 2 epochs with bs=128.""}"
14078,1767887108,1767887108,1767887109,"{""inverter"": 1, ""source"": ""workstation2_log"", ""device"": ""workstation2"", ""task_type"": ""compilation, CPU load"", ""cpu_cores_active"": ""8"", ""library"": ""boost/type_erasure"", ""task_files"": 61, ""llm_estimated_task_effort"": ""low"", ""textual_description"": ""The testsuite for boost/type_erasure is being compiled and run."", ""command"": ""b2 --j 8 test"", ""directory"": "".../boost/libs/type_erasure""}"
14079,1767887389,1767887389,1767887389,"{""inverter"": 1, ""source"": ""workstation2_log"", ""device"": ""workstation2"", ""task_type"": ""compilation, CPU load"", ""cpu_cores_active"": ""6"", ""library"": ""boost/hash2"", ""task_files"": 125, ""llm_estimated_task_effort"": ""low"", ""textual_description"": ""The testsuite for boost/hash2 is being compiled and run."", ""command"": ""b2 --j 6 test"", ""directory"": "".../boost/libs/hash2""}"
14080,1767887703,1767887703,1767887811,"{""inverter"": 1, ""source"": ""workstation1_log"", ""device"": ""workstation1"", ""task_type"": ""compilation, CPU load"", ""cpu_cores_active"": ""7"", ""library"": ""boost/signals2"", ""task_files"": 23, ""llm_estimated_task_effort"": ""low"", ""textual_description"": ""The testsuite for boost/signals2 is being compiled and run."", ""command"": ""b2 --j 7 test"", ""directory"": "".../boost/libs/signals2""}"
14081,1767887902,1767887902,1767888134,"{""inverter"": 1, ""source"": ""workstation1_log"", ""device"": ""workstation1"", ""task_type"": ""compilation, CPU load"", ""cpu_cores_active"": ""8"", ""library"": ""boost/unordered"", ""task_files"": 192, ""llm_estimated_task_effort"": ""low"", ""textual_description"": ""The testsuite for boost/unordered is being compiled and run."", ""command"": ""b2 --j 8 test"", ""directory"": "".../boost/libs/unordered""}"
13932,1767887967,1767887967,1767889256,"{""inverter"": 1, ""source"": ""workstation2_log"", ""device"": ""workstation2"", ""task_type"": ""CNN fitting, GPU load"", ""model"": ""swin_v2_s"", ""optim"": ""adam"", ""dataset"": ""CIFAR10"", ""batch_size"": 128, ""epochs"": 2, ""model_params"": 49737442, ""llm_estimated_task_effort"": ""high"", ""textual_description"": ""The model swin_v2_s is fitted on CIFAR10 using adam for 2 epochs with bs=128.""}"
14161,1767889541,1767889541,1767889622,"{""inverter"": 1, ""source"": ""workstation1_log"", ""device"": ""workstation1"", ""task_type"": ""compilation, CPU load"", ""cpu_cores_active"": ""9"", ""library"": ""boost/static_assert"", ""task_files"": 17, ""llm_estimated_task_effort"": ""low"", ""textual_description"": ""The testsuite for boost/static_assert is being compiled and run."", ""command"": ""b2 --j 9 test"", ""directory"": "".../boost/libs/static_assert""}"
14162,1767889667,1767889667,1767889778,"{""inverter"": 1, ""source"": ""workstation1_log"", ""device"": ""workstation1"", ""task_type"": ""compilation, CPU load"", ""cpu_cores_active"": ""7"", ""library"": ""boost/container"", ""task_files"": 98, ""llm_estimated_task_effort"": ""high"", ""textual_description"": ""The testsuite for boost/container is being compiled and run."", ""command"": ""b2 --j 7 test"", ""directory"": "".../boost/libs/container""}"
14163,1767889753,1767889753,1767889754,"{""inverter"": 1, ""source"": ""workstation2_log"", ""device"": ""workstation2"", ""task_type"": ""compilation, CPU load"", ""cpu_cores_active"": ""4"", ""library"": ""boost/proto"", ""task_files"": 24, ""llm_estimated_task_effort"": ""low"", ""textual_description"": ""The testsuite for boost/proto is being compiled and run."", ""command"": ""b2 --j 4 test"", ""directory"": "".../boost/libs/proto""}"
14164,1767890047,1767890047,1767890048,"{""inverter"": 1, ""source"": ""workstation2_log"", ""device"": ""workstation2"", ""task_type"": ""compilation, CPU load"", ""cpu_cores_active"": ""2"", ""library"": ""boost/metaparse"", ""task_files"": 113, ""llm_estimated_task_effort"": ""medium"", ""textual_description"": ""The testsuite for boost/metaparse is being compiled and run."", ""command"": ""b2 --j 2 test"", ""directory"": "".../boost/libs/metaparse""}"
14082,1767890853,1767890853,1767891362,"{""inverter"": 1, ""source"": ""workstation2_log"", ""device"": ""workstation2"", ""task_type"": ""CNN fitting, GPU load"", ""model"": ""wide_resnet50_2"", ""optim"": ""adam"", ""dataset"": ""CIFAR10"", ""batch_size"": 128, ""epochs"": 2, ""model_params"": 68883240, ""llm_estimated_task_effort"": ""high"", ""textual_description"": ""The model wide_resnet50_2 is fitted on CIFAR10 using adam for 2 epochs with bs=128.""}"
14165,1767890980,1767890980,1767890981,"{""inverter"": 1, ""source"": ""workstation2_log"", ""device"": ""workstation2"", ""task_type"": ""compilation, CPU load"", ""cpu_cores_active"": ""4"", ""library"": ""boost/qvm"", ""task_files"": 141, ""llm_estimated_task_effort"": ""low"", ""textual_description"": ""The testsuite for boost/qvm is being compiled and run."", ""command"": ""b2 --j 4 test"", ""directory"": "".../boost/libs/qvm""}"
14166,1767891239,1767891239,1767891335,"{""inverter"": 1, ""source"": ""workstation1_log"", ""device"": ""workstation1"", ""task_type"": ""compilation, CPU load"", ""cpu_cores_active"": ""9"", ""library"": ""boost/move"", ""task_files"": 34, ""llm_estimated_task_effort"": ""low"", ""textual_description"": ""The testsuite for boost/move is being compiled and run."", ""command"": ""b2 --j 9 test"", ""directory"": "".../boost/libs/move""}"
14167,1767891246,1767891246,1767891247,"{""inverter"": 1, ""source"": ""workstation2_log"", ""device"": ""workstation2"", ""task_type"": ""compilation, CPU load"", ""cpu_cores_active"": ""3"", ""library"": ""boost/preprocessor"", ""task_files"": 73, ""llm_estimated_task_effort"": ""medium"", ""textual_description"": ""The testsuite for boost/preprocessor is being compiled and run."", ""command"": ""b2 --j 3 test"", ""directory"": "".../boost/libs/preprocessor""}"
14168,1767891372,1767891372,1767891372,"{""inverter"": 1, ""source"": ""workstation2_log"", ""device"": ""workstation2"", ""task_type"": ""compilation, CPU load"", ""cpu_cores_active"": ""10"", ""library"": ""boost/asio"", ""task_files"": 386, ""llm_estimated_task_effort"": ""high"", ""textual_description"": ""The testsuite for boost/asio is being compiled and run."", ""command"": ""b2 --j 10 test"", ""directory"": "".../boost/libs/asio""}"
14169,1767891571,1767891571,1767891572,"{""inverter"": 1, ""source"": ""workstation2_log"", ""device"": ""workstation2"", ""task_type"": ""compilation, CPU load"", ""cpu_cores_active"": ""3"", ""library"": ""boost/function"", ""task_files"": 43, ""llm_estimated_task_effort"": ""low"", ""textual_description"": ""The testsuite for boost/function is being compiled and run."", ""command"": ""b2 --j 3 test"", ""directory"": "".../boost/libs/function""}"
14170,1767891599,1767891599,1767891714,"{""inverter"": 1, ""source"": ""workstation1_log"", ""device"": ""workstation1"", ""task_type"": ""compilation, CPU load"", ""cpu_cores_active"": ""4"", ""library"": ""boost/outcome"", ""task_files"": 55, ""llm_estimated_task_effort"": ""low"", ""textual_description"": ""The testsuite for boost/outcome is being compiled and run."", ""command"": ""b2 --j 4 test"", ""directory"": "".../boost/libs/outcome""}"
14083,1767891617,1767891617,1767891980,"{""inverter"": 1, ""source"": ""workstation2_log"", ""device"": ""workstation2"", ""task_type"": ""CNN fitting, GPU load"", ""model"": ""vgg19"", ""optim"": ""adam"", ""dataset"": ""CIFAR10"", ""batch_size"": 128, ""epochs"": 2, ""model_params"": 143667240, ""llm_estimated_task_effort"": ""medium"", ""textual_description"": ""The model vgg19 is fitted on CIFAR10 using adam for 2 epochs with bs=128.""}"
14171,1767891831,1767891831,1767891832,"{""inverter"": 1, ""source"": ""workstation2_log"", ""device"": ""workstation2"", ""task_type"": ""compilation, CPU load"", ""cpu_cores_active"": ""5"", ""library"": ""boost/function_types"", ""task_files"": 47, ""llm_estimated_task_effort"": ""low"", ""textual_description"": ""The testsuite for boost/function_types is being compiled and run."", ""command"": ""b2 --j 5 test"", ""directory"": "".../boost/libs/function_types""}"
14172,1767891907,1767891907,1767891908,"{""inverter"": 1, ""source"": ""workstation2_log"", ""device"": ""workstation2"", ""task_type"": ""compilation, CPU load"", ""cpu_cores_active"": ""5"", ""library"": ""boost/parser"", ""task_files"": 40, ""llm_estimated_task_effort"": ""low"", ""textual_description"": ""The testsuite for boost/parser is being compiled and run."", ""command"": ""b2 --j 5 test"", ""directory"": "".../boost/libs/parser""}"
14173,1767892261,1767892261,1767892343,"{""inverter"": 1, ""source"": ""workstation1_log"", ""device"": ""workstation1"", ""task_type"": ""compilation, CPU load"", ""cpu_cores_active"": ""5"", ""library"": ""boost/throw_exception"", ""task_files"": 36, ""llm_estimated_task_effort"": ""low"", ""textual_description"": ""The testsuite for boost/throw_exception is being compiled and run."", ""command"": ""b2 --j 5 test"", ""directory"": "".../boost/libs/throw_exception""}"
14174,1767892300,1767892300,1767892300,"{""inverter"": 1, ""source"": ""workstation2_log"", ""device"": ""workstation2"", ""task_type"": ""compilation, CPU load"", ""cpu_cores_active"": ""4"", ""library"": ""boost/type_index"", ""task_files"": 19, ""llm_estimated_task_effort"": ""low"", ""textual_description"": ""The testsuite for boost/type_index is being compiled and run."", ""command"": ""b2 --j 4 test"", ""directory"": "".../boost/libs/type_index""}"
14175,1767892374,1767892374,1767892457,"{""inverter"": 1, ""source"": ""workstation1_log"", ""device"": ""workstation1"", ""task_type"": ""compilation, CPU load"", ""cpu_cores_active"": ""1"", ""library"": ""boost/cobalt"", ""task_files"": 44, ""llm_estimated_task_effort"": ""medium"", ""textual_description"": ""The testsuite for boost/cobalt is being compiled and run."", ""command"": ""b2 --j 1 test"", ""directory"": "".../boost/libs/cobalt""}"
14176,1767892626,1767892626,1767892627,"{""inverter"": 1, ""source"": ""workstation2_log"", ""device"": ""workstation2"", ""task_type"": ""compilation, CPU load"", ""cpu_cores_active"": ""8"", ""library"": ""boost/optional"", ""task_files"": 82, ""llm_estimated_task_effort"": ""low"", ""textual_description"": ""The testsuite for boost/optional is being compiled and run."", ""command"": ""b2 --j 8 test"", ""directory"": "".../boost/libs/optional""}"
14084,1767892637,1767892637,1767892999,"{""inverter"": 1, ""source"": ""workstation2_log"", ""device"": ""workstation2"", ""task_type"": ""CNN fitting, GPU load"", ""model"": ""vgg19"", ""optim"": ""adam"", ""dataset"": ""CIFAR10"", ""batch_size"": 128, ""epochs"": 2, ""model_params"": 143667240, ""llm_estimated_task_effort"": ""medium"", ""textual_description"": ""The model vgg19 is fitted on CIFAR10 using adam for 2 epochs with bs=128.""}"
14177,1767892856,1767892856,1767892944,"{""inverter"": 1, ""source"": ""workstation1_log"", ""device"": ""workstation1"", ""task_type"": ""compilation, CPU load"", ""cpu_cores_active"": ""10"", ""library"": ""boost/pool"", ""task_files"": 22, ""llm_estimated_task_effort"": ""low"", ""textual_description"": ""The testsuite for boost/pool is being compiled and run."", ""command"": ""b2 --j 10 test"", ""directory"": "".../boost/libs/pool""}"
14085,1767893059,1767893059,1767893408,"{""inverter"": 1, ""source"": ""workstation2_log"", ""device"": ""workstation2"", ""task_type"": ""CNN fitting, GPU load"", ""model"": ""vgg19"", ""optim"": ""sgd"", ""dataset"": ""CIFAR10"", ""batch_size"": 128, ""epochs"": 2, ""model_params"": 143667240, ""llm_estimated_task_effort"": ""medium"", ""textual_description"": ""The model vgg19 is fitted on CIFAR10 using sgd for 2 epochs with bs=128.""}"
14178,1767893331,1767893331,1767893332,"{""inverter"": 1, ""source"": ""workstation2_log"", ""device"": ""workstation2"", ""task_type"": ""compilation, CPU load"", ""cpu_cores_active"": ""2"", ""library"": ""boost/type_index"", ""task_files"": 19, ""llm_estimated_task_effort"": ""low"", ""textual_description"": ""The testsuite for boost/type_index is being compiled and run."", ""command"": ""b2 --j 2 test"", ""directory"": "".../boost/libs/type_index""}"
14086,1767893746,1767893746,1767894084,"{""inverter"": 1, ""source"": ""workstation2_log"", ""device"": ""workstation2"", ""task_type"": ""CNN fitting, GPU load"", ""model"": ""vgg11"", ""optim"": ""adam"", ""dataset"": ""CIFAR10"", ""batch_size"": 128, ""epochs"": 2, ""model_params"": 132863336, ""llm_estimated_task_effort"": ""low"", ""textual_description"": ""The model vgg11 is fitted on CIFAR10 using adam for 2 epochs with bs=128.""}"
14179,1767893792,1767893792,1767893879,"{""inverter"": 1, ""source"": ""workstation1_log"", ""device"": ""workstation1"", ""task_type"": ""compilation, CPU load"", ""cpu_cores_active"": ""3"", ""library"": ""boost/bloom"", ""task_files"": 14, ""llm_estimated_task_effort"": ""low"", ""textual_description"": ""The testsuite for boost/bloom is being compiled and run."", ""command"": ""b2 --j 3 test"", ""directory"": "".../boost/libs/bloom""}"
14180,1767894022,1767894022,1767894109,"{""inverter"": 1, ""source"": ""workstation1_log"", ""device"": ""workstation1"", ""task_type"": ""compilation, CPU load"", ""cpu_cores_active"": ""8"", ""library"": ""boost/parameter_python"", ""task_files"": 3, ""llm_estimated_task_effort"": ""low"", ""textual_description"": ""The testsuite for boost/parameter_python is being compiled and run."", ""command"": ""b2 --j 8 test"", ""directory"": "".../boost/libs/parameter_python""}"
14087,1767894231,1767894231,1767895436,"{""inverter"": 1, ""source"": ""workstation2_log"", ""device"": ""workstation2"", ""task_type"": ""CNN fitting, GPU load"", ""model"": ""swin_v2_s"", ""optim"": ""sgd"", ""dataset"": ""CIFAR10"", ""batch_size"": 128, ""epochs"": 2, ""model_params"": 49737442, ""llm_estimated_task_effort"": ""high"", ""textual_description"": ""The model swin_v2_s is fitted on CIFAR10 using sgd for 2 epochs with bs=128.""}"
14181,1767894552,1767894552,1767894657,"{""inverter"": 1, ""source"": ""workstation1_log"", ""device"": ""workstation1"", ""task_type"": ""compilation, CPU load"", ""cpu_cores_active"": ""2"", ""library"": ""boost/iterator"", ""task_files"": 55, ""llm_estimated_task_effort"": ""low"", ""textual_description"": ""The testsuite for boost/iterator is being compiled and run."", ""command"": ""b2 --j 2 test"", ""directory"": "".../boost/libs/iterator""}"
14182,1767894609,1767894609,1767894610,"{""inverter"": 1, ""source"": ""workstation2_log"", ""device"": ""workstation2"", ""task_type"": ""compilation, CPU load"", ""cpu_cores_active"": ""9"", ""library"": ""boost/headers"", ""task_files"": 0, ""llm_estimated_task_effort"": ""low"", ""textual_description"": ""The testsuite for boost/headers is being compiled and run."", ""command"": ""b2 --j 9 test"", ""directory"": "".../boost/libs/headers""}"
14183,1767894744,1767894744,1767894745,"{""inverter"": 1, ""source"": ""workstation2_log"", ""device"": ""workstation2"", ""task_type"": ""compilation, CPU load"", ""cpu_cores_active"": ""2"", ""library"": ""boost/assert"", ""task_files"": 25, ""llm_estimated_task_effort"": ""low"", ""textual_description"": ""The testsuite for boost/assert is being compiled and run."", ""command"": ""b2 --j 2 test"", ""directory"": "".../boost/libs/assert""}"
14184,1767895285,1767895285,1767895784,"{""inverter"": 1, ""source"": ""workstation1_log"", ""device"": ""workstation1"", ""task_type"": ""compilation, CPU load"", ""cpu_cores_active"": ""2"", ""library"": ""boost/serialization"", ""task_files"": 150, ""llm_estimated_task_effort"": ""high"", ""textual_description"": ""The testsuite for boost/serialization is being compiled and run."", ""command"": ""b2 --j 2 test"", ""directory"": "".../boost/libs/serialization""}"
14185,1767895768,1767895768,1767895768,"{""inverter"": 1, ""source"": ""workstation2_log"", ""device"": ""workstation2"", ""task_type"": ""compilation, CPU load"", ""cpu_cores_active"": ""1"", ""library"": ""boost/conversion"", ""task_files"": 8, ""llm_estimated_task_effort"": ""low"", ""textual_description"": ""The testsuite for boost/conversion is being compiled and run."", ""command"": ""b2 --j 1 test"", ""directory"": "".../boost/libs/conversion""}"
14186,1767896185,1767896185,1767896185,"{""inverter"": 1, ""source"": ""workstation2_log"", ""device"": ""workstation2"", ""task_type"": ""compilation, CPU load"", ""cpu_cores_active"": ""5"", ""library"": ""boost/numeric"", ""task_files"": 0, ""llm_estimated_task_effort"": ""low"", ""textual_description"": ""The testsuite for boost/numeric is being compiled and run."", ""command"": ""b2 --j 5 test"", ""directory"": "".../boost/libs/numeric""}"
14187,1767896466,1767896466,1767896466,"{""inverter"": 1, ""source"": ""workstation2_log"", ""device"": ""workstation2"", ""task_type"": ""compilation, CPU load"", ""cpu_cores_active"": ""5"", ""library"": ""boost/outcome"", ""task_files"": 55, ""llm_estimated_task_effort"": ""low"", ""textual_description"": ""The testsuite for boost/outcome is being compiled and run."", ""command"": ""b2 --j 5 test"", ""directory"": "".../boost/libs/outcome""}"
14188,1767896665,1767896665,1767896666,"{""inverter"": 1, ""source"": ""workstation2_log"", ""device"": ""workstation2"", ""task_type"": ""compilation, CPU load"", ""cpu_cores_active"": ""2"", ""library"": ""boost/lambda"", ""task_files"": 27, ""llm_estimated_task_effort"": ""low"", ""textual_description"": ""The testsuite for boost/lambda is being compiled and run."", ""command"": ""b2 --j 2 test"", ""directory"": "".../boost/libs/lambda""}"
14189,1767897384,1767897384,1767897385,"{""inverter"": 1, ""source"": ""workstation2_log"", ""device"": ""workstation2"", ""task_type"": ""compilation, CPU load"", ""cpu_cores_active"": ""2"", ""library"": ""boost/interprocess"", ""task_files"": 122, ""llm_estimated_task_effort"": ""high"", ""textual_description"": ""The testsuite for boost/interprocess is being compiled and run."", ""command"": ""b2 --j 2 test"", ""directory"": "".../boost/libs/interprocess""}"
14190,1767897428,1767897428,1767897599,"{""inverter"": 1, ""source"": ""workstation1_log"", ""device"": ""workstation1"", ""task_type"": ""compilation, CPU load"", ""cpu_cores_active"": ""2"", ""library"": ""boost/mqtt5"", ""task_files"": 45, ""llm_estimated_task_effort"": ""medium"", ""textual_description"": ""The testsuite for boost/mqtt5 is being compiled and run."", ""command"": ""b2 --j 2 test"", ""directory"": "".../boost/libs/mqtt5""}"
14088,1767897838,1767897838,1767898198,"{""inverter"": 1, ""source"": ""workstation2_log"", ""device"": ""workstation2"", ""task_type"": ""CNN fitting, GPU load"", ""model"": ""resnet18"", ""optim"": ""sgd"", ""dataset"": ""CIFAR10"", ""batch_size"": 128, ""epochs"": 2, ""model_params"": 11689512, ""llm_estimated_task_effort"": ""low"", ""textual_description"": ""The model resnet18 is fitted on CIFAR10 using sgd for 2 epochs with bs=128.""}"
14191,1767898223,1767898223,1767898328,"{""inverter"": 1, ""source"": ""workstation1_log"", ""device"": ""workstation1"", ""task_type"": ""compilation, CPU load"", ""cpu_cores_active"": ""4"", ""library"": ""boost/bind"", ""task_files"": 81, ""llm_estimated_task_effort"": ""low"", ""textual_description"": ""The testsuite for boost/bind is being compiled and run."", ""command"": ""b2 --j 4 test"", ""directory"": "".../boost/libs/bind""}"
14192,1767898915,1767898915,1767899016,"{""inverter"": 1, ""source"": ""workstation1_log"", ""device"": ""workstation1"", ""task_type"": ""compilation, CPU load"", ""cpu_cores_active"": ""6"", ""library"": ""boost/variant"", ""task_files"": 37, ""llm_estimated_task_effort"": ""low"", ""textual_description"": ""The testsuite for boost/variant is being compiled and run."", ""command"": ""b2 --j 6 test"", ""directory"": "".../boost/libs/variant""}"
14089,1767899116,1767899116,1767899483,"{""inverter"": 1, ""source"": ""workstation2_log"", ""device"": ""workstation2"", ""task_type"": ""CNN fitting, GPU load"", ""model"": ""vgg19"", ""optim"": ""adam"", ""dataset"": ""CIFAR10"", ""batch_size"": 128, ""epochs"": 2, ""model_params"": 143667240, ""llm_estimated_task_effort"": ""medium"", ""textual_description"": ""The model vgg19 is fitted on CIFAR10 using adam for 2 epochs with bs=128.""}"
14193,1767899197,1767899197,1767899283,"{""inverter"": 1, ""source"": ""workstation1_log"", ""device"": ""workstation1"", ""task_type"": ""compilation, CPU load"", ""cpu_cores_active"": ""9"", ""library"": ""boost/tti"", ""task_files"": 147, ""llm_estimated_task_effort"": ""low"", ""textual_description"": ""The testsuite for boost/tti is being compiled and run."", ""command"": ""b2 --j 9 test"", ""directory"": "".../boost/libs/tti""}"
14194,1767899361,1767899361,1767899363,"{""inverter"": 1, ""source"": ""workstation2_log"", ""device"": ""workstation2"", ""task_type"": ""compilation, CPU load"", ""cpu_cores_active"": ""4"", ""library"": ""boost/tti"", ""task_files"": 147, ""llm_estimated_task_effort"": ""low"", ""textual_description"": ""The testsuite for boost/tti is being compiled and run."", ""command"": ""b2 --j 4 test"", ""directory"": "".../boost/libs/tti""}"
14195,1767899544,1767899544,1767899627,"{""inverter"": 1, ""source"": ""workstation1_log"", ""device"": ""workstation1"", ""task_type"": ""compilation, CPU load"", ""cpu_cores_active"": ""5"", ""library"": ""boost/throw_exception"", ""task_files"": 36, ""llm_estimated_task_effort"": ""low"", ""textual_description"": ""The testsuite for boost/throw_exception is being compiled and run."", ""command"": ""b2 --j 5 test"", ""directory"": "".../boost/libs/throw_exception""}"
14090,1767899613,1767899613,1767900479,"{""inverter"": 1, ""source"": ""workstation2_log"", ""device"": ""workstation2"", ""task_type"": ""CNN fitting, GPU load"", ""model"": ""densenet121"", ""optim"": ""adam"", ""dataset"": ""CIFAR10"", ""batch_size"": 128, ""epochs"": 2, ""model_params"": 7978856, ""llm_estimated_task_effort"": ""medium"", ""textual_description"": ""The model densenet121 is fitted on CIFAR10 using adam for 2 epochs with bs=128.""}"
14196,1767899737,1767899737,1767899739,"{""inverter"": 1, ""source"": ""workstation2_log"", ""device"": ""workstation2"", ""task_type"": ""compilation, CPU load"", ""cpu_cores_active"": ""3"", ""library"": ""boost/url"", ""task_files"": 105, ""llm_estimated_task_effort"": ""low"", ""textual_description"": ""The testsuite for boost/url is being compiled and run."", ""command"": ""b2 --j 3 test"", ""directory"": "".../boost/libs/url""}"
14197,1767900652,1767900652,1767900653,"{""inverter"": 1, ""source"": ""workstation2_log"", ""device"": ""workstation2"", ""task_type"": ""compilation, CPU load"", ""cpu_cores_active"": ""9"", ""library"": ""boost/stl_interfaces"", ""task_files"": 18, ""llm_estimated_task_effort"": ""low"", ""textual_description"": ""The testsuite for boost/stl_interfaces is being compiled and run."", ""command"": ""b2 --j 9 test"", ""directory"": "".../boost/libs/stl_interfaces""}"
14198,1767900946,1767900946,1767900946,"{""inverter"": 1, ""source"": ""workstation2_log"", ""device"": ""workstation2"", ""task_type"": ""compilation, CPU load"", ""cpu_cores_active"": ""8"", ""library"": ""boost/test"", ""task_files"": 112, ""llm_estimated_task_effort"": ""low"", ""textual_description"": ""The testsuite for boost/test is being compiled and run."", ""command"": ""b2 --j 8 test"", ""directory"": "".../boost/libs/test""}"
14091,1767901178,1767901178,1767901536,"{""inverter"": 1, ""source"": ""workstation2_log"", ""device"": ""workstation2"", ""task_type"": ""CNN fitting, GPU load"", ""model"": ""vgg11"", ""optim"": ""adam"", ""dataset"": ""CIFAR10"", ""batch_size"": 128, ""epochs"": 2, ""model_params"": 132863336, ""llm_estimated_task_effort"": ""low"", ""textual_description"": ""The model vgg11 is fitted on CIFAR10 using adam for 2 epochs with bs=128.""}"
14199,1767901368,1767901368,1767901684,"{""inverter"": 1, ""source"": ""workstation1_log"", ""device"": ""workstation1"", ""task_type"": ""compilation, CPU load"", ""cpu_cores_active"": ""3"", ""library"": ""boost/asio"", ""task_files"": 386, ""llm_estimated_task_effort"": ""high"", ""textual_description"": ""The testsuite for boost/asio is being compiled and run."", ""command"": ""b2 --j 3 test"", ""directory"": "".../boost/libs/asio""}"
14200,1767901704,1767901704,1767901704,"{""inverter"": 1, ""source"": ""workstation2_log"", ""device"": ""workstation2"", ""task_type"": ""compilation, CPU load"", ""cpu_cores_active"": ""6"", ""library"": ""boost/static_string"", ""task_files"": 5, ""llm_estimated_task_effort"": ""low"", ""textual_description"": ""The testsuite for boost/static_string is being compiled and run."", ""command"": ""b2 --j 6 test"", ""directory"": "".../boost/libs/static_string""}"
14201,1767901911,1767901911,1767901912,"{""inverter"": 1, ""source"": ""workstation2_log"", ""device"": ""workstation2"", ""task_type"": ""compilation, CPU load"", ""cpu_cores_active"": ""5"", ""library"": ""boost/iterator"", ""task_files"": 55, ""llm_estimated_task_effort"": ""low"", ""textual_description"": ""The testsuite for boost/iterator is being compiled and run."", ""command"": ""b2 --j 5 test"", ""directory"": "".../boost/libs/iterator""}"
14202,1767902134,1767902134,1767902135,"{""inverter"": 1, ""source"": ""workstation2_log"", ""device"": ""workstation2"", ""task_type"": ""compilation, CPU load"", ""cpu_cores_active"": ""7"", ""library"": ""boost/any"", ""task_files"": 47, ""llm_estimated_task_effort"": ""low"", ""textual_description"": ""The testsuite for boost/any is being compiled and run."", ""command"": ""b2 --j 7 test"", ""directory"": "".../boost/libs/any""}"
14203,1767902324,1767902324,1767902408,"{""inverter"": 1, ""source"": ""workstation1_log"", ""device"": ""workstation1"", ""task_type"": ""compilation, CPU load"", ""cpu_cores_active"": ""5"", ""library"": ""boost/tuple"", ""task_files"": 13, ""llm_estimated_task_effort"": ""low"", ""textual_description"": ""The testsuite for boost/tuple is being compiled and run."", ""command"": ""b2 --j 5 test"", ""directory"": "".../boost/libs/tuple""}"
14092,1767902395,1767902395,1767902850,"{""inverter"": 1, ""source"": ""workstation2_log"", ""device"": ""workstation2"", ""task_type"": ""CNN fitting, GPU load"", ""model"": ""wide_resnet50_2"", ""optim"": ""sgd"", ""dataset"": ""CIFAR10"", ""batch_size"": 128, ""epochs"": 2, ""model_params"": 68883240, ""llm_estimated_task_effort"": ""high"", ""textual_description"": ""The model wide_resnet50_2 is fitted on CIFAR10 using sgd for 2 epochs with bs=128.""}"
14204,1767902569,1767902569,1767902657,"{""inverter"": 1, ""source"": ""workstation1_log"", ""device"": ""workstation1"", ""task_type"": ""compilation, CPU load"", ""cpu_cores_active"": ""7"", ""library"": ""boost/crc"", ""task_files"": 10, ""llm_estimated_task_effort"": ""low"", ""textual_description"": ""The testsuite for boost/crc is being compiled and run."", ""command"": ""b2 --j 7 test"", ""directory"": "".../boost/libs/crc""}"
14205,1767902717,1767902717,1767902808,"{""inverter"": 1, ""source"": ""workstation1_log"", ""device"": ""workstation1"", ""task_type"": ""compilation, CPU load"", ""cpu_cores_active"": ""5"", ""library"": ""boost/config"", ""task_files"": 754, ""llm_estimated_task_effort"": ""low"", ""textual_description"": ""The testsuite for boost/config is being compiled and run."", ""command"": ""b2 --j 5 test"", ""directory"": "".../boost/libs/config""}"
14206,1767902907,1767902907,1767903007,"{""inverter"": 1, ""source"": ""workstation1_log"", ""device"": ""workstation1"", ""task_type"": ""compilation, CPU load"", ""cpu_cores_active"": ""8"", ""library"": ""boost/stacktrace"", ""task_files"": 18, ""llm_estimated_task_effort"": ""medium"", ""textual_description"": ""The testsuite for boost/stacktrace is being compiled and run."", ""command"": ""b2 --j 8 test"", ""directory"": "".../boost/libs/stacktrace""}"
14207,1767902977,1767902977,1767902978,"{""inverter"": 1, ""source"": ""workstation2_log"", ""device"": ""workstation2"", ""task_type"": ""compilation, CPU load"", ""cpu_cores_active"": ""4"", ""library"": ""boost/outcome"", ""task_files"": 55, ""llm_estimated_task_effort"": ""low"", ""textual_description"": ""The testsuite for boost/outcome is being compiled and run."", ""command"": ""b2 --j 4 test"", ""directory"": "".../boost/libs/outcome""}"
14208,1767903462,1767903462,1767903550,"{""inverter"": 1, ""source"": ""workstation1_log"", ""device"": ""workstation1"", ""task_type"": ""compilation, CPU load"", ""cpu_cores_active"": ""8"", ""library"": ""boost/pool"", ""task_files"": 22, ""llm_estimated_task_effort"": ""low"", ""textual_description"": ""The testsuite for boost/pool is being compiled and run."", ""command"": ""b2 --j 8 test"", ""directory"": "".../boost/libs/pool""}"
14093,1767903588,1767903588,1767903921,"{""inverter"": 1, ""source"": ""workstation2_log"", ""device"": ""workstation2"", ""task_type"": ""CNN fitting, GPU load"", ""model"": ""vgg11"", ""optim"": ""sgd"", ""dataset"": ""CIFAR10"", ""batch_size"": 128, ""epochs"": 2, ""model_params"": 132863336, ""llm_estimated_task_effort"": ""low"", ""textual_description"": ""The model vgg11 is fitted on CIFAR10 using sgd for 2 epochs with bs=128.""}"
14209,1767903681,1767903681,1767903869,"{""inverter"": 1, ""source"": ""workstation1_log"", ""device"": ""workstation1"", ""task_type"": ""compilation, CPU load"", ""cpu_cores_active"": ""1"", ""library"": ""boost/bimap"", ""task_files"": 36, ""llm_estimated_task_effort"": ""low"", ""textual_description"": ""The testsuite for boost/bimap is being compiled and run."", ""command"": ""b2 --j 1 test"", ""directory"": "".../boost/libs/bimap""}"
14210,1767904007,1767904007,1767904297,"{""inverter"": 1, ""source"": ""workstation1_log"", ""device"": ""workstation1"", ""task_type"": ""compilation, CPU load"", ""cpu_cores_active"": ""5"", ""library"": ""boost/unordered"", ""task_files"": 192, ""llm_estimated_task_effort"": ""low"", ""textual_description"": ""The testsuite for boost/unordered is being compiled and run."", ""command"": ""b2 --j 5 test"", ""directory"": "".../boost/libs/unordered""}"
14211,1767904022,1767904022,1767904023,"{""inverter"": 1, ""source"": ""workstation2_log"", ""device"": ""workstation2"", ""task_type"": ""compilation, CPU load"", ""cpu_cores_active"": ""3"", ""library"": ""boost/intrusive"", ""task_files"": 55, ""llm_estimated_task_effort"": ""low"", ""textual_description"": ""The testsuite for boost/intrusive is being compiled and run."", ""command"": ""b2 --j 3 test"", ""directory"": "".../boost/libs/intrusive""}"
14094,1767904065,1767904065,1767904417,"{""inverter"": 1, ""source"": ""workstation2_log"", ""device"": ""workstation2"", ""task_type"": ""CNN fitting, GPU load"", ""model"": ""vgg13"", ""optim"": ""sgd"", ""dataset"": ""CIFAR10"", ""batch_size"": 128, ""epochs"": 2, ""model_params"": 133047848, ""llm_estimated_task_effort"": ""medium"", ""textual_description"": ""The model vgg13 is fitted on CIFAR10 using sgd for 2 epochs with bs=128.""}"
14212,1767904193,1767904193,1767904193,"{""inverter"": 1, ""source"": ""workstation2_log"", ""device"": ""workstation2"", ""task_type"": ""compilation, CPU load"", ""cpu_cores_active"": ""4"", ""library"": ""boost/utility"", ""task_files"": 30, ""llm_estimated_task_effort"": ""low"", ""textual_description"": ""The testsuite for boost/utility is being compiled and run."", ""command"": ""b2 --j 4 test"", ""directory"": "".../boost/libs/utility""}"
14095,1767904867,1767904867,1767905219,"{""inverter"": 1, ""source"": ""workstation2_log"", ""device"": ""workstation2"", ""task_type"": ""CNN fitting, GPU load"", ""model"": ""vgg19"", ""optim"": ""sgd"", ""dataset"": ""CIFAR10"", ""batch_size"": 128, ""epochs"": 2, ""model_params"": 143667240, ""llm_estimated_task_effort"": ""medium"", ""textual_description"": ""The model vgg19 is fitted on CIFAR10 using sgd for 2 epochs with bs=128.""}"
14096,1767905273,1767905273,1767906136,"{""inverter"": 1, ""source"": ""workstation2_log"", ""device"": ""workstation2"", ""task_type"": ""CNN fitting, GPU load"", ""model"": ""densenet121"", ""optim"": ""adam"", ""dataset"": ""CIFAR10"", ""batch_size"": 128, ""epochs"": 2, ""model_params"": 7978856, ""llm_estimated_task_effort"": ""medium"", ""textual_description"": ""The model densenet121 is fitted on CIFAR10 using adam for 2 epochs with bs=128.""}"
14213,1767905854,1767905854,1767905855,"{""inverter"": 1, ""source"": ""workstation2_log"", ""device"": ""workstation2"", ""task_type"": ""compilation, CPU load"", ""cpu_cores_active"": ""6"", ""library"": ""boost/compute"", ""task_files"": 168, ""llm_estimated_task_effort"": ""high"", ""textual_description"": ""The testsuite for boost/compute is being compiled and run."", ""command"": ""b2 --j 6 test"", ""directory"": "".../boost/libs/compute""}"
14214,1767906225,1767906225,1767906227,"{""inverter"": 1, ""source"": ""workstation2_log"", ""device"": ""workstation2"", ""task_type"": ""compilation, CPU load"", ""cpu_cores_active"": ""9"", ""library"": ""boost/property_map"", ""task_files"": 9, ""llm_estimated_task_effort"": ""low"", ""textual_description"": ""The testsuite for boost/property_map is being compiled and run."", ""command"": ""b2 --j 9 test"", ""directory"": "".../boost/libs/property_map""}"
14097,1767906248,1767906248,1767906598,"{""inverter"": 1, ""source"": ""workstation2_log"", ""device"": ""workstation2"", ""task_type"": ""CNN fitting, GPU load"", ""model"": ""vgg13"", ""optim"": ""sgd"", ""dataset"": ""CIFAR10"", ""batch_size"": 128, ""epochs"": 2, ""model_params"": 133047848, ""llm_estimated_task_effort"": ""medium"", ""textual_description"": ""The model vgg13 is fitted on CIFAR10 using sgd for 2 epochs with bs=128.""}"
14215,1767906452,1767906452,1767906532,"{""inverter"": 1, ""source"": ""workstation1_log"", ""device"": ""workstation1"", ""task_type"": ""compilation, CPU load"", ""cpu_cores_active"": ""6"", ""library"": ""boost/conversion"", ""task_files"": 8, ""llm_estimated_task_effort"": ""low"", ""textual_description"": ""The testsuite for boost/conversion is being compiled and run."", ""command"": ""b2 --j 6 test"", ""directory"": "".../boost/libs/conversion""}"
14216,1767906763,1767906763,1767906873,"{""inverter"": 1, ""source"": ""workstation1_log"", ""device"": ""workstation1"", ""task_type"": ""compilation, CPU load"", ""cpu_cores_active"": ""9"", ""library"": ""boost/icl"", ""task_files"": 288, ""llm_estimated_task_effort"": ""low"", ""textual_description"": ""The testsuite for boost/icl is being compiled and run."", ""command"": ""b2 --j 9 test"", ""directory"": "".../boost/libs/icl""}"
14098,1767907038,1767907038,1767907396,"{""inverter"": 1, ""source"": ""workstation2_log"", ""device"": ""workstation2"", ""task_type"": ""CNN fitting, GPU load"", ""model"": ""vgg13"", ""optim"": ""adam"", ""dataset"": ""CIFAR10"", ""batch_size"": 128, ""epochs"": 2, ""model_params"": 133047848, ""llm_estimated_task_effort"": ""medium"", ""textual_description"": ""The model vgg13 is fitted on CIFAR10 using adam for 2 epochs with bs=128.""}"
14217,1767907409,1767907409,1767907409,"{""inverter"": 1, ""source"": ""workstation2_log"", ""device"": ""workstation2"", ""task_type"": ""compilation, CPU load"", ""cpu_cores_active"": ""6"", ""library"": ""boost/mpi"", ""task_files"": 75, ""llm_estimated_task_effort"": ""high"", ""textual_description"": ""The testsuite for boost/mpi is being compiled and run."", ""command"": ""b2 --j 6 test"", ""directory"": "".../boost/libs/mpi""}"
14218,1767907641,1767907641,1767907730,"{""inverter"": 1, ""source"": ""workstation1_log"", ""device"": ""workstation1"", ""task_type"": ""compilation, CPU load"", ""cpu_cores_active"": ""5"", ""library"": ""boost/hof"", ""task_files"": 63, ""llm_estimated_task_effort"": ""low"", ""textual_description"": ""The testsuite for boost/hof is being compiled and run."", ""command"": ""b2 --j 5 test"", ""directory"": "".../boost/libs/hof""}"
14099,1767907798,1767907798,1767908167,"{""inverter"": 1, ""source"": ""workstation2_log"", ""device"": ""workstation2"", ""task_type"": ""CNN fitting, GPU load"", ""model"": ""vgg13"", ""optim"": ""adam"", ""dataset"": ""CIFAR10"", ""batch_size"": 128, ""epochs"": 2, ""model_params"": 133047848, ""llm_estimated_task_effort"": ""medium"", ""textual_description"": ""The model vgg13 is fitted on CIFAR10 using adam for 2 epochs with bs=128.""}"
14219,1767907816,1767907816,1767907892,"{""inverter"": 1, ""source"": ""workstation1_log"", ""device"": ""workstation1"", ""task_type"": ""compilation, CPU load"", ""cpu_cores_active"": ""9"", ""library"": ""boost/numeric"", ""task_files"": 0, ""llm_estimated_task_effort"": ""low"", ""textual_description"": ""The testsuite for boost/numeric is being compiled and run."", ""command"": ""b2 --j 9 test"", ""directory"": "".../boost/libs/numeric""}"
14220,1767908190,1767908190,1767908267,"{""inverter"": 1, ""source"": ""workstation1_log"", ""device"": ""workstation1"", ""task_type"": ""compilation, CPU load"", ""cpu_cores_active"": ""8"", ""library"": ""boost/mpi"", ""task_files"": 75, ""llm_estimated_task_effort"": ""high"", ""textual_description"": ""The testsuite for boost/mpi is being compiled and run."", ""command"": ""b2 --j 8 test"", ""directory"": "".../boost/libs/mpi""}"
14100,1767908318,1767908318,1767908681,"{""inverter"": 1, ""source"": ""workstation2_log"", ""device"": ""workstation2"", ""task_type"": ""CNN fitting, GPU load"", ""model"": ""vgg19"", ""optim"": ""sgd"", ""dataset"": ""CIFAR10"", ""batch_size"": 128, ""epochs"": 2, ""model_params"": 143667240, ""llm_estimated_task_effort"": ""medium"", ""textual_description"": ""The model vgg19 is fitted on CIFAR10 using sgd for 2 epochs with bs=128.""}"
14221,1767908615,1767908615,1767908722,"{""inverter"": 1, ""source"": ""workstation1_log"", ""device"": ""workstation1"", ""task_type"": ""compilation, CPU load"", ""cpu_cores_active"": ""2"", ""library"": ""boost/nowide"", ""task_files"": 25, ""llm_estimated_task_effort"": ""low"", ""textual_description"": ""The testsuite for boost/nowide is being compiled and run."", ""command"": ""b2 --j 2 test"", ""directory"": "".../boost/libs/nowide""}"
14222,1767908780,1767908780,1767910933,"{""inverter"": 1, ""source"": ""workstation1_log"", ""device"": ""workstation1"", ""task_type"": ""compilation, CPU load"", ""cpu_cores_active"": ""5"", ""library"": ""boost/geometry"", ""task_files"": 665, ""llm_estimated_task_effort"": ""high"", ""textual_description"": ""The testsuite for boost/geometry is being compiled and run."", ""command"": ""b2 --j 5 test"", ""directory"": "".../boost/libs/geometry""}"
14223,1767908831,1767908831,1767908833,"{""inverter"": 1, ""source"": ""workstation2_log"", ""device"": ""workstation2"", ""task_type"": ""compilation, CPU load"", ""cpu_cores_active"": ""6"", ""library"": ""boost/nowide"", ""task_files"": 25, ""llm_estimated_task_effort"": ""low"", ""textual_description"": ""The testsuite for boost/nowide is being compiled and run."", ""command"": ""b2 --j 6 test"", ""directory"": "".../boost/libs/nowide""}"
14224,1767909004,1767909004,1767909005,"{""inverter"": 1, ""source"": ""workstation2_log"", ""device"": ""workstation2"", ""task_type"": ""compilation, CPU load"", ""cpu_cores_active"": ""4"", ""library"": ""boost/detail"", ""task_files"": 14, ""llm_estimated_task_effort"": ""low"", ""textual_description"": ""The testsuite for boost/detail is being compiled and run."", ""command"": ""b2 --j 4 test"", ""directory"": "".../boost/libs/detail""}"
14225,1767909137,1767909137,1767909138,"{""inverter"": 1, ""source"": ""workstation2_log"", ""device"": ""workstation2"", ""task_type"": ""compilation, CPU load"", ""cpu_cores_active"": ""6"", ""library"": ""boost/phoenix"", ""task_files"": 266, ""llm_estimated_task_effort"": ""low"", ""textual_description"": ""The testsuite for boost/phoenix is being compiled and run."", ""command"": ""b2 --j 6 test"", ""directory"": "".../boost/libs/phoenix""}"
14226,1767909178,1767909178,1767909178,"{""inverter"": 1, ""source"": ""workstation2_log"", ""device"": ""workstation2"", ""task_type"": ""compilation, CPU load"", ""cpu_cores_active"": ""7"", ""library"": ""boost/statechart"", ""task_files"": 67, ""llm_estimated_task_effort"": ""high"", ""textual_description"": ""The testsuite for boost/statechart is being compiled and run."", ""command"": ""b2 --j 7 test"", ""directory"": "".../boost/libs/statechart""}"
14101,1767909193,1767909193,1767909528,"{""inverter"": 1, ""source"": ""workstation2_log"", ""device"": ""workstation2"", ""task_type"": ""CNN fitting, GPU load"", ""model"": ""vgg11"", ""optim"": ""sgd"", ""dataset"": ""CIFAR10"", ""batch_size"": 128, ""epochs"": 2, ""model_params"": 132863336, ""llm_estimated_task_effort"": ""low"", ""textual_description"": ""The model vgg11 is fitted on CIFAR10 using sgd for 2 epochs with bs=128.""}"
14102,1767909571,1767909571,1767910335,"{""inverter"": 1, ""source"": ""workstation2_log"", ""device"": ""workstation2"", ""task_type"": ""CNN fitting, GPU load"", ""model"": ""densenet121"", ""optim"": ""sgd"", ""dataset"": ""CIFAR10"", ""batch_size"": 128, ""epochs"": 2, ""model_params"": 7978856, ""llm_estimated_task_effort"": ""medium"", ""textual_description"": ""The model densenet121 is fitted on CIFAR10 using sgd for 2 epochs with bs=128.""}"
14227,1767910367,1767910367,1767910368,"{""inverter"": 1, ""source"": ""workstation2_log"", ""device"": ""workstation2"", ""task_type"": ""compilation, CPU load"", ""cpu_cores_active"": ""1"", ""library"": ""boost/parameter"", ""task_files"": 68, ""llm_estimated_task_effort"": ""low"", ""textual_description"": ""The testsuite for boost/parameter is being compiled and run."", ""command"": ""b2 --j 1 test"", ""directory"": "".../boost/libs/parameter""}"
14103,1767910639,1767910639,1767911417,"{""inverter"": 1, ""source"": ""workstation2_log"", ""device"": ""workstation2"", ""task_type"": ""CNN fitting, GPU load"", ""model"": ""densenet121"", ""optim"": ""sgd"", ""dataset"": ""CIFAR10"", ""batch_size"": 128, ""epochs"": 2, ""model_params"": 7978856, ""llm_estimated_task_effort"": ""medium"", ""textual_description"": ""The model densenet121 is fitted on CIFAR10 using sgd for 2 epochs with bs=128.""}"
14228,1767911122,1767911122,1767911123,"{""inverter"": 1, ""source"": ""workstation2_log"", ""device"": ""workstation2"", ""task_type"": ""compilation, CPU load"", ""cpu_cores_active"": ""10"", ""library"": ""boost/proto"", ""task_files"": 24, ""llm_estimated_task_effort"": ""low"", ""textual_description"": ""The testsuite for boost/proto is being compiled and run."", ""command"": ""b2 --j 10 test"", ""directory"": "".../boost/libs/proto""}"
14104,1767911702,1767911702,1767912049,"{""inverter"": 1, ""source"": ""workstation2_log"", ""device"": ""workstation2"", ""task_type"": ""CNN fitting, GPU load"", ""model"": ""vgg13"", ""optim"": ""sgd"", ""dataset"": ""CIFAR10"", ""batch_size"": 128, ""epochs"": 2, ""model_params"": 133047848, ""llm_estimated_task_effort"": ""medium"", ""textual_description"": ""The model vgg13 is fitted on CIFAR10 using sgd for 2 epochs with bs=128.""}"
14229,1767911984,1767911984,1767912097,"{""inverter"": 1, ""source"": ""workstation1_log"", ""device"": ""workstation1"", ""task_type"": ""compilation, CPU load"", ""cpu_cores_active"": ""3"", ""library"": ""boost/proto"", ""task_files"": 24, ""llm_estimated_task_effort"": ""low"", ""textual_description"": ""The testsuite for boost/proto is being compiled and run."", ""command"": ""b2 --j 3 test"", ""directory"": "".../boost/libs/proto""}"
14230,1767912302,1767912302,1767912398,"{""inverter"": 1, ""source"": ""workstation1_log"", ""device"": ""workstation1"", ""task_type"": ""compilation, CPU load"", ""cpu_cores_active"": ""5"", ""library"": ""boost/lambda"", ""task_files"": 27, ""llm_estimated_task_effort"": ""low"", ""textual_description"": ""The testsuite for boost/lambda is being compiled and run."", ""command"": ""b2 --j 5 test"", ""directory"": "".../boost/libs/lambda""}"
14231,1767912921,1767912921,1767913309,"{""inverter"": 1, ""source"": ""workstation1_log"", ""device"": ""workstation1"", ""task_type"": ""compilation, CPU load"", ""cpu_cores_active"": ""7"", ""library"": ""boost/thread"", ""task_files"": 439, ""llm_estimated_task_effort"": ""high"", ""textual_description"": ""The testsuite for boost/thread is being compiled and run."", ""command"": ""b2 --j 7 test"", ""directory"": "".../boost/libs/thread""}"
14232,1767912996,1767912996,1767912997,"{""inverter"": 1, ""source"": ""workstation2_log"", ""device"": ""workstation2"", ""task_type"": ""compilation, CPU load"", ""cpu_cores_active"": ""2"", ""library"": ""boost/mpl"", ""task_files"": 109, ""llm_estimated_task_effort"": ""low"", ""textual_description"": ""The testsuite for boost/mpl is being compiled and run."", ""command"": ""b2 --j 2 test"", ""directory"": "".../boost/libs/mpl""}"
14233,1767913186,1767913186,1767913186,"{""inverter"": 1, ""source"": ""workstation2_log"", ""device"": ""workstation2"", ""task_type"": ""compilation, CPU load"", ""cpu_cores_active"": ""6"", ""library"": ""boost/optional"", ""task_files"": 82, ""llm_estimated_task_effort"": ""low"", ""textual_description"": ""The testsuite for boost/optional is being compiled and run."", ""command"": ""b2 --j 6 test"", ""directory"": "".../boost/libs/optional""}"
14105,1767913191,1767913191,1767913958,"{""inverter"": 1, ""source"": ""workstation2_log"", ""device"": ""workstation2"", ""task_type"": ""CNN fitting, GPU load"", ""model"": ""densenet121"", ""optim"": ""sgd"", ""dataset"": ""CIFAR10"", ""batch_size"": 128, ""epochs"": 2, ""model_params"": 7978856, ""llm_estimated_task_effort"": ""medium"", ""textual_description"": ""The model densenet121 is fitted on CIFAR10 using sgd for 2 epochs with bs=128.""}"
14234,1767913213,1767913213,1767913213,"{""inverter"": 1, ""source"": ""workstation2_log"", ""device"": ""workstation2"", ""task_type"": ""compilation, CPU load"", ""cpu_cores_active"": ""1"", ""library"": ""boost/beast"", ""task_files"": 471, ""llm_estimated_task_effort"": ""high"", ""textual_description"": ""The testsuite for boost/beast is being compiled and run."", ""command"": ""b2 --j 1 test"", ""directory"": "".../boost/libs/beast""}"
14235,1767913437,1767913437,1767913763,"{""inverter"": 1, ""source"": ""workstation1_log"", ""device"": ""workstation1"", ""task_type"": ""compilation, CPU load"", ""cpu_cores_active"": ""2"", ""library"": ""boost/fiber"", ""task_files"": 33, ""llm_estimated_task_effort"": ""high"", ""textual_description"": ""The testsuite for boost/fiber is being compiled and run."", ""command"": ""b2 --j 2 test"", ""directory"": "".../boost/libs/fiber""}"
14106,1767914251,1767914251,1767914606,"{""inverter"": 1, ""source"": ""workstation2_log"", ""device"": ""workstation2"", ""task_type"": ""CNN fitting, GPU load"", ""model"": ""vgg11"", ""optim"": ""adam"", ""dataset"": ""CIFAR10"", ""batch_size"": 128, ""epochs"": 2, ""model_params"": 132863336, ""llm_estimated_task_effort"": ""low"", ""textual_description"": ""The model vgg11 is fitted on CIFAR10 using adam for 2 epochs with bs=128.""}"
14236,1767914318,1767914318,1767914398,"{""inverter"": 1, ""source"": ""workstation1_log"", ""device"": ""workstation1"", ""task_type"": ""compilation, CPU load"", ""cpu_cores_active"": ""2"", ""library"": ""boost/logic"", ""task_files"": 13, ""llm_estimated_task_effort"": ""low"", ""textual_description"": ""The testsuite for boost/logic is being compiled and run."", ""command"": ""b2 --j 2 test"", ""directory"": "".../boost/libs/logic""}"
14107,1767914642,1767914642,1767915004,"{""inverter"": 1, ""source"": ""workstation2_log"", ""device"": ""workstation2"", ""task_type"": ""CNN fitting, GPU load"", ""model"": ""resnet18"", ""optim"": ""sgd"", ""dataset"": ""CIFAR10"", ""batch_size"": 128, ""epochs"": 2, ""model_params"": 11689512, ""llm_estimated_task_effort"": ""low"", ""textual_description"": ""The model resnet18 is fitted on CIFAR10 using sgd for 2 epochs with bs=128.""}"
14237,1767914950,1767914950,1767915108,"{""inverter"": 1, ""source"": ""workstation1_log"", ""device"": ""workstation1"", ""task_type"": ""compilation, CPU load"", ""cpu_cores_active"": ""1"", ""library"": ""boost/filesystem"", ""task_files"": 55, ""llm_estimated_task_effort"": ""high"", ""textual_description"": ""The testsuite for boost/filesystem is being compiled and run."", ""command"": ""b2 --j 1 test"", ""directory"": "".../boost/libs/filesystem""}"
14238,1767915213,1767915213,1767915213,"{""inverter"": 1, ""source"": ""workstation2_log"", ""device"": ""workstation2"", ""task_type"": ""compilation, CPU load"", ""cpu_cores_active"": ""8"", ""library"": ""boost/static_assert"", ""task_files"": 17, ""llm_estimated_task_effort"": ""low"", ""textual_description"": ""The testsuite for boost/static_assert is being compiled and run."", ""command"": ""b2 --j 8 test"", ""directory"": "".../boost/libs/static_assert""}"
14108,1767915629,1767915629,1767916091,"{""inverter"": 1, ""source"": ""workstation2_log"", ""device"": ""workstation2"", ""task_type"": ""CNN fitting, GPU load"", ""model"": ""wide_resnet50_2"", ""optim"": ""sgd"", ""dataset"": ""CIFAR10"", ""batch_size"": 128, ""epochs"": 2, ""model_params"": 68883240, ""llm_estimated_task_effort"": ""high"", ""textual_description"": ""The model wide_resnet50_2 is fitted on CIFAR10 using sgd for 2 epochs with bs=128.""}"
14239,1767915750,1767915750,1767915752,"{""inverter"": 1, ""source"": ""workstation2_log"", ""device"": ""workstation2"", ""task_type"": ""compilation, CPU load"", ""cpu_cores_active"": ""4"", ""library"": ""boost/histogram"", ""task_files"": 131, ""llm_estimated_task_effort"": ""medium"", ""textual_description"": ""The testsuite for boost/histogram is being compiled and run."", ""command"": ""b2 --j 4 test"", ""directory"": "".../boost/libs/histogram""}"
14240,1767916046,1767916046,1767916047,"{""inverter"": 1, ""source"": ""workstation2_log"", ""device"": ""workstation2"", ""task_type"": ""compilation, CPU load"", ""cpu_cores_active"": ""9"", ""library"": ""boost/phoenix"", ""task_files"": 266, ""llm_estimated_task_effort"": ""low"", ""textual_description"": ""The testsuite for boost/phoenix is being compiled and run."", ""command"": ""b2 --j 9 test"", ""directory"": "".../boost/libs/phoenix""}"
14241,1767916378,1767916378,1767916379,"{""inverter"": 1, ""source"": ""workstation2_log"", ""device"": ""workstation2"", ""task_type"": ""compilation, CPU load"", ""cpu_cores_active"": ""10"", ""library"": ""boost/static_assert"", ""task_files"": 17, ""llm_estimated_task_effort"": ""low"", ""textual_description"": ""The testsuite for boost/static_assert is being compiled and run."", ""command"": ""b2 --j 10 test"", ""directory"": "".../boost/libs/static_assert""}"
14242,1767916746,1767916746,1767916845,"{""inverter"": 1, ""source"": ""workstation1_log"", ""device"": ""workstation1"", ""task_type"": ""compilation, CPU load"", ""cpu_cores_active"": ""7"", ""library"": ""boost/pool"", ""task_files"": 22, ""llm_estimated_task_effort"": ""low"", ""textual_description"": ""The testsuite for boost/pool is being compiled and run."", ""command"": ""b2 --j 7 test"", ""directory"": "".../boost/libs/pool""}"
14109,1767917006,1767917006,1767917771,"{""inverter"": 1, ""source"": ""workstation2_log"", ""device"": ""workstation2"", ""task_type"": ""CNN fitting, GPU load"", ""model"": ""densenet121"", ""optim"": ""sgd"", ""dataset"": ""CIFAR10"", ""batch_size"": 128, ""epochs"": 2, ""model_params"": 7978856, ""llm_estimated_task_effort"": ""medium"", ""textual_description"": ""The model densenet121 is fitted on CIFAR10 using sgd for 2 epochs with bs=128.""}"
14243,1767917362,1767917362,1767917454,"{""inverter"": 1, ""source"": ""workstation1_log"", ""device"": ""workstation1"", ""task_type"": ""compilation, CPU load"", ""cpu_cores_active"": ""6"", ""library"": ""boost/hof"", ""task_files"": 63, ""llm_estimated_task_effort"": ""low"", ""textual_description"": ""The testsuite for boost/hof is being compiled and run."", ""command"": ""b2 --j 6 test"", ""directory"": "".../boost/libs/hof""}"
14244,1767917844,1767917844,1767917845,"{""inverter"": 1, ""source"": ""workstation2_log"", ""device"": ""workstation2"", ""task_type"": ""compilation, CPU load"", ""cpu_cores_active"": ""1"", ""library"": ""boost/poly_collection"", ""task_files"": 46, ""llm_estimated_task_effort"": ""low"", ""textual_description"": ""The testsuite for boost/poly_collection is being compiled and run."", ""command"": ""b2 --j 1 test"", ""directory"": "".../boost/libs/poly_collection""}"
14245,1767918185,1767918185,1767918277,"{""inverter"": 1, ""source"": ""workstation1_log"", ""device"": ""workstation1"", ""task_type"": ""compilation, CPU load"", ""cpu_cores_active"": ""8"", ""library"": ""boost/describe"", ""task_files"": 53, ""llm_estimated_task_effort"": ""low"", ""textual_description"": ""The testsuite for boost/describe is being compiled and run."", ""command"": ""b2 --j 8 test"", ""directory"": "".../boost/libs/describe""}"
14246,1767918217,1767918217,1767918218,"{""inverter"": 1, ""source"": ""workstation2_log"", ""device"": ""workstation2"", ""task_type"": ""compilation, CPU load"", ""cpu_cores_active"": ""5"", ""library"": ""boost/hof"", ""task_files"": 63, ""llm_estimated_task_effort"": ""low"", ""textual_description"": ""The testsuite for boost/hof is being compiled and run."", ""command"": ""b2 --j 5 test"", ""directory"": "".../boost/libs/hof""}"
14110,1767918561,1767918561,1767918907,"{""inverter"": 1, ""source"": ""workstation2_log"", ""device"": ""workstation2"", ""task_type"": ""CNN fitting, GPU load"", ""model"": ""vgg13"", ""optim"": ""sgd"", ""dataset"": ""CIFAR10"", ""batch_size"": 128, ""epochs"": 2, ""model_params"": 133047848, ""llm_estimated_task_effort"": ""medium"", ""textual_description"": ""The model vgg13 is fitted on CIFAR10 using sgd for 2 epochs with bs=128.""}"
14247,1767918839,1767918839,1767918841,"{""inverter"": 1, ""source"": ""workstation2_log"", ""device"": ""workstation2"", ""task_type"": ""compilation, CPU load"", ""cpu_cores_active"": ""7"", ""library"": ""boost/crc"", ""task_files"": 10, ""llm_estimated_task_effort"": ""low"", ""textual_description"": ""The testsuite for boost/crc is being compiled and run."", ""command"": ""b2 --j 7 test"", ""directory"": "".../boost/libs/crc""}"
14248,1767918850,1767918850,1767918981,"{""inverter"": 1, ""source"": ""workstation1_log"", ""device"": ""workstation1"", ""task_type"": ""compilation, CPU load"", ""cpu_cores_active"": ""4"", ""library"": ""boost/date_time"", ""task_files"": 70, ""llm_estimated_task_effort"": ""low"", ""textual_description"": ""The testsuite for boost/date_time is being compiled and run."", ""command"": ""b2 --j 4 test"", ""directory"": "".../boost/libs/date_time""}"
14249,1767919163,1767919163,1767919244,"{""inverter"": 1, ""source"": ""workstation1_log"", ""device"": ""workstation1"", ""task_type"": ""compilation, CPU load"", ""cpu_cores_active"": ""2"", ""library"": ""boost/align"", ""task_files"": 17, ""llm_estimated_task_effort"": ""low"", ""textual_description"": ""The testsuite for boost/align is being compiled and run."", ""command"": ""b2 --j 2 test"", ""directory"": "".../boost/libs/align""}"
14250,1767919311,1767919311,1767919312,"{""inverter"": 1, ""source"": ""workstation2_log"", ""device"": ""workstation2"", ""task_type"": ""compilation, CPU load"", ""cpu_cores_active"": ""9"", ""library"": ""boost/exception"", ""task_files"": 59, ""llm_estimated_task_effort"": ""low"", ""textual_description"": ""The testsuite for boost/exception is being compiled and run."", ""command"": ""b2 --j 9 test"", ""directory"": "".../boost/libs/exception""}"
14251,1767919383,1767919383,1767919478,"{""inverter"": 1, ""source"": ""workstation1_log"", ""device"": ""workstation1"", ""task_type"": ""compilation, CPU load"", ""cpu_cores_active"": ""2"", ""library"": ""boost/crc"", ""task_files"": 10, ""llm_estimated_task_effort"": ""low"", ""textual_description"": ""The testsuite for boost/crc is being compiled and run."", ""command"": ""b2 --j 2 test"", ""directory"": "".../boost/libs/crc""}"
14252,1767919542,1767919542,1767919542,"{""inverter"": 1, ""source"": ""workstation2_log"", ""device"": ""workstation2"", ""task_type"": ""compilation, CPU load"", ""cpu_cores_active"": ""3"", ""library"": ""boost/metaparse"", ""task_files"": 113, ""llm_estimated_task_effort"": ""medium"", ""textual_description"": ""The testsuite for boost/metaparse is being compiled and run."", ""command"": ""b2 --j 3 test"", ""directory"": "".../boost/libs/metaparse""}"
14111,1767919638,1767919638,1767920519,"{""inverter"": 1, ""source"": ""workstation2_log"", ""device"": ""workstation2"", ""task_type"": ""CNN fitting, GPU load"", ""model"": ""densenet121"", ""optim"": ""adam"", ""dataset"": ""CIFAR10"", ""batch_size"": 128, ""epochs"": 2, ""model_params"": 7978856, ""llm_estimated_task_effort"": ""medium"", ""textual_description"": ""The model densenet121 is fitted on CIFAR10 using adam for 2 epochs with bs=128.""}"
14253,1767919640,1767919640,1767919740,"{""inverter"": 1, ""source"": ""workstation1_log"", ""device"": ""workstation1"", ""task_type"": ""compilation, CPU load"", ""cpu_cores_active"": ""10"", ""library"": ""boost/container_hash"", ""task_files"": 90, ""llm_estimated_task_effort"": ""low"", ""textual_description"": ""The testsuite for boost/container_hash is being compiled and run."", ""command"": ""b2 --j 10 test"", ""directory"": "".../boost/libs/container_hash""}"
14254,1767919900,1767919900,1767920206,"{""inverter"": 1, ""source"": ""workstation1_log"", ""device"": ""workstation1"", ""task_type"": ""compilation, CPU load"", ""cpu_cores_active"": ""1"", ""library"": ""boost/msm"", ""task_files"": 57, ""llm_estimated_task_effort"": ""high"", ""textual_description"": ""The testsuite for boost/msm is being compiled and run."", ""command"": ""b2 --j 1 test"", ""directory"": "".../boost/libs/msm""}"
14255,1767920243,1767920243,1767920352,"{""inverter"": 1, ""source"": ""workstation1_log"", ""device"": ""workstation1"", ""task_type"": ""compilation, CPU load"", ""cpu_cores_active"": ""9"", ""library"": ""boost/msm"", ""task_files"": 57, ""llm_estimated_task_effort"": ""high"", ""textual_description"": ""The testsuite for boost/msm is being compiled and run."", ""command"": ""b2 --j 9 test"", ""directory"": "".../boost/libs/msm""}"
14256,1767920303,1767920303,1767920304,"{""inverter"": 1, ""source"": ""workstation2_log"", ""device"": ""workstation2"", ""task_type"": ""compilation, CPU load"", ""cpu_cores_active"": ""8"", ""library"": ""boost/preprocessor"", ""task_files"": 73, ""llm_estimated_task_effort"": ""medium"", ""textual_description"": ""The testsuite for boost/preprocessor is being compiled and run."", ""command"": ""b2 --j 8 test"", ""directory"": "".../boost/libs/preprocessor""}"
14257,1767920673,1767920673,1767920674,"{""inverter"": 1, ""source"": ""workstation2_log"", ""device"": ""workstation2"", ""task_type"": ""compilation, CPU load"", ""cpu_cores_active"": ""7"", ""library"": ""boost/crc"", ""task_files"": 10, ""llm_estimated_task_effort"": ""low"", ""textual_description"": ""The testsuite for boost/crc is being compiled and run."", ""command"": ""b2 --j 7 test"", ""directory"": "".../boost/libs/crc""}"
14112,1767920694,1767920694,1767921903,"{""inverter"": 1, ""source"": ""workstation2_log"", ""device"": ""workstation2"", ""task_type"": ""CNN fitting, GPU load"", ""model"": ""swin_v2_s"", ""optim"": ""sgd"", ""dataset"": ""CIFAR10"", ""batch_size"": 128, ""epochs"": 2, ""model_params"": 49737442, ""llm_estimated_task_effort"": ""high"", ""textual_description"": ""The model swin_v2_s is fitted on CIFAR10 using sgd for 2 epochs with bs=128.""}"
14258,1767920742,1767920742,1767921085,"{""inverter"": 1, ""source"": ""workstation1_log"", ""device"": ""workstation1"", ""task_type"": ""compilation, CPU load"", ""cpu_cores_active"": ""1"", ""library"": ""boost/accumulators"", ""task_files"": 52, ""llm_estimated_task_effort"": ""medium"", ""textual_description"": ""The testsuite for boost/accumulators is being compiled and run."", ""command"": ""b2 --j 1 test"", ""directory"": "".../boost/libs/accumulators""}"
14259,1767920964,1767920964,1767920965,"{""inverter"": 1, ""source"": ""workstation2_log"", ""device"": ""workstation2"", ""task_type"": ""compilation, CPU load"", ""cpu_cores_active"": ""3"", ""library"": ""boost/array"", ""task_files"": 52, ""llm_estimated_task_effort"": ""low"", ""textual_description"": ""The testsuite for boost/array is being compiled and run."", ""command"": ""b2 --j 3 test"", ""directory"": "".../boost/libs/array""}"
14260,1767921366,1767921366,1767921486,"{""inverter"": 1, ""source"": ""workstation1_log"", ""device"": ""workstation1"", ""task_type"": ""compilation, CPU load"", ""cpu_cores_active"": ""9"", ""library"": ""boost/vmd"", ""task_files"": 336, ""llm_estimated_task_effort"": ""low"", ""textual_description"": ""The testsuite for boost/vmd is being compiled and run."", ""command"": ""b2 --j 9 test"", ""directory"": "".../boost/libs/vmd""}"
14261,1767921626,1767921626,1767921714,"{""inverter"": 1, ""source"": ""workstation1_log"", ""device"": ""workstation1"", ""task_type"": ""compilation, CPU load"", ""cpu_cores_active"": ""4"", ""library"": ""boost/utility"", ""task_files"": 30, ""llm_estimated_task_effort"": ""low"", ""textual_description"": ""The testsuite for boost/utility is being compiled and run."", ""command"": ""b2 --j 4 test"", ""directory"": "".../boost/libs/utility""}"
14262,1767921986,1767921986,1767921987,"{""inverter"": 1, ""source"": ""workstation2_log"", ""device"": ""workstation2"", ""task_type"": ""compilation, CPU load"", ""cpu_cores_active"": ""1"", ""library"": ""boost/heap"", ""task_files"": 17, ""llm_estimated_task_effort"": ""low"", ""textual_description"": ""The testsuite for boost/heap is being compiled and run."", ""command"": ""b2 --j 1 test"", ""directory"": "".../boost/libs/heap""}"
14263,1767922120,1767922120,1767922121,"{""inverter"": 1, ""source"": ""workstation2_log"", ""device"": ""workstation2"", ""task_type"": ""compilation, CPU load"", ""cpu_cores_active"": ""5"", ""library"": ""boost/property_map"", ""task_files"": 9, ""llm_estimated_task_effort"": ""low"", ""textual_description"": ""The testsuite for boost/property_map is being compiled and run."", ""command"": ""b2 --j 5 test"", ""directory"": "".../boost/libs/property_map""}"
14264,1767922259,1767922259,1767922260,"{""inverter"": 1, ""source"": ""workstation2_log"", ""device"": ""workstation2"", ""task_type"": ""compilation, CPU load"", ""cpu_cores_active"": ""10"", ""library"": ""boost/predef"", ""task_files"": 19, ""llm_estimated_task_effort"": ""low"", ""textual_description"": ""The testsuite for boost/predef is being compiled and run."", ""command"": ""b2 --j 10 test"", ""directory"": "".../boost/libs/predef""}"
14265,1767922305,1767922305,1767922397,"{""inverter"": 1, ""source"": ""workstation1_log"", ""device"": ""workstation1"", ""task_type"": ""compilation, CPU load"", ""cpu_cores_active"": ""7"", ""library"": ""boost/units"", ""task_files"": 51, ""llm_estimated_task_effort"": ""low"", ""textual_description"": ""The testsuite for boost/units is being compiled and run."", ""command"": ""b2 --j 7 test"", ""directory"": "".../boost/libs/units""}"
14113,1767922448,1767922448,1767923659,"{""inverter"": 1, ""source"": ""workstation2_log"", ""device"": ""workstation2"", ""task_type"": ""CNN fitting, GPU load"", ""model"": ""swin_v2_s"", ""optim"": ""sgd"", ""dataset"": ""CIFAR10"", ""batch_size"": 128, ""epochs"": 2, ""model_params"": 49737442, ""llm_estimated_task_effort"": ""high"", ""textual_description"": ""The model swin_v2_s is fitted on CIFAR10 using sgd for 2 epochs with bs=128.""}"
14266,1767922637,1767922637,1767922638,"{""inverter"": 1, ""source"": ""workstation2_log"", ""device"": ""workstation2"", ""task_type"": ""compilation, CPU load"", ""cpu_cores_active"": ""3"", ""library"": ""boost/json"", ""task_files"": 417, ""llm_estimated_task_effort"": ""high"", ""textual_description"": ""The testsuite for boost/json is being compiled and run."", ""command"": ""b2 --j 3 test"", ""directory"": "".../boost/libs/json""}"
14267,1767923569,1767923569,1767923569,"{""inverter"": 1, ""source"": ""workstation2_log"", ""device"": ""workstation2"", ""task_type"": ""compilation, CPU load"", ""cpu_cores_active"": ""7"", ""library"": ""boost/concept_check"", ""task_files"": 18, ""llm_estimated_task_effort"": ""low"", ""textual_description"": ""The testsuite for boost/concept_check is being compiled and run."", ""command"": ""b2 --j 7 test"", ""directory"": "".../boost/libs/concept_check""}"
14268,1767923647,1767923647,1767923649,"{""inverter"": 1, ""source"": ""workstation2_log"", ""device"": ""workstation2"", ""task_type"": ""compilation, CPU load"", ""cpu_cores_active"": ""8"", ""library"": ""boost/parameter"", ""task_files"": 68, ""llm_estimated_task_effort"": ""low"", ""textual_description"": ""The testsuite for boost/parameter is being compiled and run."", ""command"": ""b2 --j 8 test"", ""directory"": "".../boost/libs/parameter""}"
14269,1767923801,1767923801,1767923931,"{""inverter"": 1, ""source"": ""workstation1_log"", ""device"": ""workstation1"", ""task_type"": ""compilation, CPU load"", ""cpu_cores_active"": ""2"", ""library"": ""boost/algorithm"", ""task_files"": 60, ""llm_estimated_task_effort"": ""low"", ""textual_description"": ""The testsuite for boost/algorithm is being compiled and run."", ""command"": ""b2 --j 2 test"", ""directory"": "".../boost/libs/algorithm""}"
14270,1767924046,1767924046,1767924047,"{""inverter"": 1, ""source"": ""workstation2_log"", ""device"": ""workstation2"", ""task_type"": ""compilation, CPU load"", ""cpu_cores_active"": ""1"", ""library"": ""boost/integer"", ""task_files"": 27, ""llm_estimated_task_effort"": ""low"", ""textual_description"": ""The testsuite for boost/integer is being compiled and run."", ""command"": ""b2 --j 1 test"", ""directory"": "".../boost/libs/integer""}"
14114,1767924086,1767924086,1767924438,"{""inverter"": 1, ""source"": ""workstation2_log"", ""device"": ""workstation2"", ""task_type"": ""CNN fitting, GPU load"", ""model"": ""vgg13"", ""optim"": ""adam"", ""dataset"": ""CIFAR10"", ""batch_size"": 128, ""epochs"": 2, ""model_params"": 133047848, ""llm_estimated_task_effort"": ""medium"", ""textual_description"": ""The model vgg13 is fitted on CIFAR10 using adam for 2 epochs with bs=128.""}"
14271,1767924107,1767924107,1767925166,"{""inverter"": 1, ""source"": ""workstation1_log"", ""device"": ""workstation1"", ""task_type"": ""compilation, CPU load"", ""cpu_cores_active"": ""6"", ""library"": ""boost/math"", ""task_files"": 2611, ""llm_estimated_task_effort"": ""high"", ""textual_description"": ""The testsuite for boost/math is being compiled and run."", ""command"": ""b2 --j 6 test"", ""directory"": "".../boost/libs/math""}"
14272,1767924295,1767924295,1767924296,"{""inverter"": 1, ""source"": ""workstation2_log"", ""device"": ""workstation2"", ""task_type"": ""compilation, CPU load"", ""cpu_cores_active"": ""1"", ""library"": ""boost/type_index"", ""task_files"": 19, ""llm_estimated_task_effort"": ""low"", ""textual_description"": ""The testsuite for boost/type_index is being compiled and run."", ""command"": ""b2 --j 1 test"", ""directory"": "".../boost/libs/type_index""}"
14273,1767924485,1767924485,1767924486,"{""inverter"": 1, ""source"": ""workstation2_log"", ""device"": ""workstation2"", ""task_type"": ""compilation, CPU load"", ""cpu_cores_active"": ""4"", ""library"": ""boost/outcome"", ""task_files"": 55, ""llm_estimated_task_effort"": ""low"", ""textual_description"": ""The testsuite for boost/outcome is being compiled and run."", ""command"": ""b2 --j 4 test"", ""directory"": "".../boost/libs/outcome""}"
14115,1767924540,1767924540,1767924894,"{""inverter"": 1, ""source"": ""workstation2_log"", ""device"": ""workstation2"", ""task_type"": ""CNN fitting, GPU load"", ""model"": ""resnet18"", ""optim"": ""sgd"", ""dataset"": ""CIFAR10"", ""batch_size"": 128, ""epochs"": 2, ""model_params"": 11689512, ""llm_estimated_task_effort"": ""low"", ""textual_description"": ""The model resnet18 is fitted on CIFAR10 using sgd for 2 epochs with bs=128.""}"
14116,1767924915,1767924915,1767925301,"{""inverter"": 1, ""source"": ""workstation2_log"", ""device"": ""workstation2"", ""task_type"": ""CNN fitting, GPU load"", ""model"": ""resnet18"", ""optim"": ""adam"", ""dataset"": ""CIFAR10"", ""batch_size"": 128, ""epochs"": 2, ""model_params"": 11689512, ""llm_estimated_task_effort"": ""low"", ""textual_description"": ""The model resnet18 is fitted on CIFAR10 using adam for 2 epochs with bs=128.""}"
14274,1767925218,1767925218,1767925358,"{""inverter"": 1, ""source"": ""workstation1_log"", ""device"": ""workstation1"", ""task_type"": ""compilation, CPU load"", ""cpu_cores_active"": ""4"", ""library"": ""boost/safe_numerics"", ""task_files"": 152, ""llm_estimated_task_effort"": ""low"", ""textual_description"": ""The testsuite for boost/safe_numerics is being compiled and run."", ""command"": ""b2 --j 4 test"", ""directory"": "".../boost/libs/safe_numerics""}"
14275,1767925524,1767925524,1767925524,"{""inverter"": 1, ""source"": ""workstation2_log"", ""device"": ""workstation2"", ""task_type"": ""compilation, CPU load"", ""cpu_cores_active"": ""4"", ""library"": ""boost/accumulators"", ""task_files"": 52, ""llm_estimated_task_effort"": ""medium"", ""textual_description"": ""The testsuite for boost/accumulators is being compiled and run."", ""command"": ""b2 --j 4 test"", ""directory"": "".../boost/libs/accumulators""}"
14276,1767925551,1767925551,1767925552,"{""inverter"": 1, ""source"": ""workstation2_log"", ""device"": ""workstation2"", ""task_type"": ""compilation, CPU load"", ""cpu_cores_active"": ""10"", ""library"": ""boost/parser"", ""task_files"": 40, ""llm_estimated_task_effort"": ""low"", ""textual_description"": ""The testsuite for boost/parser is being compiled and run."", ""command"": ""b2 --j 10 test"", ""directory"": "".../boost/libs/parser""}"
14277,1767925588,1767925588,1767925589,"{""inverter"": 1, ""source"": ""workstation2_log"", ""device"": ""workstation2"", ""task_type"": ""compilation, CPU load"", ""cpu_cores_active"": ""1"", ""library"": ""boost/mpi"", ""task_files"": 75, ""llm_estimated_task_effort"": ""high"", ""textual_description"": ""The testsuite for boost/mpi is being compiled and run."", ""command"": ""b2 --j 1 test"", ""directory"": "".../boost/libs/mpi""}"
14278,1767925631,1767925631,1767925631,"{""inverter"": 1, ""source"": ""workstation2_log"", ""device"": ""workstation2"", ""task_type"": ""compilation, CPU load"", ""cpu_cores_active"": ""4"", ""library"": ""boost/function"", ""task_files"": 43, ""llm_estimated_task_effort"": ""low"", ""textual_description"": ""The testsuite for boost/function is being compiled and run."", ""command"": ""b2 --j 4 test"", ""directory"": "".../boost/libs/function""}"
14279,1767925720,1767925720,1767925720,"{""inverter"": 1, ""source"": ""workstation2_log"", ""device"": ""workstation2"", ""task_type"": ""compilation, CPU load"", ""cpu_cores_active"": ""4"", ""library"": ""boost/accumulators"", ""task_files"": 52, ""llm_estimated_task_effort"": ""medium"", ""textual_description"": ""The testsuite for boost/accumulators is being compiled and run."", ""command"": ""b2 --j 4 test"", ""directory"": "".../boost/libs/accumulators""}"
14280,1767925799,1767925799,1767925799,"{""inverter"": 1, ""source"": ""workstation2_log"", ""device"": ""workstation2"", ""task_type"": ""compilation, CPU load"", ""cpu_cores_active"": ""8"", ""library"": ""boost/lexical_cast"", ""task_files"": 31, ""llm_estimated_task_effort"": ""low"", ""textual_description"": ""The testsuite for boost/lexical_cast is being compiled and run."", ""command"": ""b2 --j 8 test"", ""directory"": "".../boost/libs/lexical_cast""}"
14281,1767926265,1767926265,1767926265,"{""inverter"": 1, ""source"": ""workstation2_log"", ""device"": ""workstation2"", ""task_type"": ""compilation, CPU load"", ""cpu_cores_active"": ""3"", ""library"": ""boost/iostreams"", ""task_files"": 407, ""llm_estimated_task_effort"": ""high"", ""textual_description"": ""The testsuite for boost/iostreams is being compiled and run."", ""command"": ""b2 --j 3 test"", ""directory"": "".../boost/libs/iostreams""}"
14117,1767926426,1767926426,1767926793,"{""inverter"": 1, ""source"": ""workstation2_log"", ""device"": ""workstation2"", ""task_type"": ""CNN fitting, GPU load"", ""model"": ""vgg19"", ""optim"": ""adam"", ""dataset"": ""CIFAR10"", ""batch_size"": 128, ""epochs"": 2, ""model_params"": 143667240, ""llm_estimated_task_effort"": ""medium"", ""textual_description"": ""The model vgg19 is fitted on CIFAR10 using adam for 2 epochs with bs=128.""}"
14282,1767926593,1767926593,1767926594,"{""inverter"": 1, ""source"": ""workstation2_log"", ""device"": ""workstation2"", ""task_type"": ""compilation, CPU load"", ""cpu_cores_active"": ""3"", ""library"": ""boost/concept_check"", ""task_files"": 18, ""llm_estimated_task_effort"": ""low"", ""textual_description"": ""The testsuite for boost/concept_check is being compiled and run."", ""command"": ""b2 --j 3 test"", ""directory"": "".../boost/libs/concept_check""}"
14283,1767927281,1767927281,1767927281,"{""inverter"": 1, ""source"": ""workstation2_log"", ""device"": ""workstation2"", ""task_type"": ""compilation, CPU load"", ""cpu_cores_active"": ""6"", ""library"": ""boost/bimap"", ""task_files"": 36, ""llm_estimated_task_effort"": ""low"", ""textual_description"": ""The testsuite for boost/bimap is being compiled and run."", ""command"": ""b2 --j 6 test"", ""directory"": "".../boost/libs/bimap""}"
14118,1767927598,1767927598,1767927942,"{""inverter"": 1, ""source"": ""workstation2_log"", ""device"": ""workstation2"", ""task_type"": ""CNN fitting, GPU load"", ""model"": ""vgg11"", ""optim"": ""sgd"", ""dataset"": ""CIFAR10"", ""batch_size"": 128, ""epochs"": 2, ""model_params"": 132863336, ""llm_estimated_task_effort"": ""low"", ""textual_description"": ""The model vgg11 is fitted on CIFAR10 using sgd for 2 epochs with bs=128.""}"
14284,1767927627,1767927627,1767927900,"{""inverter"": 1, ""source"": ""workstation1_log"", ""device"": ""workstation1"", ""task_type"": ""compilation, CPU load"", ""cpu_cores_active"": ""1"", ""library"": ""boost/stacktrace"", ""task_files"": 18, ""llm_estimated_task_effort"": ""medium"", ""textual_description"": ""The testsuite for boost/stacktrace is being compiled and run."", ""command"": ""b2 --j 1 test"", ""directory"": "".../boost/libs/stacktrace""}"
14285,1767927911,1767927911,1767927912,"{""inverter"": 1, ""source"": ""workstation2_log"", ""device"": ""workstation2"", ""task_type"": ""compilation, CPU load"", ""cpu_cores_active"": ""9"", ""library"": ""boost/static_string"", ""task_files"": 5, ""llm_estimated_task_effort"": ""low"", ""textual_description"": ""The testsuite for boost/static_string is being compiled and run."", ""command"": ""b2 --j 9 test"", ""directory"": "".../boost/libs/static_string""}"
14119,1767928166,1767928166,1767928939,"{""inverter"": 1, ""source"": ""workstation2_log"", ""device"": ""workstation2"", ""task_type"": ""CNN fitting, GPU load"", ""model"": ""densenet121"", ""optim"": ""sgd"", ""dataset"": ""CIFAR10"", ""batch_size"": 128, ""epochs"": 2, ""model_params"": 7978856, ""llm_estimated_task_effort"": ""medium"", ""textual_description"": ""The model densenet121 is fitted on CIFAR10 using sgd for 2 epochs with bs=128.""}"
14286,1767928508,1767928508,1767928509,"{""inverter"": 1, ""source"": ""workstation2_log"", ""device"": ""workstation2"", ""task_type"": ""compilation, CPU load"", ""cpu_cores_active"": ""5"", ""library"": ""boost/hash2"", ""task_files"": 125, ""llm_estimated_task_effort"": ""low"", ""textual_description"": ""The testsuite for boost/hash2 is being compiled and run."", ""command"": ""b2 --j 5 test"", ""directory"": "".../boost/libs/hash2""}"
14287,1767928642,1767928642,1767928643,"{""inverter"": 1, ""source"": ""workstation2_log"", ""device"": ""workstation2"", ""task_type"": ""compilation, CPU load"", ""cpu_cores_active"": ""2"", ""library"": ""boost/type_erasure"", ""task_files"": 61, ""llm_estimated_task_effort"": ""low"", ""textual_description"": ""The testsuite for boost/type_erasure is being compiled and run."", ""command"": ""b2 --j 2 test"", ""directory"": "".../boost/libs/type_erasure""}"
14288,1767928823,1767928823,1767928823,"{""inverter"": 1, ""source"": ""workstation2_log"", ""device"": ""workstation2"", ""task_type"": ""compilation, CPU load"", ""cpu_cores_active"": ""2"", ""library"": ""boost/assert"", ""task_files"": 25, ""llm_estimated_task_effort"": ""low"", ""textual_description"": ""The testsuite for boost/assert is being compiled and run."", ""command"": ""b2 --j 2 test"", ""directory"": "".../boost/libs/assert""}"
14289,1767929018,1767929018,1767929120,"{""inverter"": 1, ""source"": ""workstation1_log"", ""device"": ""workstation1"", ""task_type"": ""compilation, CPU load"", ""cpu_cores_active"": ""8"", ""library"": ""boost/iostreams"", ""task_files"": 407, ""llm_estimated_task_effort"": ""high"", ""textual_description"": ""The testsuite for boost/iostreams is being compiled and run."", ""command"": ""b2 --j 8 test"", ""directory"": "".../boost/libs/iostreams""}"
14290,1767929149,1767929149,1767929236,"{""inverter"": 1, ""source"": ""workstation1_log"", ""device"": ""workstation1"", ""task_type"": ""compilation, CPU load"", ""cpu_cores_active"": ""1"", ""library"": ""boost/crc"", ""task_files"": 10, ""llm_estimated_task_effort"": ""low"", ""textual_description"": ""The testsuite for boost/crc is being compiled and run."", ""command"": ""b2 --j 1 test"", ""directory"": "".../boost/libs/crc""}"
14291,1767929238,1767929238,1767929407,"{""inverter"": 1, ""source"": ""workstation1_log"", ""device"": ""workstation1"", ""task_type"": ""compilation, CPU load"", ""cpu_cores_active"": ""3"", ""library"": ""boost/fusion"", ""task_files"": 247, ""llm_estimated_task_effort"": ""low"", ""textual_description"": ""The testsuite for boost/fusion is being compiled and run."", ""command"": ""b2 --j 3 test"", ""directory"": "".../boost/libs/fusion""}"
14120,1767929487,1767929487,1767929844,"{""inverter"": 1, ""source"": ""workstation2_log"", ""device"": ""workstation2"", ""task_type"": ""CNN fitting, GPU load"", ""model"": ""vgg11"", ""optim"": ""adam"", ""dataset"": ""CIFAR10"", ""batch_size"": 128, ""epochs"": 2, ""model_params"": 132863336, ""llm_estimated_task_effort"": ""low"", ""textual_description"": ""The model vgg11 is fitted on CIFAR10 using adam for 2 epochs with bs=128.""}"
14292,1767929516,1767929516,1767929646,"{""inverter"": 1, ""source"": ""workstation1_log"", ""device"": ""workstation1"", ""task_type"": ""compilation, CPU load"", ""cpu_cores_active"": ""3"", ""library"": ""boost/signals2"", ""task_files"": 23, ""llm_estimated_task_effort"": ""low"", ""textual_description"": ""The testsuite for boost/signals2 is being compiled and run."", ""command"": ""b2 --j 3 test"", ""directory"": "".../boost/libs/signals2""}"
14293,1767929849,1767929849,1767929939,"{""inverter"": 1, ""source"": ""workstation1_log"", ""device"": ""workstation1"", ""task_type"": ""compilation, CPU load"", ""cpu_cores_active"": ""8"", ""library"": ""boost/exception"", ""task_files"": 59, ""llm_estimated_task_effort"": ""low"", ""textual_description"": ""The testsuite for boost/exception is being compiled and run."", ""command"": ""b2 --j 8 test"", ""directory"": "".../boost/libs/exception""}"
14294,1767930170,1767930170,1767930170,"{""inverter"": 1, ""source"": ""workstation2_log"", ""device"": ""workstation2"", ""task_type"": ""compilation, CPU load"", ""cpu_cores_active"": ""1"", ""library"": ""boost/accumulators"", ""task_files"": 52, ""llm_estimated_task_effort"": ""medium"", ""textual_description"": ""The testsuite for boost/accumulators is being compiled and run."", ""command"": ""b2 --j 1 test"", ""directory"": "".../boost/libs/accumulators""}"
14121,1767930318,1767930318,1767930670,"{""inverter"": 1, ""source"": ""workstation2_log"", ""device"": ""workstation2"", ""task_type"": ""CNN fitting, GPU load"", ""model"": ""vgg19"", ""optim"": ""sgd"", ""dataset"": ""CIFAR10"", ""batch_size"": 128, ""epochs"": 2, ""model_params"": 143667240, ""llm_estimated_task_effort"": ""medium"", ""textual_description"": ""The model vgg19 is fitted on CIFAR10 using sgd for 2 epochs with bs=128.""}"
14295,1767930532,1767930532,1767930533,"{""inverter"": 1, ""source"": ""workstation2_log"", ""device"": ""workstation2"", ""task_type"": ""compilation, CPU load"", ""cpu_cores_active"": ""6"", ""library"": ""boost/config"", ""task_files"": 754, ""llm_estimated_task_effort"": ""low"", ""textual_description"": ""The testsuite for boost/config is being compiled and run."", ""command"": ""b2 --j 6 test"", ""directory"": "".../boost/libs/config""}"
14296,1767930783,1767930783,1767930887,"{""inverter"": 1, ""source"": ""workstation1_log"", ""device"": ""workstation1"", ""task_type"": ""compilation, CPU load"", ""cpu_cores_active"": ""5"", ""library"": ""boost/algorithm"", ""task_files"": 60, ""llm_estimated_task_effort"": ""low"", ""textual_description"": ""The testsuite for boost/algorithm is being compiled and run."", ""command"": ""b2 --j 5 test"", ""directory"": "".../boost/libs/algorithm""}"
14297,1767930903,1767930903,1767930986,"{""inverter"": 1, ""source"": ""workstation1_log"", ""device"": ""workstation1"", ""task_type"": ""compilation, CPU load"", ""cpu_cores_active"": ""10"", ""library"": ""boost/predef"", ""task_files"": 19, ""llm_estimated_task_effort"": ""low"", ""textual_description"": ""The testsuite for boost/predef is being compiled and run."", ""command"": ""b2 --j 10 test"", ""directory"": "".../boost/libs/predef""}"
14122,1767931138,1767931138,1767931493,"{""inverter"": 1, ""source"": ""workstation2_log"", ""device"": ""workstation2"", ""task_type"": ""CNN fitting, GPU load"", ""model"": ""vgg13"", ""optim"": ""adam"", ""dataset"": ""CIFAR10"", ""batch_size"": 128, ""epochs"": 2, ""model_params"": 133047848, ""llm_estimated_task_effort"": ""medium"", ""textual_description"": ""The model vgg13 is fitted on CIFAR10 using adam for 2 epochs with bs=128.""}"
14298,1767931225,1767931225,1767931309,"{""inverter"": 1, ""source"": ""workstation1_log"", ""device"": ""workstation1"", ""task_type"": ""compilation, CPU load"", ""cpu_cores_active"": ""8"", ""library"": ""boost/parameter_python"", ""task_files"": 3, ""llm_estimated_task_effort"": ""low"", ""textual_description"": ""The testsuite for boost/parameter_python is being compiled and run."", ""command"": ""b2 --j 8 test"", ""directory"": "".../boost/libs/parameter_python""}"
14299,1767931537,1767931537,1767931538,"{""inverter"": 1, ""source"": ""workstation2_log"", ""device"": ""workstation2"", ""task_type"": ""compilation, CPU load"", ""cpu_cores_active"": ""6"", ""library"": ""boost/algorithm"", ""task_files"": 60, ""llm_estimated_task_effort"": ""low"", ""textual_description"": ""The testsuite for boost/algorithm is being compiled and run."", ""command"": ""b2 --j 6 test"", ""directory"": "".../boost/libs/algorithm""}"
14123,1767931643,1767931643,1767932005,"{""inverter"": 1, ""source"": ""workstation2_log"", ""device"": ""workstation2"", ""task_type"": ""CNN fitting, GPU load"", ""model"": ""vgg19"", ""optim"": ""adam"", ""dataset"": ""CIFAR10"", ""batch_size"": 128, ""epochs"": 2, ""model_params"": 143667240, ""llm_estimated_task_effort"": ""medium"", ""textual_description"": ""The model vgg19 is fitted on CIFAR10 using adam for 2 epochs with bs=128.""}"
14300,1767931757,1767931757,1767931758,"{""inverter"": 1, ""source"": ""workstation2_log"", ""device"": ""workstation2"", ""task_type"": ""compilation, CPU load"", ""cpu_cores_active"": ""1"", ""library"": ""boost/exception"", ""task_files"": 59, ""llm_estimated_task_effort"": ""low"", ""textual_description"": ""The testsuite for boost/exception is being compiled and run."", ""command"": ""b2 --j 1 test"", ""directory"": "".../boost/libs/exception""}"
14301,1767931953,1767931953,1767931955,"{""inverter"": 1, ""source"": ""workstation2_log"", ""device"": ""workstation2"", ""task_type"": ""compilation, CPU load"", ""cpu_cores_active"": ""9"", ""library"": ""boost/tokenizer"", ""task_files"": 9, ""llm_estimated_task_effort"": ""low"", ""textual_description"": ""The testsuite for boost/tokenizer is being compiled and run."", ""command"": ""b2 --j 9 test"", ""directory"": "".../boost/libs/tokenizer""}"
14302,1767932316,1767932316,1767932403,"{""inverter"": 1, ""source"": ""workstation1_log"", ""device"": ""workstation1"", ""task_type"": ""compilation, CPU load"", ""cpu_cores_active"": ""10"", ""library"": ""boost/iterator"", ""task_files"": 55, ""llm_estimated_task_effort"": ""low"", ""textual_description"": ""The testsuite for boost/iterator is being compiled and run."", ""command"": ""b2 --j 10 test"", ""directory"": "".../boost/libs/iterator""}"
14124,1767932444,1767932444,1767932798,"{""inverter"": 1, ""source"": ""workstation2_log"", ""device"": ""workstation2"", ""task_type"": ""CNN fitting, GPU load"", ""model"": ""vgg13"", ""optim"": ""adam"", ""dataset"": ""CIFAR10"", ""batch_size"": 128, ""epochs"": 2, ""model_params"": 133047848, ""llm_estimated_task_effort"": ""medium"", ""textual_description"": ""The model vgg13 is fitted on CIFAR10 using adam for 2 epochs with bs=128.""}"
14303,1767932638,1767932638,1767932639,"{""inverter"": 1, ""source"": ""workstation2_log"", ""device"": ""workstation2"", ""task_type"": ""compilation, CPU load"", ""cpu_cores_active"": ""7"", ""library"": ""boost/asio"", ""task_files"": 386, ""llm_estimated_task_effort"": ""high"", ""textual_description"": ""The testsuite for boost/asio is being compiled and run."", ""command"": ""b2 --j 7 test"", ""directory"": "".../boost/libs/asio""}"
14304,1767933440,1767933440,1767933531,"{""inverter"": 1, ""source"": ""workstation1_log"", ""device"": ""workstation1"", ""task_type"": ""compilation, CPU load"", ""cpu_cores_active"": ""7"", ""library"": ""boost/polygon"", ""task_files"": 17, ""llm_estimated_task_effort"": ""high"", ""textual_description"": ""The testsuite for boost/polygon is being compiled and run."", ""command"": ""b2 --j 7 test"", ""directory"": "".../boost/libs/polygon""}"
14125,1767933507,1767933507,1767933896,"{""inverter"": 1, ""source"": ""workstation2_log"", ""device"": ""workstation2"", ""task_type"": ""CNN fitting, GPU load"", ""model"": ""resnet18"", ""optim"": ""adam"", ""dataset"": ""CIFAR10"", ""batch_size"": 128, ""epochs"": 2, ""model_params"": 11689512, ""llm_estimated_task_effort"": ""low"", ""textual_description"": ""The model resnet18 is fitted on CIFAR10 using adam for 2 epochs with bs=128.""}"
14305,1767933746,1767933746,1767933826,"{""inverter"": 1, ""source"": ""workstation1_log"", ""device"": ""workstation1"", ""task_type"": ""compilation, CPU load"", ""cpu_cores_active"": ""5"", ""library"": ""boost/context"", ""task_files"": 7, ""llm_estimated_task_effort"": ""high"", ""textual_description"": ""The testsuite for boost/context is being compiled and run."", ""command"": ""b2 --j 5 test"", ""directory"": "".../boost/libs/context""}"
14306,1767933919,1767933919,1767933920,"{""inverter"": 1, ""source"": ""workstation2_log"", ""device"": ""workstation2"", ""task_type"": ""compilation, CPU load"", ""cpu_cores_active"": ""9"", ""library"": ""boost/thread"", ""task_files"": 439, ""llm_estimated_task_effort"": ""high"", ""textual_description"": ""The testsuite for boost/thread is being compiled and run."", ""command"": ""b2 --j 9 test"", ""directory"": "".../boost/libs/thread""}"
14307,1767934274,1767934274,1767934355,"{""inverter"": 1, ""source"": ""workstation1_log"", ""device"": ""workstation1"", ""task_type"": ""compilation, CPU load"", ""cpu_cores_active"": ""10"", ""library"": ""boost/bind"", ""task_files"": 81, ""llm_estimated_task_effort"": ""low"", ""textual_description"": ""The testsuite for boost/bind is being compiled and run."", ""command"": ""b2 --j 10 test"", ""directory"": "".../boost/libs/bind""}"
14308,1767934561,1767934561,1767934561,"{""inverter"": 1, ""source"": ""workstation2_log"", ""device"": ""workstation2"", ""task_type"": ""compilation, CPU load"", ""cpu_cores_active"": ""3"", ""library"": ""boost/heap"", ""task_files"": 17, ""llm_estimated_task_effort"": ""low"", ""textual_description"": ""The testsuite for boost/heap is being compiled and run."", ""command"": ""b2 --j 3 test"", ""directory"": "".../boost/libs/heap""}"
14309,1767935016,1767935016,1767935017,"{""inverter"": 1, ""source"": ""workstation2_log"", ""device"": ""workstation2"", ""task_type"": ""compilation, CPU load"", ""cpu_cores_active"": ""2"", ""library"": ""boost/type_traits"", ""task_files"": 229, ""llm_estimated_task_effort"": ""low"", ""textual_description"": ""The testsuite for boost/type_traits is being compiled and run."", ""command"": ""b2 --j 2 test"", ""directory"": "".../boost/libs/type_traits""}"
14126,1767935190,1767935190,1767935574,"{""inverter"": 1, ""source"": ""workstation2_log"", ""device"": ""workstation2"", ""task_type"": ""CNN fitting, GPU load"", ""model"": ""resnet18"", ""optim"": ""adam"", ""dataset"": ""CIFAR10"", ""batch_size"": 128, ""epochs"": 2, ""model_params"": 11689512, ""llm_estimated_task_effort"": ""low"", ""textual_description"": ""The model resnet18 is fitted on CIFAR10 using adam for 2 epochs with bs=128.""}"
14310,1767935321,1767935321,1767935471,"{""inverter"": 1, ""source"": ""workstation1_log"", ""device"": ""workstation1"", ""task_type"": ""compilation, CPU load"", ""cpu_cores_active"": ""10"", ""library"": ""boost/serialization"", ""task_files"": 150, ""llm_estimated_task_effort"": ""high"", ""textual_description"": ""The testsuite for boost/serialization is being compiled and run."", ""command"": ""b2 --j 10 test"", ""directory"": "".../boost/libs/serialization""}"
14311,1767935745,1767935745,1767935745,"{""inverter"": 1, ""source"": ""workstation2_log"", ""device"": ""workstation2"", ""task_type"": ""compilation, CPU load"", ""cpu_cores_active"": ""10"", ""library"": ""boost/container"", ""task_files"": 98, ""llm_estimated_task_effort"": ""high"", ""textual_description"": ""The testsuite for boost/container is being compiled and run."", ""command"": ""b2 --j 10 test"", ""directory"": "".../boost/libs/container""}"
14127,1767936057,1767936057,1767936926,"{""inverter"": 1, ""source"": ""workstation2_log"", ""device"": ""workstation2"", ""task_type"": ""CNN fitting, GPU load"", ""model"": ""densenet121"", ""optim"": ""adam"", ""dataset"": ""CIFAR10"", ""batch_size"": 128, ""epochs"": 2, ""model_params"": 7978856, ""llm_estimated_task_effort"": ""medium"", ""textual_description"": ""The model densenet121 is fitted on CIFAR10 using adam for 2 epochs with bs=128.""}"
14312,1767936321,1767936321,1767936406,"{""inverter"": 1, ""source"": ""workstation1_log"", ""device"": ""workstation1"", ""task_type"": ""compilation, CPU load"", ""cpu_cores_active"": ""6"", ""library"": ""boost/format"", ""task_files"": 9, ""llm_estimated_task_effort"": ""low"", ""textual_description"": ""The testsuite for boost/format is being compiled and run."", ""command"": ""b2 --j 6 test"", ""directory"": "".../boost/libs/format""}"
14313,1767936486,1767936486,1767936487,"{""inverter"": 1, ""source"": ""workstation2_log"", ""device"": ""workstation2"", ""task_type"": ""compilation, CPU load"", ""cpu_cores_active"": ""8"", ""library"": ""boost/describe"", ""task_files"": 53, ""llm_estimated_task_effort"": ""low"", ""textual_description"": ""The testsuite for boost/describe is being compiled and run."", ""command"": ""b2 --j 8 test"", ""directory"": "".../boost/libs/describe""}"
14314,1767936892,1767936892,1767937007,"{""inverter"": 1, ""source"": ""workstation1_log"", ""device"": ""workstation1"", ""task_type"": ""compilation, CPU load"", ""cpu_cores_active"": ""1"", ""library"": ""boost/config"", ""task_files"": 754, ""llm_estimated_task_effort"": ""low"", ""textual_description"": ""The testsuite for boost/config is being compiled and run."", ""command"": ""b2 --j 1 test"", ""directory"": "".../boost/libs/config""}"
14315,1767937006,1767937006,1767937007,"{""inverter"": 1, ""source"": ""workstation2_log"", ""device"": ""workstation2"", ""task_type"": ""compilation, CPU load"", ""cpu_cores_active"": ""5"", ""library"": ""boost/date_time"", ""task_files"": 70, ""llm_estimated_task_effort"": ""low"", ""textual_description"": ""The testsuite for boost/date_time is being compiled and run."", ""command"": ""b2 --j 5 test"", ""directory"": "".../boost/libs/date_time""}"
14316,1767937131,1767937131,1767937212,"{""inverter"": 1, ""source"": ""workstation1_log"", ""device"": ""workstation1"", ""task_type"": ""compilation, CPU load"", ""cpu_cores_active"": ""6"", ""library"": ""boost/coroutine"", ""task_files"": 3, ""llm_estimated_task_effort"": ""high"", ""textual_description"": ""The testsuite for boost/coroutine is being compiled and run."", ""command"": ""b2 --j 6 test"", ""directory"": "".../boost/libs/coroutine""}"
14317,1767937137,1767937137,1767937138,"{""inverter"": 1, ""source"": ""workstation2_log"", ""device"": ""workstation2"", ""task_type"": ""compilation, CPU load"", ""cpu_cores_active"": ""2"", ""library"": ""boost/xpressive"", ""task_files"": 70, ""llm_estimated_task_effort"": ""high"", ""textual_description"": ""The testsuite for boost/xpressive is being compiled and run."", ""command"": ""b2 --j 2 test"", ""directory"": "".../boost/libs/xpressive""}"
14318,1767937225,1767937225,1767937226,"{""inverter"": 1, ""source"": ""workstation2_log"", ""device"": ""workstation2"", ""task_type"": ""compilation, CPU load"", ""cpu_cores_active"": ""9"", ""library"": ""boost/optional"", ""task_files"": 82, ""llm_estimated_task_effort"": ""low"", ""textual_description"": ""The testsuite for boost/optional is being compiled and run."", ""command"": ""b2 --j 9 test"", ""directory"": "".../boost/libs/optional""}"
14128,1767937802,1767937802,1767938171,"{""inverter"": 1, ""source"": ""workstation2_log"", ""device"": ""workstation2"", ""task_type"": ""CNN fitting, GPU load"", ""model"": ""vgg19"", ""optim"": ""adam"", ""dataset"": ""CIFAR10"", ""batch_size"": 128, ""epochs"": 2, ""model_params"": 143667240, ""llm_estimated_task_effort"": ""medium"", ""textual_description"": ""The model vgg19 is fitted on CIFAR10 using adam for 2 epochs with bs=128.""}"
14319,1767938483,1767938483,1767938483,"{""inverter"": 1, ""source"": ""workstation2_log"", ""device"": ""workstation2"", ""task_type"": ""compilation, CPU load"", ""cpu_cores_active"": ""9"", ""library"": ""boost/static_assert"", ""task_files"": 17, ""llm_estimated_task_effort"": ""low"", ""textual_description"": ""The testsuite for boost/static_assert is being compiled and run."", ""command"": ""b2 --j 9 test"", ""directory"": "".../boost/libs/static_assert""}"
14320,1767938511,1767938511,1767938620,"{""inverter"": 1, ""source"": ""workstation1_log"", ""device"": ""workstation1"", ""task_type"": ""compilation, CPU load"", ""cpu_cores_active"": ""7"", ""library"": ""boost/msm"", ""task_files"": 57, ""llm_estimated_task_effort"": ""high"", ""textual_description"": ""The testsuite for boost/msm is being compiled and run."", ""command"": ""b2 --j 7 test"", ""directory"": "".../boost/libs/msm""}"
14321,1767938557,1767938557,1767938558,"{""inverter"": 1, ""source"": ""workstation2_log"", ""device"": ""workstation2"", ""task_type"": ""compilation, CPU load"", ""cpu_cores_active"": ""9"", ""library"": ""boost/yap"", ""task_files"": 4, ""llm_estimated_task_effort"": ""low"", ""textual_description"": ""The testsuite for boost/yap is being compiled and run."", ""command"": ""b2 --j 9 test"", ""directory"": "".../boost/libs/yap""}"
14322,1767939901,1767939901,1767939902,"{""inverter"": 1, ""source"": ""workstation2_log"", ""device"": ""workstation2"", ""task_type"": ""compilation, CPU load"", ""cpu_cores_active"": ""2"", ""library"": ""boost/random"", ""task_files"": 141, ""llm_estimated_task_effort"": ""low"", ""textual_description"": ""The testsuite for boost/random is being compiled and run."", ""command"": ""b2 --j 2 test"", ""directory"": "".../boost/libs/random""}"
14323,1767939928,1767939928,1767939929,"{""inverter"": 1, ""source"": ""workstation2_log"", ""device"": ""workstation2"", ""task_type"": ""compilation, CPU load"", ""cpu_cores_active"": ""5"", ""library"": ""boost/core"", ""task_files"": 278, ""llm_estimated_task_effort"": ""low"", ""textual_description"": ""The testsuite for boost/core is being compiled and run."", ""command"": ""b2 --j 5 test"", ""directory"": "".../boost/libs/core""}"
14324,1767940200,1767940200,1767940200,"{""inverter"": 1, ""source"": ""workstation2_log"", ""device"": ""workstation2"", ""task_type"": ""compilation, CPU load"", ""cpu_cores_active"": ""1"", ""library"": ""boost/ptr_container"", ""task_files"": 32, ""llm_estimated_task_effort"": ""medium"", ""textual_description"": ""The testsuite for boost/ptr_container is being compiled and run."", ""command"": ""b2 --j 1 test"", ""directory"": "".../boost/libs/ptr_container""}"
14129,1767940279,1767940279,1767940622,"{""inverter"": 1, ""source"": ""workstation2_log"", ""device"": ""workstation2"", ""task_type"": ""CNN fitting, GPU load"", ""model"": ""vgg11"", ""optim"": ""sgd"", ""dataset"": ""CIFAR10"", ""batch_size"": 128, ""epochs"": 2, ""model_params"": 132863336, ""llm_estimated_task_effort"": ""low"", ""textual_description"": ""The model vgg11 is fitted on CIFAR10 using sgd for 2 epochs with bs=128.""}"
14130,1767940894,1767940894,1767941282,"{""inverter"": 1, ""source"": ""workstation2_log"", ""device"": ""workstation2"", ""task_type"": ""CNN fitting, GPU load"", ""model"": ""resnet18"", ""optim"": ""adam"", ""dataset"": ""CIFAR10"", ""batch_size"": 128, ""epochs"": 2, ""model_params"": 11689512, ""llm_estimated_task_effort"": ""low"", ""textual_description"": ""The model resnet18 is fitted on CIFAR10 using adam for 2 epochs with bs=128.""}"
14325,1767941274,1767941274,1767941275,"{""inverter"": 1, ""source"": ""workstation2_log"", ""device"": ""workstation2"", ""task_type"": ""compilation, CPU load"", ""cpu_cores_active"": ""1"", ""library"": ""boost/lockfree"", ""task_files"": 24, ""llm_estimated_task_effort"": ""high"", ""textual_description"": ""The testsuite for boost/lockfree is being compiled and run."", ""command"": ""b2 --j 1 test"", ""directory"": "".../boost/libs/lockfree""}"
14131,1767941298,1767941298,1767941310,"{""inverter"": 1, ""source"": ""workstation2_log"", ""device"": ""workstation2"", ""task_type"": ""CNN fitting, GPU load"", ""model"": ""resnet18"", ""optim"": ""adam"", ""dataset"": ""CIFAR10"", ""batch_size"": 128, ""epochs"": 2, ""model_params"": 11689512, ""llm_estimated_task_effort"": ""low"", ""textual_description"": ""The model resnet18 is fitted on CIFAR10 using adam for 2 epochs with bs=128.""}"
14326,1767941385,1767941385,1767941510,"{""inverter"": 1, ""source"": ""workstation1_log"", ""device"": ""workstation1"", ""task_type"": ""compilation, CPU load"", ""cpu_cores_active"": ""4"", ""library"": ""boost/qvm"", ""task_files"": 141, ""llm_estimated_task_effort"": ""low"", ""textual_description"": ""The testsuite for boost/qvm is being compiled and run."", ""command"": ""b2 --j 4 test"", ""directory"": "".../boost/libs/qvm""}"
14132,1767941821,1767941821,1767942346,"{""inverter"": 1, ""source"": ""workstation2_log"", ""device"": ""workstation2"", ""task_type"": ""CNN fitting, GPU load"", ""model"": ""wide_resnet50_2"", ""optim"": ""adam"", ""dataset"": ""CIFAR10"", ""batch_size"": 128, ""epochs"": 2, ""model_params"": 68883240, ""llm_estimated_task_effort"": ""high"", ""textual_description"": ""The model wide_resnet50_2 is fitted on CIFAR10 using adam for 2 epochs with bs=128.""}"
14327,1767941940,1767941940,1767941941,"{""inverter"": 1, ""source"": ""workstation2_log"", ""device"": ""workstation2"", ""task_type"": ""compilation, CPU load"", ""cpu_cores_active"": ""9"", ""library"": ""boost/algorithm"", ""task_files"": 60, ""llm_estimated_task_effort"": ""low"", ""textual_description"": ""The testsuite for boost/algorithm is being compiled and run."", ""command"": ""b2 --j 9 test"", ""directory"": "".../boost/libs/algorithm""}"
14328,1767942211,1767942211,1767942294,"{""inverter"": 1, ""source"": ""workstation1_log"", ""device"": ""workstation1"", ""task_type"": ""compilation, CPU load"", ""cpu_cores_active"": ""2"", ""library"": ""boost/tokenizer"", ""task_files"": 9, ""llm_estimated_task_effort"": ""low"", ""textual_description"": ""The testsuite for boost/tokenizer is being compiled and run."", ""command"": ""b2 --j 2 test"", ""directory"": "".../boost/libs/tokenizer""}"
14133,1767942397,1767942397,1767942756,"{""inverter"": 1, ""source"": ""workstation2_log"", ""device"": ""workstation2"", ""task_type"": ""CNN fitting, GPU load"", ""model"": ""vgg13"", ""optim"": ""adam"", ""dataset"": ""CIFAR10"", ""batch_size"": 128, ""epochs"": 2, ""model_params"": 133047848, ""llm_estimated_task_effort"": ""medium"", ""textual_description"": ""The model vgg13 is fitted on CIFAR10 using adam for 2 epochs with bs=128.""}"
14329,1767942694,1767942694,1767942695,"{""inverter"": 1, ""source"": ""workstation2_log"", ""device"": ""workstation2"", ""task_type"": ""compilation, CPU load"", ""cpu_cores_active"": ""7"", ""library"": ""boost/safe_numerics"", ""task_files"": 152, ""llm_estimated_task_effort"": ""low"", ""textual_description"": ""The testsuite for boost/safe_numerics is being compiled and run."", ""command"": ""b2 --j 7 test"", ""directory"": "".../boost/libs/safe_numerics""}"
14330,1767942743,1767942743,1767942744,"{""inverter"": 1, ""source"": ""workstation2_log"", ""device"": ""workstation2"", ""task_type"": ""compilation, CPU load"", ""cpu_cores_active"": ""9"", ""library"": ""boost/geometry"", ""task_files"": 665, ""llm_estimated_task_effort"": ""high"", ""textual_description"": ""The testsuite for boost/geometry is being compiled and run."", ""command"": ""b2 --j 9 test"", ""directory"": "".../boost/libs/geometry""}"
14134,1767943121,1767943121,1767943999,"{""inverter"": 1, ""source"": ""workstation2_log"", ""device"": ""workstation2"", ""task_type"": ""CNN fitting, GPU load"", ""model"": ""densenet121"", ""optim"": ""adam"", ""dataset"": ""CIFAR10"", ""batch_size"": 128, ""epochs"": 2, ""model_params"": 7978856, ""llm_estimated_task_effort"": ""medium"", ""textual_description"": ""The model densenet121 is fitted on CIFAR10 using adam for 2 epochs with bs=128.""}"
14331,1767943147,1767943147,1767943233,"{""inverter"": 1, ""source"": ""workstation1_log"", ""device"": ""workstation1"", ""task_type"": ""compilation, CPU load"", ""cpu_cores_active"": ""10"", ""library"": ""boost/utility"", ""task_files"": 30, ""llm_estimated_task_effort"": ""low"", ""textual_description"": ""The testsuite for boost/utility is being compiled and run."", ""command"": ""b2 --j 10 test"", ""directory"": "".../boost/libs/utility""}"
14332,1767943345,1767943345,1767943345,"{""inverter"": 1, ""source"": ""workstation2_log"", ""device"": ""workstation2"", ""task_type"": ""compilation, CPU load"", ""cpu_cores_active"": ""9"", ""library"": ""boost/assign"", ""task_files"": 18, ""llm_estimated_task_effort"": ""low"", ""textual_description"": ""The testsuite for boost/assign is being compiled and run."", ""command"": ""b2 --j 9 test"", ""directory"": "".../boost/libs/assign""}"
14333,1767943451,1767943451,1767943452,"{""inverter"": 1, ""source"": ""workstation2_log"", ""device"": ""workstation2"", ""task_type"": ""compilation, CPU load"", ""cpu_cores_active"": ""10"", ""library"": ""boost/redis"", ""task_files"": 45, ""llm_estimated_task_effort"": ""medium"", ""textual_description"": ""The testsuite for boost/redis is being compiled and run."", ""command"": ""b2 --j 10 test"", ""directory"": "".../boost/libs/redis""}"
14334,1767943558,1767943558,1767943559,"{""inverter"": 1, ""source"": ""workstation2_log"", ""device"": ""workstation2"", ""task_type"": ""compilation, CPU load"", ""cpu_cores_active"": ""7"", ""library"": ""boost/multiprecision"", ""task_files"": 471, ""llm_estimated_task_effort"": ""high"", ""textual_description"": ""The testsuite for boost/multiprecision is being compiled and run."", ""command"": ""b2 --j 7 test"", ""directory"": "".../boost/libs/multiprecision""}"
14335,1767943652,1767943652,1767943806,"{""inverter"": 1, ""source"": ""workstation1_log"", ""device"": ""workstation1"", ""task_type"": ""compilation, CPU load"", ""cpu_cores_active"": ""3"", ""library"": ""boost/date_time"", ""task_files"": 70, ""llm_estimated_task_effort"": ""low"", ""textual_description"": ""The testsuite for boost/date_time is being compiled and run."", ""command"": ""b2 --j 3 test"", ""directory"": "".../boost/libs/date_time""}"
14336,1767943904,1767943904,1767943999,"{""inverter"": 1, ""source"": ""workstation1_log"", ""device"": ""workstation1"", ""task_type"": ""compilation, CPU load"", ""cpu_cores_active"": ""6"", ""library"": ""boost/locale"", ""task_files"": 48, ""llm_estimated_task_effort"": ""high"", ""textual_description"": ""The testsuite for boost/locale is being compiled and run."", ""command"": ""b2 --j 6 test"", ""directory"": "".../boost/libs/locale""}"
14337,1767944086,1767944086,1767944087,"{""inverter"": 1, ""source"": ""workstation2_log"", ""device"": ""workstation2"", ""task_type"": ""compilation, CPU load"", ""cpu_cores_active"": ""9"", ""library"": ""boost/utility"", ""task_files"": 30, ""llm_estimated_task_effort"": ""low"", ""textual_description"": ""The testsuite for boost/utility is being compiled and run."", ""command"": ""b2 --j 9 test"", ""directory"": "".../boost/libs/utility""}"
14338,1767944159,1767944159,1767944239,"{""inverter"": 1, ""source"": ""workstation1_log"", ""device"": ""workstation1"", ""task_type"": ""compilation, CPU load"", ""cpu_cores_active"": ""4"", ""library"": ""boost/align"", ""task_files"": 17, ""llm_estimated_task_effort"": ""low"", ""textual_description"": ""The testsuite for boost/align is being compiled and run."", ""command"": ""b2 --j 4 test"", ""directory"": "".../boost/libs/align""}"
14339,1767944730,1767944730,1767944872,"{""inverter"": 1, ""source"": ""workstation1_log"", ""device"": ""workstation1"", ""task_type"": ""compilation, CPU load"", ""cpu_cores_active"": ""2"", ""library"": ""boost/multi_index"", ""task_files"": 92, ""llm_estimated_task_effort"": ""low"", ""textual_description"": ""The testsuite for boost/multi_index is being compiled and run."", ""command"": ""b2 --j 2 test"", ""directory"": "".../boost/libs/multi_index""}"
14340,1767945111,1767945111,1767945201,"{""inverter"": 1, ""source"": ""workstation1_log"", ""device"": ""workstation1"", ""task_type"": ""compilation, CPU load"", ""cpu_cores_active"": ""10"", ""library"": ""boost/move"", ""task_files"": 34, ""llm_estimated_task_effort"": ""low"", ""textual_description"": ""The testsuite for boost/move is being compiled and run."", ""command"": ""b2 --j 10 test"", ""directory"": "".../boost/libs/move""}"
14341,1767945415,1767945415,1767945498,"{""inverter"": 1, ""source"": ""workstation1_log"", ""device"": ""workstation1"", ""task_type"": ""compilation, CPU load"", ""cpu_cores_active"": ""8"", ""library"": ""boost/function"", ""task_files"": 43, ""llm_estimated_task_effort"": ""low"", ""textual_description"": ""The testsuite for boost/function is being compiled and run."", ""command"": ""b2 --j 8 test"", ""directory"": "".../boost/libs/function""}"
14135,1767945852,1767945852,1767946221,"{""inverter"": 1, ""source"": ""workstation2_log"", ""device"": ""workstation2"", ""task_type"": ""CNN fitting, GPU load"", ""model"": ""vgg19"", ""optim"": ""adam"", ""dataset"": ""CIFAR10"", ""batch_size"": 128, ""epochs"": 2, ""model_params"": 143667240, ""llm_estimated_task_effort"": ""medium"", ""textual_description"": ""The model vgg19 is fitted on CIFAR10 using adam for 2 epochs with bs=128.""}"
14342,1767946145,1767946145,1767946146,"{""inverter"": 1, ""source"": ""workstation2_log"", ""device"": ""workstation2"", ""task_type"": ""compilation, CPU load"", ""cpu_cores_active"": ""4"", ""library"": ""boost/charconv"", ""task_files"": 44, ""llm_estimated_task_effort"": ""low"", ""textual_description"": ""The testsuite for boost/charconv is being compiled and run."", ""command"": ""b2 --j 4 test"", ""directory"": "".../boost/libs/charconv""}"
14343,1767946148,1767946148,1767946234,"{""inverter"": 1, ""source"": ""workstation1_log"", ""device"": ""workstation1"", ""task_type"": ""compilation, CPU load"", ""cpu_cores_active"": ""9"", ""library"": ""boost/parameter_python"", ""task_files"": 3, ""llm_estimated_task_effort"": ""low"", ""textual_description"": ""The testsuite for boost/parameter_python is being compiled and run."", ""command"": ""b2 --j 9 test"", ""directory"": "".../boost/libs/parameter_python""}"
14136,1767947022,1767947022,1767947369,"{""inverter"": 1, ""source"": ""workstation2_log"", ""device"": ""workstation2"", ""task_type"": ""CNN fitting, GPU load"", ""model"": ""vgg13"", ""optim"": ""sgd"", ""dataset"": ""CIFAR10"", ""batch_size"": 128, ""epochs"": 2, ""model_params"": 133047848, ""llm_estimated_task_effort"": ""medium"", ""textual_description"": ""The model vgg13 is fitted on CIFAR10 using sgd for 2 epochs with bs=128.""}"
14344,1767947239,1767947239,1767947240,"{""inverter"": 1, ""source"": ""workstation2_log"", ""device"": ""workstation2"", ""task_type"": ""compilation, CPU load"", ""cpu_cores_active"": ""4"", ""library"": ""boost/heap"", ""task_files"": 17, ""llm_estimated_task_effort"": ""low"", ""textual_description"": ""The testsuite for boost/heap is being compiled and run."", ""command"": ""b2 --j 4 test"", ""directory"": "".../boost/libs/heap""}"
14345,1767947243,1767947243,1767947346,"{""inverter"": 1, ""source"": ""workstation1_log"", ""device"": ""workstation1"", ""task_type"": ""compilation, CPU load"", ""cpu_cores_active"": ""7"", ""library"": ""boost/core"", ""task_files"": 278, ""llm_estimated_task_effort"": ""low"", ""textual_description"": ""The testsuite for boost/core is being compiled and run."", ""command"": ""b2 --j 7 test"", ""directory"": "".../boost/libs/core""}"
14137,1767947827,1767947827,1767948350,"{""inverter"": 1, ""source"": ""workstation2_log"", ""device"": ""workstation2"", ""task_type"": ""CNN fitting, GPU load"", ""model"": ""wide_resnet50_2"", ""optim"": ""adam"", ""dataset"": ""CIFAR10"", ""batch_size"": 128, ""epochs"": 2, ""model_params"": 68883240, ""llm_estimated_task_effort"": ""high"", ""textual_description"": ""The model wide_resnet50_2 is fitted on CIFAR10 using adam for 2 epochs with bs=128.""}"
14346,1767948500,1767948500,1767948500,"{""inverter"": 1, ""source"": ""workstation2_log"", ""device"": ""workstation2"", ""task_type"": ""compilation, CPU load"", ""cpu_cores_active"": ""5"", ""library"": ""boost/histogram"", ""task_files"": 131, ""llm_estimated_task_effort"": ""medium"", ""textual_description"": ""The testsuite for boost/histogram is being compiled and run."", ""command"": ""b2 --j 5 test"", ""directory"": "".../boost/libs/histogram""}"
14347,1767948558,1767948558,1767948559,"{""inverter"": 1, ""source"": ""workstation2_log"", ""device"": ""workstation2"", ""task_type"": ""compilation, CPU load"", ""cpu_cores_active"": ""3"", ""library"": ""boost/math"", ""task_files"": 2611, ""llm_estimated_task_effort"": ""high"", ""textual_description"": ""The testsuite for boost/math is being compiled and run."", ""command"": ""b2 --j 3 test"", ""directory"": "".../boost/libs/math""}"
14348,1767949157,1767949157,1767949157,"{""inverter"": 1, ""source"": ""workstation2_log"", ""device"": ""workstation2"", ""task_type"": ""compilation, CPU load"", ""cpu_cores_active"": ""9"", ""library"": ""boost/callable_traits"", ""task_files"": 52, ""llm_estimated_task_effort"": ""low"", ""textual_description"": ""The testsuite for boost/callable_traits is being compiled and run."", ""command"": ""b2 --j 9 test"", ""directory"": "".../boost/libs/callable_traits""}"
14349,1767949629,1767949629,1767950121,"{""inverter"": 1, ""source"": ""workstation1_log"", ""device"": ""workstation1"", ""task_type"": ""compilation, CPU load"", ""cpu_cores_active"": ""2"", ""library"": ""boost/serialization"", ""task_files"": 150, ""llm_estimated_task_effort"": ""high"", ""textual_description"": ""The testsuite for boost/serialization is being compiled and run."", ""command"": ""b2 --j 2 test"", ""directory"": "".../boost/libs/serialization""}"
14138,1767950419,1767950419,1767950763,"{""inverter"": 1, ""source"": ""workstation2_log"", ""device"": ""workstation2"", ""task_type"": ""CNN fitting, GPU load"", ""model"": ""vgg13"", ""optim"": ""sgd"", ""dataset"": ""CIFAR10"", ""batch_size"": 128, ""epochs"": 2, ""model_params"": 133047848, ""llm_estimated_task_effort"": ""medium"", ""textual_description"": ""The model vgg13 is fitted on CIFAR10 using sgd for 2 epochs with bs=128.""}"
14350,1767950668,1767950668,1767950858,"{""inverter"": 1, ""source"": ""workstation1_log"", ""device"": ""workstation1"", ""task_type"": ""compilation, CPU load"", ""cpu_cores_active"": ""10"", ""library"": ""boost/interprocess"", ""task_files"": 122, ""llm_estimated_task_effort"": ""high"", ""textual_description"": ""The testsuite for boost/interprocess is being compiled and run."", ""command"": ""b2 --j 10 test"", ""directory"": "".../boost/libs/interprocess""}"
14139,1767951774,1767951774,1767952292,"{""inverter"": 1, ""source"": ""workstation2_log"", ""device"": ""workstation2"", ""task_type"": ""CNN fitting, GPU load"", ""model"": ""wide_resnet50_2"", ""optim"": ""adam"", ""dataset"": ""CIFAR10"", ""batch_size"": 128, ""epochs"": 2, ""model_params"": 68883240, ""llm_estimated_task_effort"": ""high"", ""textual_description"": ""The model wide_resnet50_2 is fitted on CIFAR10 using adam for 2 epochs with bs=128.""}"
14351,1767952495,1767952495,1767952496,"{""inverter"": 1, ""source"": ""workstation2_log"", ""device"": ""workstation2"", ""task_type"": ""compilation, CPU load"", ""cpu_cores_active"": ""9"", ""library"": ""boost/timer"", ""task_files"": 17, ""llm_estimated_task_effort"": ""low"", ""textual_description"": ""The testsuite for boost/timer is being compiled and run."", ""command"": ""b2 --j 9 test"", ""directory"": "".../boost/libs/timer""}"
14352,1767952764,1767952764,1767952764,"{""inverter"": 1, ""source"": ""workstation2_log"", ""device"": ""workstation2"", ""task_type"": ""compilation, CPU load"", ""cpu_cores_active"": ""4"", ""library"": ""boost/describe"", ""task_files"": 53, ""llm_estimated_task_effort"": ""low"", ""textual_description"": ""The testsuite for boost/describe is being compiled and run."", ""command"": ""b2 --j 4 test"", ""directory"": "".../boost/libs/describe""}"
14140,1767953032,1767953032,1767953895,"{""inverter"": 1, ""source"": ""workstation2_log"", ""device"": ""workstation2"", ""task_type"": ""CNN fitting, GPU load"", ""model"": ""densenet121"", ""optim"": ""adam"", ""dataset"": ""CIFAR10"", ""batch_size"": 128, ""epochs"": 2, ""model_params"": 7978856, ""llm_estimated_task_effort"": ""medium"", ""textual_description"": ""The model densenet121 is fitted on CIFAR10 using adam for 2 epochs with bs=128.""}"
14353,1767953133,1767953133,1767953134,"{""inverter"": 1, ""source"": ""workstation2_log"", ""device"": ""workstation2"", ""task_type"": ""compilation, CPU load"", ""cpu_cores_active"": ""8"", ""library"": ""boost/interprocess"", ""task_files"": 122, ""llm_estimated_task_effort"": ""high"", ""textual_description"": ""The testsuite for boost/interprocess is being compiled and run."", ""command"": ""b2 --j 8 test"", ""directory"": "".../boost/libs/interprocess""}"
14354,1767954144,1767954144,1767954300,"{""inverter"": 1, ""source"": ""workstation1_log"", ""device"": ""workstation1"", ""task_type"": ""compilation, CPU load"", ""cpu_cores_active"": ""2"", ""library"": ""boost/qvm"", ""task_files"": 141, ""llm_estimated_task_effort"": ""low"", ""textual_description"": ""The testsuite for boost/qvm is being compiled and run."", ""command"": ""b2 --j 2 test"", ""directory"": "".../boost/libs/qvm""}"
14141,1767954176,1767954176,1767954634,"{""inverter"": 1, ""source"": ""workstation2_log"", ""device"": ""workstation2"", ""task_type"": ""CNN fitting, GPU load"", ""model"": ""wide_resnet50_2"", ""optim"": ""sgd"", ""dataset"": ""CIFAR10"", ""batch_size"": 128, ""epochs"": 2, ""model_params"": 68883240, ""llm_estimated_task_effort"": ""high"", ""textual_description"": ""The model wide_resnet50_2 is fitted on CIFAR10 using sgd for 2 epochs with bs=128.""}"
14355,1767954747,1767954747,1767954877,"{""inverter"": 1, ""source"": ""workstation1_log"", ""device"": ""workstation1"", ""task_type"": ""compilation, CPU load"", ""cpu_cores_active"": ""10"", ""library"": ""boost/gil"", ""task_files"": 353, ""llm_estimated_task_effort"": ""high"", ""textual_description"": ""The testsuite for boost/gil is being compiled and run."", ""command"": ""b2 --j 10 test"", ""directory"": "".../boost/libs/gil""}"
14142,1767955141,1767955141,1767955607,"{""inverter"": 1, ""source"": ""workstation2_log"", ""device"": ""workstation2"", ""task_type"": ""CNN fitting, GPU load"", ""model"": ""wide_resnet50_2"", ""optim"": ""sgd"", ""dataset"": ""CIFAR10"", ""batch_size"": 128, ""epochs"": 2, ""model_params"": 68883240, ""llm_estimated_task_effort"": ""high"", ""textual_description"": ""The model wide_resnet50_2 is fitted on CIFAR10 using sgd for 2 epochs with bs=128.""}"
14356,1767955249,1767955249,1767955250,"{""inverter"": 1, ""source"": ""workstation2_log"", ""device"": ""workstation2"", ""task_type"": ""compilation, CPU load"", ""cpu_cores_active"": ""5"", ""library"": ""boost/graph_parallel"", ""task_files"": 30, ""llm_estimated_task_effort"": ""high"", ""textual_description"": ""The testsuite for boost/graph_parallel is being compiled and run."", ""command"": ""b2 --j 5 test"", ""directory"": "".../boost/libs/graph_parallel""}"
14357,1767955534,1767955534,1767955535,"{""inverter"": 1, ""source"": ""workstation2_log"", ""device"": ""workstation2"", ""task_type"": ""compilation, CPU load"", ""cpu_cores_active"": ""4"", ""library"": ""boost/xpressive"", ""task_files"": 70, ""llm_estimated_task_effort"": ""high"", ""textual_description"": ""The testsuite for boost/xpressive is being compiled and run."", ""command"": ""b2 --j 4 test"", ""directory"": "".../boost/libs/xpressive""}"
14143,1767955741,1767955741,1767956088,"{""inverter"": 1, ""source"": ""workstation2_log"", ""device"": ""workstation2"", ""task_type"": ""CNN fitting, GPU load"", ""model"": ""vgg19"", ""optim"": ""sgd"", ""dataset"": ""CIFAR10"", ""batch_size"": 128, ""epochs"": 2, ""model_params"": 143667240, ""llm_estimated_task_effort"": ""medium"", ""textual_description"": ""The model vgg19 is fitted on CIFAR10 using sgd for 2 epochs with bs=128.""}"
14358,1767955793,1767955793,1767955875,"{""inverter"": 1, ""source"": ""workstation1_log"", ""device"": ""workstation1"", ""task_type"": ""compilation, CPU load"", ""cpu_cores_active"": ""10"", ""library"": ""boost/lambda"", ""task_files"": 27, ""llm_estimated_task_effort"": ""low"", ""textual_description"": ""The testsuite for boost/lambda is being compiled and run."", ""command"": ""b2 --j 10 test"", ""directory"": "".../boost/libs/lambda""}"
14359,1767955836,1767955836,1767955838,"{""inverter"": 1, ""source"": ""workstation2_log"", ""device"": ""workstation2"", ""task_type"": ""compilation, CPU load"", ""cpu_cores_active"": ""4"", ""library"": ""boost/throw_exception"", ""task_files"": 36, ""llm_estimated_task_effort"": ""low"", ""textual_description"": ""The testsuite for boost/throw_exception is being compiled and run."", ""command"": ""b2 --j 4 test"", ""directory"": "".../boost/libs/throw_exception""}"
14360,1767955945,1767955945,1767956028,"{""inverter"": 1, ""source"": ""workstation1_log"", ""device"": ""workstation1"", ""task_type"": ""compilation, CPU load"", ""cpu_cores_active"": ""3"", ""library"": ""boost/convert"", ""task_files"": 20, ""llm_estimated_task_effort"": ""low"", ""textual_description"": ""The testsuite for boost/convert is being compiled and run."", ""command"": ""b2 --j 3 test"", ""directory"": "".../boost/libs/convert""}"
14361,1767955964,1767955964,1767955964,"{""inverter"": 1, ""source"": ""workstation2_log"", ""device"": ""workstation2"", ""task_type"": ""compilation, CPU load"", ""cpu_cores_active"": ""10"", ""library"": ""boost/intrusive"", ""task_files"": 55, ""llm_estimated_task_effort"": ""low"", ""textual_description"": ""The testsuite for boost/intrusive is being compiled and run."", ""command"": ""b2 --j 10 test"", ""directory"": "".../boost/libs/intrusive""}"
14144,1767956120,1767956120,1767956476,"{""inverter"": 1, ""source"": ""workstation2_log"", ""device"": ""workstation2"", ""task_type"": ""CNN fitting, GPU load"", ""model"": ""vgg11"", ""optim"": ""adam"", ""dataset"": ""CIFAR10"", ""batch_size"": 128, ""epochs"": 2, ""model_params"": 132863336, ""llm_estimated_task_effort"": ""low"", ""textual_description"": ""The model vgg11 is fitted on CIFAR10 using adam for 2 epochs with bs=128.""}"
14362,1767956142,1767956142,1767956143,"{""inverter"": 1, ""source"": ""workstation2_log"", ""device"": ""workstation2"", ""task_type"": ""compilation, CPU load"", ""cpu_cores_active"": ""6"", ""library"": ""boost/convert"", ""task_files"": 20, ""llm_estimated_task_effort"": ""low"", ""textual_description"": ""The testsuite for boost/convert is being compiled and run."", ""command"": ""b2 --j 6 test"", ""directory"": "".../boost/libs/convert""}"
14363,1767956215,1767956215,1767956326,"{""inverter"": 1, ""source"": ""workstation1_log"", ""device"": ""workstation1"", ""task_type"": ""compilation, CPU load"", ""cpu_cores_active"": ""6"", ""library"": ""boost/date_time"", ""task_files"": 70, ""llm_estimated_task_effort"": ""low"", ""textual_description"": ""The testsuite for boost/date_time is being compiled and run."", ""command"": ""b2 --j 6 test"", ""directory"": "".../boost/libs/date_time""}"
14364,1767956467,1767956467,1767956614,"{""inverter"": 1, ""source"": ""workstation1_log"", ""device"": ""workstation1"", ""task_type"": ""compilation, CPU load"", ""cpu_cores_active"": ""2"", ""library"": ""boost/leaf"", ""task_files"": 125, ""llm_estimated_task_effort"": ""low"", ""textual_description"": ""The testsuite for boost/leaf is being compiled and run."", ""command"": ""b2 --j 2 test"", ""directory"": "".../boost/libs/leaf""}"
14145,1767956880,1767956880,1767957652,"{""inverter"": 1, ""source"": ""workstation2_log"", ""device"": ""workstation2"", ""task_type"": ""CNN fitting, GPU load"", ""model"": ""densenet121"", ""optim"": ""sgd"", ""dataset"": ""CIFAR10"", ""batch_size"": 128, ""epochs"": 2, ""model_params"": 7978856, ""llm_estimated_task_effort"": ""medium"", ""textual_description"": ""The model densenet121 is fitted on CIFAR10 using sgd for 2 epochs with bs=128.""}"
14365,1767956892,1767956892,1767957004,"{""inverter"": 1, ""source"": ""workstation1_log"", ""device"": ""workstation1"", ""task_type"": ""compilation, CPU load"", ""cpu_cores_active"": ""10"", ""library"": ""boost/url"", ""task_files"": 105, ""llm_estimated_task_effort"": ""low"", ""textual_description"": ""The testsuite for boost/url is being compiled and run."", ""command"": ""b2 --j 10 test"", ""directory"": "".../boost/libs/url""}"
14366,1767956983,1767956983,1767956984,"{""inverter"": 1, ""source"": ""workstation2_log"", ""device"": ""workstation2"", ""task_type"": ""compilation, CPU load"", ""cpu_cores_active"": ""6"", ""library"": ""boost/icl"", ""task_files"": 288, ""llm_estimated_task_effort"": ""low"", ""textual_description"": ""The testsuite for boost/icl is being compiled and run."", ""command"": ""b2 --j 6 test"", ""directory"": "".../boost/libs/icl""}"
14367,1767957078,1767957078,1767957078,"{""inverter"": 1, ""source"": ""workstation2_log"", ""device"": ""workstation2"", ""task_type"": ""compilation, CPU load"", ""cpu_cores_active"": ""7"", ""library"": ""boost/concept_check"", ""task_files"": 18, ""llm_estimated_task_effort"": ""low"", ""textual_description"": ""The testsuite for boost/concept_check is being compiled and run."", ""command"": ""b2 --j 7 test"", ""directory"": "".../boost/libs/concept_check""}"
14368,1767957436,1767957436,1767957543,"{""inverter"": 1, ""source"": ""workstation1_log"", ""device"": ""workstation1"", ""task_type"": ""compilation, CPU load"", ""cpu_cores_active"": ""10"", ""library"": ""boost/beast"", ""task_files"": 471, ""llm_estimated_task_effort"": ""high"", ""textual_description"": ""The testsuite for boost/beast is being compiled and run."", ""command"": ""b2 --j 10 test"", ""directory"": "".../boost/libs/beast""}"
14369,1767957938,1767957938,1767957939,"{""inverter"": 1, ""source"": ""workstation2_log"", ""device"": ""workstation2"", ""task_type"": ""compilation, CPU load"", ""cpu_cores_active"": ""1"", ""library"": ""boost/type_index"", ""task_files"": 19, ""llm_estimated_task_effort"": ""low"", ""textual_description"": ""The testsuite for boost/type_index is being compiled and run."", ""command"": ""b2 --j 1 test"", ""directory"": "".../boost/libs/type_index""}"
14146,1767957995,1767957995,1767958867,"{""inverter"": 1, ""source"": ""workstation2_log"", ""device"": ""workstation2"", ""task_type"": ""CNN fitting, GPU load"", ""model"": ""densenet121"", ""optim"": ""adam"", ""dataset"": ""CIFAR10"", ""batch_size"": 128, ""epochs"": 2, ""model_params"": 7978856, ""llm_estimated_task_effort"": ""medium"", ""textual_description"": ""The model densenet121 is fitted on CIFAR10 using adam for 2 epochs with bs=128.""}"
14370,1767958019,1767958019,1767958021,"{""inverter"": 1, ""source"": ""workstation2_log"", ""device"": ""workstation2"", ""task_type"": ""compilation, CPU load"", ""cpu_cores_active"": ""9"", ""library"": ""boost/iostreams"", ""task_files"": 407, ""llm_estimated_task_effort"": ""high"", ""textual_description"": ""The testsuite for boost/iostreams is being compiled and run."", ""command"": ""b2 --j 9 test"", ""directory"": "".../boost/libs/iostreams""}"
14371,1767958457,1767958457,1767958458,"{""inverter"": 1, ""source"": ""workstation2_log"", ""device"": ""workstation2"", ""task_type"": ""compilation, CPU load"", ""cpu_cores_active"": ""3"", ""library"": ""boost/circular_buffer"", ""task_files"": 8, ""llm_estimated_task_effort"": ""low"", ""textual_description"": ""The testsuite for boost/circular_buffer is being compiled and run."", ""command"": ""b2 --j 3 test"", ""directory"": "".../boost/libs/circular_buffer""}"
14372,1767958741,1767958741,1767958839,"{""inverter"": 1, ""source"": ""workstation1_log"", ""device"": ""workstation1"", ""task_type"": ""compilation, CPU load"", ""cpu_cores_active"": ""1"", ""library"": ""boost/foreach"", ""task_files"": 27, ""llm_estimated_task_effort"": ""low"", ""textual_description"": ""The testsuite for boost/foreach is being compiled and run."", ""command"": ""b2 --j 1 test"", ""directory"": "".../boost/libs/foreach""}"
14373,1767958854,1767958854,1767958855,"{""inverter"": 1, ""source"": ""workstation2_log"", ""device"": ""workstation2"", ""task_type"": ""compilation, CPU load"", ""cpu_cores_active"": ""10"", ""library"": ""boost/function"", ""task_files"": 43, ""llm_estimated_task_effort"": ""low"", ""textual_description"": ""The testsuite for boost/function is being compiled and run."", ""command"": ""b2 --j 10 test"", ""directory"": "".../boost/libs/function""}"
14147,1767958975,1767958975,1767959327,"{""inverter"": 1, ""source"": ""workstation2_log"", ""device"": ""workstation2"", ""task_type"": ""CNN fitting, GPU load"", ""model"": ""vgg19"", ""optim"": ""sgd"", ""dataset"": ""CIFAR10"", ""batch_size"": 128, ""epochs"": 2, ""model_params"": 143667240, ""llm_estimated_task_effort"": ""medium"", ""textual_description"": ""The model vgg19 is fitted on CIFAR10 using sgd for 2 epochs with bs=128.""}"
14374,1767959216,1767959216,1767959217,"{""inverter"": 1, ""source"": ""workstation2_log"", ""device"": ""workstation2"", ""task_type"": ""compilation, CPU load"", ""cpu_cores_active"": ""4"", ""library"": ""boost/format"", ""task_files"": 9, ""llm_estimated_task_effort"": ""low"", ""textual_description"": ""The testsuite for boost/format is being compiled and run."", ""command"": ""b2 --j 4 test"", ""directory"": "".../boost/libs/format""}"
14375,1767959253,1767959253,1767959329,"{""inverter"": 1, ""source"": ""workstation1_log"", ""device"": ""workstation1"", ""task_type"": ""compilation, CPU load"", ""cpu_cores_active"": ""1"", ""library"": ""boost/python"", ""task_files"": 188, ""llm_estimated_task_effort"": ""high"", ""textual_description"": ""The testsuite for boost/python is being compiled and run."", ""command"": ""b2 --j 1 test"", ""directory"": "".../boost/libs/python""}"
14148,1767959460,1767959460,1767959811,"{""inverter"": 1, ""source"": ""workstation2_log"", ""device"": ""workstation2"", ""task_type"": ""CNN fitting, GPU load"", ""model"": ""vgg11"", ""optim"": ""adam"", ""dataset"": ""CIFAR10"", ""batch_size"": 128, ""epochs"": 2, ""model_params"": 132863336, ""llm_estimated_task_effort"": ""low"", ""textual_description"": ""The model vgg11 is fitted on CIFAR10 using adam for 2 epochs with bs=128.""}"
14149,1767959847,1767959847,1767960206,"{""inverter"": 1, ""source"": ""workstation2_log"", ""device"": ""workstation2"", ""task_type"": ""CNN fitting, GPU load"", ""model"": ""resnet18"", ""optim"": ""sgd"", ""dataset"": ""CIFAR10"", ""batch_size"": 128, ""epochs"": 2, ""model_params"": 11689512, ""llm_estimated_task_effort"": ""low"", ""textual_description"": ""The model resnet18 is fitted on CIFAR10 using sgd for 2 epochs with bs=128.""}"
14376,1767960099,1767960099,1767960100,"{""inverter"": 1, ""source"": ""workstation2_log"", ""device"": ""workstation2"", ""task_type"": ""compilation, CPU load"", ""cpu_cores_active"": ""5"", ""library"": ""boost/assert"", ""task_files"": 25, ""llm_estimated_task_effort"": ""low"", ""textual_description"": ""The testsuite for boost/assert is being compiled and run."", ""command"": ""b2 --j 5 test"", ""directory"": "".../boost/libs/assert""}"
14377,1767960158,1767960158,1767960159,"{""inverter"": 1, ""source"": ""workstation2_log"", ""device"": ""workstation2"", ""task_type"": ""compilation, CPU load"", ""cpu_cores_active"": ""1"", ""library"": ""boost/lambda2"", ""task_files"": 16, ""llm_estimated_task_effort"": ""low"", ""textual_description"": ""The testsuite for boost/lambda2 is being compiled and run."", ""command"": ""b2 --j 1 test"", ""directory"": "".../boost/libs/lambda2""}"
14378,1767960229,1767960229,1767960346,"{""inverter"": 1, ""source"": ""workstation1_log"", ""device"": ""workstation1"", ""task_type"": ""compilation, CPU load"", ""cpu_cores_active"": ""6"", ""library"": ""boost/statechart"", ""task_files"": 67, ""llm_estimated_task_effort"": ""high"", ""textual_description"": ""The testsuite for boost/statechart is being compiled and run."", ""command"": ""b2 --j 6 test"", ""directory"": "".../boost/libs/statechart""}"
14379,1767960351,1767960351,1767960352,"{""inverter"": 1, ""source"": ""workstation2_log"", ""device"": ""workstation2"", ""task_type"": ""compilation, CPU load"", ""cpu_cores_active"": ""3"", ""library"": ""boost/bind"", ""task_files"": 81, ""llm_estimated_task_effort"": ""low"", ""textual_description"": ""The testsuite for boost/bind is being compiled and run."", ""command"": ""b2 --j 3 test"", ""directory"": "".../boost/libs/bind""}"
14380,1767960395,1767960395,1767960476,"{""inverter"": 1, ""source"": ""workstation1_log"", ""device"": ""workstation1"", ""task_type"": ""compilation, CPU load"", ""cpu_cores_active"": ""3"", ""library"": ""boost/functional"", ""task_files"": 2, ""llm_estimated_task_effort"": ""low"", ""textual_description"": ""The testsuite for boost/functional is being compiled and run."", ""command"": ""b2 --j 3 test"", ""directory"": "".../boost/libs/functional""}"
14150,1767960614,1767960614,1767960960,"{""inverter"": 1, ""source"": ""workstation2_log"", ""device"": ""workstation2"", ""task_type"": ""CNN fitting, GPU load"", ""model"": ""vgg11"", ""optim"": ""sgd"", ""dataset"": ""CIFAR10"", ""batch_size"": 128, ""epochs"": 2, ""model_params"": 132863336, ""llm_estimated_task_effort"": ""low"", ""textual_description"": ""The model vgg11 is fitted on CIFAR10 using sgd for 2 epochs with bs=128.""}"
14381,1767960705,1767960705,1767960807,"{""inverter"": 1, ""source"": ""workstation1_log"", ""device"": ""workstation1"", ""task_type"": ""compilation, CPU load"", ""cpu_cores_active"": ""2"", ""library"": ""boost/function"", ""task_files"": 43, ""llm_estimated_task_effort"": ""low"", ""textual_description"": ""The testsuite for boost/function is being compiled and run."", ""command"": ""b2 --j 2 test"", ""directory"": "".../boost/libs/function""}"
14382,1767960847,1767960847,1767960847,"{""inverter"": 1, ""source"": ""workstation2_log"", ""device"": ""workstation2"", ""task_type"": ""compilation, CPU load"", ""cpu_cores_active"": ""10"", ""library"": ""boost/filesystem"", ""task_files"": 55, ""llm_estimated_task_effort"": ""high"", ""textual_description"": ""The testsuite for boost/filesystem is being compiled and run."", ""command"": ""b2 --j 10 test"", ""directory"": "".../boost/libs/filesystem""}"
14383,1767960878,1767960878,1767960970,"{""inverter"": 1, ""source"": ""workstation1_log"", ""device"": ""workstation1"", ""task_type"": ""compilation, CPU load"", ""cpu_cores_active"": ""3"", ""library"": ""boost/yap"", ""task_files"": 4, ""llm_estimated_task_effort"": ""low"", ""textual_description"": ""The testsuite for boost/yap is being compiled and run."", ""command"": ""b2 --j 3 test"", ""directory"": "".../boost/libs/yap""}"
14151,1767961124,1767961124,1767961470,"{""inverter"": 1, ""source"": ""workstation2_log"", ""device"": ""workstation2"", ""task_type"": ""CNN fitting, GPU load"", ""model"": ""vgg13"", ""optim"": ""sgd"", ""dataset"": ""CIFAR10"", ""batch_size"": 128, ""epochs"": 2, ""model_params"": 133047848, ""llm_estimated_task_effort"": ""medium"", ""textual_description"": ""The model vgg13 is fitted on CIFAR10 using sgd for 2 epochs with bs=128.""}"
14384,1767961235,1767961235,1767961236,"{""inverter"": 1, ""source"": ""workstation2_log"", ""device"": ""workstation2"", ""task_type"": ""compilation, CPU load"", ""cpu_cores_active"": ""9"", ""library"": ""boost/multi_array"", ""task_files"": 46, ""llm_estimated_task_effort"": ""low"", ""textual_description"": ""The testsuite for boost/multi_array is being compiled and run."", ""command"": ""b2 --j 9 test"", ""directory"": "".../boost/libs/multi_array""}"
14385,1767961250,1767961250,1767961353,"{""inverter"": 1, ""source"": ""workstation1_log"", ""device"": ""workstation1"", ""task_type"": ""compilation, CPU load"", ""cpu_cores_active"": ""1"", ""library"": ""boost/mysql"", ""task_files"": 258, ""llm_estimated_task_effort"": ""medium"", ""textual_description"": ""The testsuite for boost/mysql is being compiled and run."", ""command"": ""b2 --j 1 test"", ""directory"": "".../boost/libs/mysql""}"
14386,1767961523,1767961523,1767961628,"{""inverter"": 1, ""source"": ""workstation1_log"", ""device"": ""workstation1"", ""task_type"": ""compilation, CPU load"", ""cpu_cores_active"": ""10"", ""library"": ""boost/xpressive"", ""task_files"": 70, ""llm_estimated_task_effort"": ""high"", ""textual_description"": ""The testsuite for boost/xpressive is being compiled and run."", ""command"": ""b2 --j 10 test"", ""directory"": "".../boost/libs/xpressive""}"
14152,1767961809,1767961809,1767962157,"{""inverter"": 1, ""source"": ""workstation2_log"", ""device"": ""workstation2"", ""task_type"": ""CNN fitting, GPU load"", ""model"": ""vgg11"", ""optim"": ""sgd"", ""dataset"": ""CIFAR10"", ""batch_size"": 128, ""epochs"": 2, ""model_params"": 132863336, ""llm_estimated_task_effort"": ""low"", ""textual_description"": ""The model vgg11 is fitted on CIFAR10 using sgd for 2 epochs with bs=128.""}"
14153,1767962298,1767962298,1767963504,"{""inverter"": 1, ""source"": ""workstation2_log"", ""device"": ""workstation2"", ""task_type"": ""CNN fitting, GPU load"", ""model"": ""swin_v2_s"", ""optim"": ""sgd"", ""dataset"": ""CIFAR10"", ""batch_size"": 128, ""epochs"": 2, ""model_params"": 49737442, ""llm_estimated_task_effort"": ""high"", ""textual_description"": ""The model swin_v2_s is fitted on CIFAR10 using sgd for 2 epochs with bs=128.""}"
14387,1767962728,1767962728,1767962810,"{""inverter"": 1, ""source"": ""workstation1_log"", ""device"": ""workstation1"", ""task_type"": ""compilation, CPU load"", ""cpu_cores_active"": ""1"", ""library"": ""boost/functional"", ""task_files"": 2, ""llm_estimated_task_effort"": ""low"", ""textual_description"": ""The testsuite for boost/functional is being compiled and run."", ""command"": ""b2 --j 1 test"", ""directory"": "".../boost/libs/functional""}"
14388,1767962750,1767962750,1767962751,"{""inverter"": 1, ""source"": ""workstation2_log"", ""device"": ""workstation2"", ""task_type"": ""compilation, CPU load"", ""cpu_cores_active"": ""5"", ""library"": ""boost/function"", ""task_files"": 43, ""llm_estimated_task_effort"": ""low"", ""textual_description"": ""The testsuite for boost/function is being compiled and run."", ""command"": ""b2 --j 5 test"", ""directory"": "".../boost/libs/function""}"
14389,1767962832,1767962832,1767962833,"{""inverter"": 1, ""source"": ""workstation2_log"", ""device"": ""workstation2"", ""task_type"": ""compilation, CPU load"", ""cpu_cores_active"": ""5"", ""library"": ""boost/bloom"", ""task_files"": 14, ""llm_estimated_task_effort"": ""low"", ""textual_description"": ""The testsuite for boost/bloom is being compiled and run."", ""command"": ""b2 --j 5 test"", ""directory"": "".../boost/libs/bloom""}"
14390,1767962972,1767962972,1767962973,"{""inverter"": 1, ""source"": ""workstation2_log"", ""device"": ""workstation2"", ""task_type"": ""compilation, CPU load"", ""cpu_cores_active"": ""5"", ""library"": ""boost/describe"", ""task_files"": 53, ""llm_estimated_task_effort"": ""low"", ""textual_description"": ""The testsuite for boost/describe is being compiled and run."", ""command"": ""b2 --j 5 test"", ""directory"": "".../boost/libs/describe""}"
14391,1767963613,1767963613,1767963712,"{""inverter"": 1, ""source"": ""workstation1_log"", ""device"": ""workstation1"", ""task_type"": ""compilation, CPU load"", ""cpu_cores_active"": ""7"", ""library"": ""boost/outcome"", ""task_files"": 55, ""llm_estimated_task_effort"": ""low"", ""textual_description"": ""The testsuite for boost/outcome is being compiled and run."", ""command"": ""b2 --j 7 test"", ""directory"": "".../boost/libs/outcome""}"
14392,1767964348,1767964348,1767964349,"{""inverter"": 1, ""source"": ""workstation2_log"", ""device"": ""workstation2"", ""task_type"": ""compilation, CPU load"", ""cpu_cores_active"": ""7"", ""library"": ""boost/ratio"", ""task_files"": 34, ""llm_estimated_task_effort"": ""low"", ""textual_description"": ""The testsuite for boost/ratio is being compiled and run."", ""command"": ""b2 --j 7 test"", ""directory"": "".../boost/libs/ratio""}"
14393,1767964420,1767964420,1767964421,"{""inverter"": 1, ""source"": ""workstation2_log"", ""device"": ""workstation2"", ""task_type"": ""compilation, CPU load"", ""cpu_cores_active"": ""7"", ""library"": ""boost/log"", ""task_files"": 72, ""llm_estimated_task_effort"": ""high"", ""textual_description"": ""The testsuite for boost/log is being compiled and run."", ""command"": ""b2 --j 7 test"", ""directory"": "".../boost/libs/log""}"
14394,1767964656,1767964656,1767964746,"{""inverter"": 1, ""source"": ""workstation1_log"", ""device"": ""workstation1"", ""task_type"": ""compilation, CPU load"", ""cpu_cores_active"": ""8"", ""library"": ""boost/flyweight"", ""task_files"": 40, ""llm_estimated_task_effort"": ""low"", ""textual_description"": ""The testsuite for boost/flyweight is being compiled and run."", ""command"": ""b2 --j 8 test"", ""directory"": "".../boost/libs/flyweight""}"
14154,1767964826,1767964826,1767965198,"{""inverter"": 1, ""source"": ""workstation2_log"", ""device"": ""workstation2"", ""task_type"": ""CNN fitting, GPU load"", ""model"": ""vgg19"", ""optim"": ""adam"", ""dataset"": ""CIFAR10"", ""batch_size"": 128, ""epochs"": 2, ""model_params"": 143667240, ""llm_estimated_task_effort"": ""medium"", ""textual_description"": ""The model vgg19 is fitted on CIFAR10 using adam for 2 epochs with bs=128.""}"
14395,1767965216,1767965216,1767965307,"{""inverter"": 1, ""source"": ""workstation1_log"", ""device"": ""workstation1"", ""task_type"": ""compilation, CPU load"", ""cpu_cores_active"": ""9"", ""library"": ""boost/coroutine2"", ""task_files"": 2, ""llm_estimated_task_effort"": ""high"", ""textual_description"": ""The testsuite for boost/coroutine2 is being compiled and run."", ""command"": ""b2 --j 9 test"", ""directory"": "".../boost/libs/coroutine2""}"
14396,1767965222,1767965222,1767965223,"{""inverter"": 1, ""source"": ""workstation2_log"", ""device"": ""workstation2"", ""task_type"": ""compilation, CPU load"", ""cpu_cores_active"": ""8"", ""library"": ""boost/charconv"", ""task_files"": 44, ""llm_estimated_task_effort"": ""low"", ""textual_description"": ""The testsuite for boost/charconv is being compiled and run."", ""command"": ""b2 --j 8 test"", ""directory"": "".../boost/libs/charconv""}"
14397,1767965644,1767965644,1767965722,"{""inverter"": 1, ""source"": ""workstation1_log"", ""device"": ""workstation1"", ""task_type"": ""compilation, CPU load"", ""cpu_cores_active"": ""3"", ""library"": ""boost/functional"", ""task_files"": 2, ""llm_estimated_task_effort"": ""low"", ""textual_description"": ""The testsuite for boost/functional is being compiled and run."", ""command"": ""b2 --j 3 test"", ""directory"": "".../boost/libs/functional""}"
14155,1767965875,1767965875,1767967177,"{""inverter"": 1, ""source"": ""workstation2_log"", ""device"": ""workstation2"", ""task_type"": ""CNN fitting, GPU load"", ""model"": ""swin_v2_s"", ""optim"": ""adam"", ""dataset"": ""CIFAR10"", ""batch_size"": 128, ""epochs"": 2, ""model_params"": 49737442, ""llm_estimated_task_effort"": ""high"", ""textual_description"": ""The model swin_v2_s is fitted on CIFAR10 using adam for 2 epochs with bs=128.""}"
14398,1767965918,1767965918,1767966002,"{""inverter"": 1, ""source"": ""workstation1_log"", ""device"": ""workstation1"", ""task_type"": ""compilation, CPU load"", ""cpu_cores_active"": ""6"", ""library"": ""boost/yap"", ""task_files"": 4, ""llm_estimated_task_effort"": ""low"", ""textual_description"": ""The testsuite for boost/yap is being compiled and run."", ""command"": ""b2 --j 6 test"", ""directory"": "".../boost/libs/yap""}"
14399,1767966281,1767966281,1767966463,"{""inverter"": 1, ""source"": ""workstation1_log"", ""device"": ""workstation1"", ""task_type"": ""compilation, CPU load"", ""cpu_cores_active"": ""1"", ""library"": ""boost/local_function"", ""task_files"": 86, ""llm_estimated_task_effort"": ""low"", ""textual_description"": ""The testsuite for boost/local_function is being compiled and run."", ""command"": ""b2 --j 1 test"", ""directory"": "".../boost/libs/local_function""}"
14400,1767966784,1767966784,1767966785,"{""inverter"": 1, ""source"": ""workstation2_log"", ""device"": ""workstation2"", ""task_type"": ""compilation, CPU load"", ""cpu_cores_active"": ""3"", ""library"": ""boost/type_index"", ""task_files"": 19, ""llm_estimated_task_effort"": ""low"", ""textual_description"": ""The testsuite for boost/type_index is being compiled and run."", ""command"": ""b2 --j 3 test"", ""directory"": "".../boost/libs/type_index""}"
14401,1767966906,1767966906,1767967046,"{""inverter"": 1, ""source"": ""workstation1_log"", ""device"": ""workstation1"", ""task_type"": ""compilation, CPU load"", ""cpu_cores_active"": ""10"", ""library"": ""boost/sort"", ""task_files"": 17, ""llm_estimated_task_effort"": ""low"", ""textual_description"": ""The testsuite for boost/sort is being compiled and run."", ""command"": ""b2 --j 10 test"", ""directory"": "".../boost/libs/sort""}"
14402,1767967086,1767967086,1767967087,"{""inverter"": 1, ""source"": ""workstation2_log"", ""device"": ""workstation2"", ""task_type"": ""compilation, CPU load"", ""cpu_cores_active"": ""9"", ""library"": ""boost/lambda"", ""task_files"": 27, ""llm_estimated_task_effort"": ""low"", ""textual_description"": ""The testsuite for boost/lambda is being compiled and run."", ""command"": ""b2 --j 9 test"", ""directory"": "".../boost/libs/lambda""}"
14156,1767967198,1767967198,1767967549,"{""inverter"": 1, ""source"": ""workstation2_log"", ""device"": ""workstation2"", ""task_type"": ""CNN fitting, GPU load"", ""model"": ""vgg13"", ""optim"": ""sgd"", ""dataset"": ""CIFAR10"", ""batch_size"": 128, ""epochs"": 2, ""model_params"": 133047848, ""llm_estimated_task_effort"": ""medium"", ""textual_description"": ""The model vgg13 is fitted on CIFAR10 using sgd for 2 epochs with bs=128.""}"
14403,1767967719,1767967719,1767967720,"{""inverter"": 1, ""source"": ""workstation2_log"", ""device"": ""workstation2"", ""task_type"": ""compilation, CPU load"", ""cpu_cores_active"": ""9"", ""library"": ""boost/bimap"", ""task_files"": 36, ""llm_estimated_task_effort"": ""low"", ""textual_description"": ""The testsuite for boost/bimap is being compiled and run."", ""command"": ""b2 --j 9 test"", ""directory"": "".../boost/libs/bimap""}"
14404,1767967859,1767967859,1767967860,"{""inverter"": 1, ""source"": ""workstation2_log"", ""device"": ""workstation2"", ""task_type"": ""compilation, CPU load"", ""cpu_cores_active"": ""8"", ""library"": ""boost/tokenizer"", ""task_files"": 9, ""llm_estimated_task_effort"": ""low"", ""textual_description"": ""The testsuite for boost/tokenizer is being compiled and run."", ""command"": ""b2 --j 8 test"", ""directory"": "".../boost/libs/tokenizer""}"
14405,1767968283,1767968283,1767968502,"{""inverter"": 1, ""source"": ""workstation1_log"", ""device"": ""workstation1"", ""task_type"": ""compilation, CPU load"", ""cpu_cores_active"": ""7"", ""library"": ""boost/interprocess"", ""task_files"": 122, ""llm_estimated_task_effort"": ""high"", ""textual_description"": ""The testsuite for boost/interprocess is being compiled and run."", ""command"": ""b2 --j 7 test"", ""directory"": "".../boost/libs/interprocess""}"
14406,1767968377,1767968377,1767968378,"{""inverter"": 1, ""source"": ""workstation2_log"", ""device"": ""workstation2"", ""task_type"": ""compilation, CPU load"", ""cpu_cores_active"": ""1"", ""library"": ""boost/uuid"", ""task_files"": 68, ""llm_estimated_task_effort"": ""low"", ""textual_description"": ""The testsuite for boost/uuid is being compiled and run."", ""command"": ""b2 --j 1 test"", ""directory"": "".../boost/libs/uuid""}"
14407,1767968509,1767968509,1767968592,"{""inverter"": 1, ""source"": ""workstation1_log"", ""device"": ""workstation1"", ""task_type"": ""compilation, CPU load"", ""cpu_cores_active"": ""7"", ""library"": ""boost/flyweight"", ""task_files"": 40, ""llm_estimated_task_effort"": ""low"", ""textual_description"": ""The testsuite for boost/flyweight is being compiled and run."", ""command"": ""b2 --j 7 test"", ""directory"": "".../boost/libs/flyweight""}"
14157,1767968681,1767968681,1767969455,"{""inverter"": 1, ""source"": ""workstation2_log"", ""device"": ""workstation2"", ""task_type"": ""CNN fitting, GPU load"", ""model"": ""densenet121"", ""optim"": ""sgd"", ""dataset"": ""CIFAR10"", ""batch_size"": 128, ""epochs"": 2, ""model_params"": 7978856, ""llm_estimated_task_effort"": ""medium"", ""textual_description"": ""The model densenet121 is fitted on CIFAR10 using sgd for 2 epochs with bs=128.""}"
14408,1767968926,1767968926,1767969080,"{""inverter"": 1, ""source"": ""workstation1_log"", ""device"": ""workstation1"", ""task_type"": ""compilation, CPU load"", ""cpu_cores_active"": ""1"", ""library"": ""boost/callable_traits"", ""task_files"": 52, ""llm_estimated_task_effort"": ""low"", ""textual_description"": ""The testsuite for boost/callable_traits is being compiled and run."", ""command"": ""b2 --j 1 test"", ""directory"": "".../boost/libs/callable_traits""}"
14409,1767968947,1767968947,1767968948,"{""inverter"": 1, ""source"": ""workstation2_log"", ""device"": ""workstation2"", ""task_type"": ""compilation, CPU load"", ""cpu_cores_active"": ""1"", ""library"": ""boost/coroutine"", ""task_files"": 3, ""llm_estimated_task_effort"": ""high"", ""textual_description"": ""The testsuite for boost/coroutine is being compiled and run."", ""command"": ""b2 --j 1 test"", ""directory"": "".../boost/libs/coroutine""}"
14410,1767969230,1767969230,1767969230,"{""inverter"": 1, ""source"": ""workstation2_log"", ""device"": ""workstation2"", ""task_type"": ""compilation, CPU load"", ""cpu_cores_active"": ""1"", ""library"": ""boost/multiprecision"", ""task_files"": 471, ""llm_estimated_task_effort"": ""high"", ""textual_description"": ""The testsuite for boost/multiprecision is being compiled and run."", ""command"": ""b2 --j 1 test"", ""directory"": "".../boost/libs/multiprecision""}"
14411,1767969564,1767969564,1767970093,"{""inverter"": 1, ""source"": ""workstation1_log"", ""device"": ""workstation1"", ""task_type"": ""compilation, CPU load"", ""cpu_cores_active"": ""2"", ""library"": ""boost/unordered"", ""task_files"": 192, ""llm_estimated_task_effort"": ""low"", ""textual_description"": ""The testsuite for boost/unordered is being compiled and run."", ""command"": ""b2 --j 2 test"", ""directory"": "".../boost/libs/unordered""}"
14412,1767969668,1767969668,1767969668,"{""inverter"": 1, ""source"": ""workstation2_log"", ""device"": ""workstation2"", ""task_type"": ""compilation, CPU load"", ""cpu_cores_active"": ""10"", ""library"": ""boost/math"", ""task_files"": 2611, ""llm_estimated_task_effort"": ""high"", ""textual_description"": ""The testsuite for boost/math is being compiled and run."", ""command"": ""b2 --j 10 test"", ""directory"": "".../boost/libs/math""}"
14413,1767969989,1767969989,1767969990,"{""inverter"": 1, ""source"": ""workstation2_log"", ""device"": ""workstation2"", ""task_type"": ""compilation, CPU load"", ""cpu_cores_active"": ""10"", ""library"": ""boost/coroutine2"", ""task_files"": 2, ""llm_estimated_task_effort"": ""high"", ""textual_description"": ""The testsuite for boost/coroutine2 is being compiled and run."", ""command"": ""b2 --j 10 test"", ""directory"": "".../boost/libs/coroutine2""}"
14414,1767970432,1767970432,1767970531,"{""inverter"": 1, ""source"": ""workstation1_log"", ""device"": ""workstation1"", ""task_type"": ""compilation, CPU load"", ""cpu_cores_active"": ""5"", ""library"": ""boost/uuid"", ""task_files"": 68, ""llm_estimated_task_effort"": ""low"", ""textual_description"": ""The testsuite for boost/uuid is being compiled and run."", ""command"": ""b2 --j 5 test"", ""directory"": "".../boost/libs/uuid""}"
14158,1767970718,1767970718,1767971060,"{""inverter"": 1, ""source"": ""workstation2_log"", ""device"": ""workstation2"", ""task_type"": ""CNN fitting, GPU load"", ""model"": ""vgg13"", ""optim"": ""sgd"", ""dataset"": ""CIFAR10"", ""batch_size"": 128, ""epochs"": 2, ""model_params"": 133047848, ""llm_estimated_task_effort"": ""medium"", ""textual_description"": ""The model vgg13 is fitted on CIFAR10 using sgd for 2 epochs with bs=128.""}"
14415,1767971086,1767971086,1767971086,"{""inverter"": 1, ""source"": ""workstation2_log"", ""device"": ""workstation2"", ""task_type"": ""compilation, CPU load"", ""cpu_cores_active"": ""10"", ""library"": ""boost/graph"", ""task_files"": 1290, ""llm_estimated_task_effort"": ""high"", ""textual_description"": ""The testsuite for boost/graph is being compiled and run."", ""command"": ""b2 --j 10 test"", ""directory"": "".../boost/libs/graph""}"
14416,1767971385,1767971385,1767971464,"{""inverter"": 1, ""source"": ""workstation1_log"", ""device"": ""workstation1"", ""task_type"": ""compilation, CPU load"", ""cpu_cores_active"": ""4"", ""library"": ""boost/lambda2"", ""task_files"": 16, ""llm_estimated_task_effort"": ""low"", ""textual_description"": ""The testsuite for boost/lambda2 is being compiled and run."", ""command"": ""b2 --j 4 test"", ""directory"": "".../boost/libs/lambda2""}"
14417,1767971589,1767971589,1767971683,"{""inverter"": 1, ""source"": ""workstation1_log"", ""device"": ""workstation1"", ""task_type"": ""compilation, CPU load"", ""cpu_cores_active"": ""8"", ""library"": ""boost/assign"", ""task_files"": 18, ""llm_estimated_task_effort"": ""low"", ""textual_description"": ""The testsuite for boost/assign is being compiled and run."", ""command"": ""b2 --j 8 test"", ""directory"": "".../boost/libs/assign""}"
14159,1767971754,1767971754,1767972281,"{""inverter"": 1, ""source"": ""workstation2_log"", ""device"": ""workstation2"", ""task_type"": ""CNN fitting, GPU load"", ""model"": ""wide_resnet50_2"", ""optim"": ""adam"", ""dataset"": ""CIFAR10"", ""batch_size"": 128, ""epochs"": 2, ""model_params"": 68883240, ""llm_estimated_task_effort"": ""high"", ""textual_description"": ""The model wide_resnet50_2 is fitted on CIFAR10 using adam for 2 epochs with bs=128.""}"
14418,1767971847,1767971847,1767971944,"{""inverter"": 1, ""source"": ""workstation1_log"", ""device"": ""workstation1"", ""task_type"": ""compilation, CPU load"", ""cpu_cores_active"": ""5"", ""library"": ""boost/describe"", ""task_files"": 53, ""llm_estimated_task_effort"": ""low"", ""textual_description"": ""The testsuite for boost/describe is being compiled and run."", ""command"": ""b2 --j 5 test"", ""directory"": "".../boost/libs/describe""}"
14419,1767972408,1767972408,1767972408,"{""inverter"": 1, ""source"": ""workstation2_log"", ""device"": ""workstation2"", ""task_type"": ""compilation, CPU load"", ""cpu_cores_active"": ""9"", ""library"": ""boost/circular_buffer"", ""task_files"": 8, ""llm_estimated_task_effort"": ""low"", ""textual_description"": ""The testsuite for boost/circular_buffer is being compiled and run."", ""command"": ""b2 --j 9 test"", ""directory"": "".../boost/libs/circular_buffer""}"
14420,1767972440,1767972440,1767972440,"{""inverter"": 1, ""source"": ""workstation2_log"", ""device"": ""workstation2"", ""task_type"": ""compilation, CPU load"", ""cpu_cores_active"": ""10"", ""library"": ""boost/functional"", ""task_files"": 2, ""llm_estimated_task_effort"": ""low"", ""textual_description"": ""The testsuite for boost/functional is being compiled and run."", ""command"": ""b2 --j 10 test"", ""directory"": "".../boost/libs/functional""}"
14421,1767973118,1767973118,1767973119,"{""inverter"": 1, ""source"": ""workstation2_log"", ""device"": ""workstation2"", ""task_type"": ""compilation, CPU load"", ""cpu_cores_active"": ""4"", ""library"": ""boost/crc"", ""task_files"": 10, ""llm_estimated_task_effort"": ""low"", ""textual_description"": ""The testsuite for boost/crc is being compiled and run."", ""command"": ""b2 --j 4 test"", ""directory"": "".../boost/libs/crc""}"
14422,1767973469,1767973469,1767973470,"{""inverter"": 1, ""source"": ""workstation2_log"", ""device"": ""workstation2"", ""task_type"": ""compilation, CPU load"", ""cpu_cores_active"": ""7"", ""library"": ""boost/uuid"", ""task_files"": 68, ""llm_estimated_task_effort"": ""low"", ""textual_description"": ""The testsuite for boost/uuid is being compiled and run."", ""command"": ""b2 --j 7 test"", ""directory"": "".../boost/libs/uuid""}"
14423,1767973731,1767973731,1767973832,"{""inverter"": 1, ""source"": ""workstation1_log"", ""device"": ""workstation1"", ""task_type"": ""compilation, CPU load"", ""cpu_cores_active"": ""3"", ""library"": ""boost/context"", ""task_files"": 7, ""llm_estimated_task_effort"": ""high"", ""textual_description"": ""The testsuite for boost/context is being compiled and run."", ""command"": ""b2 --j 3 test"", ""directory"": "".../boost/libs/context""}"
14424,1767973754,1767973754,1767973755,"{""inverter"": 1, ""source"": ""workstation2_log"", ""device"": ""workstation2"", ""task_type"": ""compilation, CPU load"", ""cpu_cores_active"": ""7"", ""library"": ""boost/core"", ""task_files"": 278, ""llm_estimated_task_effort"": ""low"", ""textual_description"": ""The testsuite for boost/core is being compiled and run."", ""command"": ""b2 --j 7 test"", ""directory"": "".../boost/libs/core""}"
14425,1767973872,1767973872,1767973872,"{""inverter"": 1, ""source"": ""workstation2_log"", ""device"": ""workstation2"", ""task_type"": ""compilation, CPU load"", ""cpu_cores_active"": ""5"", ""library"": ""boost/locale"", ""task_files"": 48, ""llm_estimated_task_effort"": ""high"", ""textual_description"": ""The testsuite for boost/locale is being compiled and run."", ""command"": ""b2 --j 5 test"", ""directory"": "".../boost/libs/locale""}"
14426,1767973959,1767973959,1767973960,"{""inverter"": 1, ""source"": ""workstation2_log"", ""device"": ""workstation2"", ""task_type"": ""compilation, CPU load"", ""cpu_cores_active"": ""1"", ""library"": ""boost/units"", ""task_files"": 51, ""llm_estimated_task_effort"": ""low"", ""textual_description"": ""The testsuite for boost/units is being compiled and run."", ""command"": ""b2 --j 1 test"", ""directory"": "".../boost/libs/units""}"
14427,1767974003,1767974003,1767974102,"{""inverter"": 1, ""source"": ""workstation1_log"", ""device"": ""workstation1"", ""task_type"": ""compilation, CPU load"", ""cpu_cores_active"": ""3"", ""library"": ""boost/throw_exception"", ""task_files"": 36, ""llm_estimated_task_effort"": ""low"", ""textual_description"": ""The testsuite for boost/throw_exception is being compiled and run."", ""command"": ""b2 --j 3 test"", ""directory"": "".../boost/libs/throw_exception""}"
14428,1767974045,1767974045,1767974046,"{""inverter"": 1, ""source"": ""workstation2_log"", ""device"": ""workstation2"", ""task_type"": ""compilation, CPU load"", ""cpu_cores_active"": ""6"", ""library"": ""boost/any"", ""task_files"": 47, ""llm_estimated_task_effort"": ""low"", ""textual_description"": ""The testsuite for boost/any is being compiled and run."", ""command"": ""b2 --j 6 test"", ""directory"": "".../boost/libs/any""}"
14160,1767974320,1767974320,1767974704,"{""inverter"": 1, ""source"": ""workstation2_log"", ""device"": ""workstation2"", ""task_type"": ""CNN fitting, GPU load"", ""model"": ""resnet18"", ""optim"": ""adam"", ""dataset"": ""CIFAR10"", ""batch_size"": 128, ""epochs"": 2, ""model_params"": 11689512, ""llm_estimated_task_effort"": ""low"", ""textual_description"": ""The model resnet18 is fitted on CIFAR10 using adam for 2 epochs with bs=128.""}"
14429,1767974325,1767974325,1767974496,"{""inverter"": 1, ""source"": ""workstation1_log"", ""device"": ""workstation1"", ""task_type"": ""compilation, CPU load"", ""cpu_cores_active"": ""3"", ""library"": ""boost/smart_ptr"", ""task_files"": 292, ""llm_estimated_task_effort"": ""low"", ""textual_description"": ""The testsuite for boost/smart_ptr is being compiled and run."", ""command"": ""b2 --j 3 test"", ""directory"": "".../boost/libs/smart_ptr""}"
14503,1767974430,1767974430,1767974432,"{""inverter"": 1, ""source"": ""workstation2_log"", ""device"": ""workstation2"", ""task_type"": ""compilation, CPU load"", ""cpu_cores_active"": ""3"", ""library"": ""boost/multi_array"", ""task_files"": 46, ""llm_estimated_task_effort"": ""low"", ""textual_description"": ""The testsuite for boost/multi_array is being compiled and run."", ""command"": ""b2 --j 3 test"", ""directory"": "".../boost/libs/multi_array""}"
14504,1767974627,1767974627,1767974628,"{""inverter"": 1, ""source"": ""workstation2_log"", ""device"": ""workstation2"", ""task_type"": ""compilation, CPU load"", ""cpu_cores_active"": ""10"", ""library"": ""boost/atomic"", ""task_files"": 30, ""llm_estimated_task_effort"": ""low"", ""textual_description"": ""The testsuite for boost/atomic is being compiled and run."", ""command"": ""b2 --j 10 test"", ""directory"": "".../boost/libs/atomic""}"
14505,1767974854,1767974854,1767974941,"{""inverter"": 1, ""source"": ""workstation1_log"", ""device"": ""workstation1"", ""task_type"": ""compilation, CPU load"", ""cpu_cores_active"": ""10"", ""library"": ""boost/iterator"", ""task_files"": 55, ""llm_estimated_task_effort"": ""low"", ""textual_description"": ""The testsuite for boost/iterator is being compiled and run."", ""command"": ""b2 --j 10 test"", ""directory"": "".../boost/libs/iterator""}"
14506,1767975084,1767975084,1767975177,"{""inverter"": 1, ""source"": ""workstation1_log"", ""device"": ""workstation1"", ""task_type"": ""compilation, CPU load"", ""cpu_cores_active"": ""6"", ""library"": ""boost/type_index"", ""task_files"": 19, ""llm_estimated_task_effort"": ""low"", ""textual_description"": ""The testsuite for boost/type_index is being compiled and run."", ""command"": ""b2 --j 6 test"", ""directory"": "".../boost/libs/type_index""}"
14507,1767975207,1767975207,1767975287,"{""inverter"": 1, ""source"": ""workstation1_log"", ""device"": ""workstation1"", ""task_type"": ""compilation, CPU load"", ""cpu_cores_active"": ""9"", ""library"": ""boost/predef"", ""task_files"": 19, ""llm_estimated_task_effort"": ""low"", ""textual_description"": ""The testsuite for boost/predef is being compiled and run."", ""command"": ""b2 --j 9 test"", ""directory"": "".../boost/libs/predef""}"
14508,1767975519,1767975519,1767975629,"{""inverter"": 1, ""source"": ""workstation1_log"", ""device"": ""workstation1"", ""task_type"": ""compilation, CPU load"", ""cpu_cores_active"": ""2"", ""library"": ""boost/proto"", ""task_files"": 24, ""llm_estimated_task_effort"": ""low"", ""textual_description"": ""The testsuite for boost/proto is being compiled and run."", ""command"": ""b2 --j 2 test"", ""directory"": "".../boost/libs/proto""}"
14509,1767975760,1767975760,1767975858,"{""inverter"": 1, ""source"": ""workstation1_log"", ""device"": ""workstation1"", ""task_type"": ""compilation, CPU load"", ""cpu_cores_active"": ""4"", ""library"": ""boost/proto"", ""task_files"": 24, ""llm_estimated_task_effort"": ""low"", ""textual_description"": ""The testsuite for boost/proto is being compiled and run."", ""command"": ""b2 --j 4 test"", ""directory"": "".../boost/libs/proto""}"
14430,1767975780,1767975780,1767976661,"{""inverter"": 1, ""source"": ""workstation2_log"", ""device"": ""workstation2"", ""task_type"": ""CNN fitting, GPU load"", ""model"": ""densenet121"", ""optim"": ""adam"", ""dataset"": ""CIFAR10"", ""batch_size"": 128, ""epochs"": 2, ""model_params"": 7978856, ""llm_estimated_task_effort"": ""medium"", ""textual_description"": ""The model densenet121 is fitted on CIFAR10 using adam for 2 epochs with bs=128.""}"
14510,1767975858,1767975858,1767977188,"{""inverter"": 1, ""source"": ""workstation1_log"", ""device"": ""workstation1"", ""task_type"": ""compilation, CPU load"", ""cpu_cores_active"": ""8"", ""library"": ""boost/multiprecision"", ""task_files"": 471, ""llm_estimated_task_effort"": ""high"", ""textual_description"": ""The testsuite for boost/multiprecision is being compiled and run."", ""command"": ""b2 --j 8 test"", ""directory"": "".../boost/libs/multiprecision""}"
14511,1767976236,1767976236,1767976237,"{""inverter"": 1, ""source"": ""workstation2_log"", ""device"": ""workstation2"", ""task_type"": ""compilation, CPU load"", ""cpu_cores_active"": ""6"", ""library"": ""boost/pfr"", ""task_files"": 91, ""llm_estimated_task_effort"": ""low"", ""textual_description"": ""The testsuite for boost/pfr is being compiled and run."", ""command"": ""b2 --j 6 test"", ""directory"": "".../boost/libs/pfr""}"
14512,1767976306,1767976306,1767976307,"{""inverter"": 1, ""source"": ""workstation2_log"", ""device"": ""workstation2"", ""task_type"": ""compilation, CPU load"", ""cpu_cores_active"": ""7"", ""library"": ""boost/vmd"", ""task_files"": 336, ""llm_estimated_task_effort"": ""low"", ""textual_description"": ""The testsuite for boost/vmd is being compiled and run."", ""command"": ""b2 --j 7 test"", ""directory"": "".../boost/libs/vmd""}"
14431,1767976867,1767976867,1767977382,"{""inverter"": 1, ""source"": ""workstation2_log"", ""device"": ""workstation2"", ""task_type"": ""CNN fitting, GPU load"", ""model"": ""wide_resnet50_2"", ""optim"": ""adam"", ""dataset"": ""CIFAR10"", ""batch_size"": 128, ""epochs"": 2, ""model_params"": 68883240, ""llm_estimated_task_effort"": ""high"", ""textual_description"": ""The model wide_resnet50_2 is fitted on CIFAR10 using adam for 2 epochs with bs=128.""}"
14513,1767977509,1767977509,1767977510,"{""inverter"": 1, ""source"": ""workstation2_log"", ""device"": ""workstation2"", ""task_type"": ""compilation, CPU load"", ""cpu_cores_active"": ""2"", ""library"": ""boost/any"", ""task_files"": 47, ""llm_estimated_task_effort"": ""low"", ""textual_description"": ""The testsuite for boost/any is being compiled and run."", ""command"": ""b2 --j 2 test"", ""directory"": "".../boost/libs/any""}"
14432,1767978060,1767978060,1767978423,"{""inverter"": 1, ""source"": ""workstation2_log"", ""device"": ""workstation2"", ""task_type"": ""CNN fitting, GPU load"", ""model"": ""vgg13"", ""optim"": ""adam"", ""dataset"": ""CIFAR10"", ""batch_size"": 128, ""epochs"": 2, ""model_params"": 133047848, ""llm_estimated_task_effort"": ""medium"", ""textual_description"": ""The model vgg13 is fitted on CIFAR10 using adam for 2 epochs with bs=128.""}"
14514,1767978166,1767978166,1767978267,"{""inverter"": 1, ""source"": ""workstation1_log"", ""device"": ""workstation1"", ""task_type"": ""compilation, CPU load"", ""cpu_cores_active"": ""10"", ""library"": ""boost/property_tree"", ""task_files"": 23, ""llm_estimated_task_effort"": ""low"", ""textual_description"": ""The testsuite for boost/property_tree is being compiled and run."", ""command"": ""b2 --j 10 test"", ""directory"": "".../boost/libs/property_tree""}"
14515,1767978300,1767978300,1767978301,"{""inverter"": 1, ""source"": ""workstation2_log"", ""device"": ""workstation2"", ""task_type"": ""compilation, CPU load"", ""cpu_cores_active"": ""10"", ""library"": ""boost/fusion"", ""task_files"": 247, ""llm_estimated_task_effort"": ""low"", ""textual_description"": ""The testsuite for boost/fusion is being compiled and run."", ""command"": ""b2 --j 10 test"", ""directory"": "".../boost/libs/fusion""}"
14516,1767978499,1767978499,1767978660,"{""inverter"": 1, ""source"": ""workstation1_log"", ""device"": ""workstation1"", ""task_type"": ""compilation, CPU load"", ""cpu_cores_active"": ""2"", ""library"": ""boost/leaf"", ""task_files"": 125, ""llm_estimated_task_effort"": ""low"", ""textual_description"": ""The testsuite for boost/leaf is being compiled and run."", ""command"": ""b2 --j 2 test"", ""directory"": "".../boost/libs/leaf""}"
14517,1767978526,1767978526,1767978526,"{""inverter"": 1, ""source"": ""workstation2_log"", ""device"": ""workstation2"", ""task_type"": ""compilation, CPU load"", ""cpu_cores_active"": ""3"", ""library"": ""boost/thread"", ""task_files"": 439, ""llm_estimated_task_effort"": ""high"", ""textual_description"": ""The testsuite for boost/thread is being compiled and run."", ""command"": ""b2 --j 3 test"", ""directory"": "".../boost/libs/thread""}"
14433,1767978749,1767978749,1767979116,"{""inverter"": 1, ""source"": ""workstation2_log"", ""device"": ""workstation2"", ""task_type"": ""CNN fitting, GPU load"", ""model"": ""vgg19"", ""optim"": ""adam"", ""dataset"": ""CIFAR10"", ""batch_size"": 128, ""epochs"": 2, ""model_params"": 143667240, ""llm_estimated_task_effort"": ""medium"", ""textual_description"": ""The model vgg19 is fitted on CIFAR10 using adam for 2 epochs with bs=128.""}"
14518,1767979019,1767979019,1767979116,"{""inverter"": 1, ""source"": ""workstation1_log"", ""device"": ""workstation1"", ""task_type"": ""compilation, CPU load"", ""cpu_cores_active"": ""6"", ""library"": ""boost/ptr_container"", ""task_files"": 32, ""llm_estimated_task_effort"": ""medium"", ""textual_description"": ""The testsuite for boost/ptr_container is being compiled and run."", ""command"": ""b2 --j 6 test"", ""directory"": "".../boost/libs/ptr_container""}"
14519,1767979221,1767979221,1767979221,"{""inverter"": 1, ""source"": ""workstation2_log"", ""device"": ""workstation2"", ""task_type"": ""compilation, CPU load"", ""cpu_cores_active"": ""8"", ""library"": ""boost/tokenizer"", ""task_files"": 9, ""llm_estimated_task_effort"": ""low"", ""textual_description"": ""The testsuite for boost/tokenizer is being compiled and run."", ""command"": ""b2 --j 8 test"", ""directory"": "".../boost/libs/tokenizer""}"
14520,1767979715,1767979715,1767979715,"{""inverter"": 1, ""source"": ""workstation2_log"", ""device"": ""workstation2"", ""task_type"": ""compilation, CPU load"", ""cpu_cores_active"": ""10"", ""library"": ""boost/outcome"", ""task_files"": 55, ""llm_estimated_task_effort"": ""low"", ""textual_description"": ""The testsuite for boost/outcome is being compiled and run."", ""command"": ""b2 --j 10 test"", ""directory"": "".../boost/libs/outcome""}"
14434,1767979851,1767979851,1767980240,"{""inverter"": 1, ""source"": ""workstation2_log"", ""device"": ""workstation2"", ""task_type"": ""CNN fitting, GPU load"", ""model"": ""resnet18"", ""optim"": ""adam"", ""dataset"": ""CIFAR10"", ""batch_size"": 128, ""epochs"": 2, ""model_params"": 11689512, ""llm_estimated_task_effort"": ""low"", ""textual_description"": ""The model resnet18 is fitted on CIFAR10 using adam for 2 epochs with bs=128.""}"
14435,1767980325,1767980325,1767981547,"{""inverter"": 1, ""source"": ""workstation2_log"", ""device"": ""workstation2"", ""task_type"": ""CNN fitting, GPU load"", ""model"": ""swin_v2_s"", ""optim"": ""sgd"", ""dataset"": ""CIFAR10"", ""batch_size"": 128, ""epochs"": 2, ""model_params"": 49737442, ""llm_estimated_task_effort"": ""high"", ""textual_description"": ""The model swin_v2_s is fitted on CIFAR10 using sgd for 2 epochs with bs=128.""}"
14436,1767981660,1767981660,1767982897,"{""inverter"": 1, ""source"": ""workstation2_log"", ""device"": ""workstation2"", ""task_type"": ""CNN fitting, GPU load"", ""model"": ""swin_v2_s"", ""optim"": ""sgd"", ""dataset"": ""CIFAR10"", ""batch_size"": 128, ""epochs"": 2, ""model_params"": 49737442, ""llm_estimated_task_effort"": ""high"", ""textual_description"": ""The model swin_v2_s is fitted on CIFAR10 using sgd for 2 epochs with bs=128.""}"
14521,1767981979,1767981979,1767981980,"{""inverter"": 1, ""source"": ""workstation2_log"", ""device"": ""workstation2"", ""task_type"": ""compilation, CPU load"", ""cpu_cores_active"": ""10"", ""library"": ""boost/iostreams"", ""task_files"": 407, ""llm_estimated_task_effort"": ""high"", ""textual_description"": ""The testsuite for boost/iostreams is being compiled and run."", ""command"": ""b2 --j 10 test"", ""directory"": "".../boost/libs/iostreams""}"
14522,1767981987,1767981987,1767982073,"{""inverter"": 1, ""source"": ""workstation1_log"", ""device"": ""workstation1"", ""task_type"": ""compilation, CPU load"", ""cpu_cores_active"": ""5"", ""library"": ""boost/tuple"", ""task_files"": 13, ""llm_estimated_task_effort"": ""low"", ""textual_description"": ""The testsuite for boost/tuple is being compiled and run."", ""command"": ""b2 --j 5 test"", ""directory"": "".../boost/libs/tuple""}"
14523,1767982097,1767982097,1767982178,"{""inverter"": 1, ""source"": ""workstation1_log"", ""device"": ""workstation1"", ""task_type"": ""compilation, CPU load"", ""cpu_cores_active"": ""8"", ""library"": ""boost/format"", ""task_files"": 9, ""llm_estimated_task_effort"": ""low"", ""textual_description"": ""The testsuite for boost/format is being compiled and run."", ""command"": ""b2 --j 8 test"", ""directory"": "".../boost/libs/format""}"
14524,1767982207,1767982207,1767982208,"{""inverter"": 1, ""source"": ""workstation2_log"", ""device"": ""workstation2"", ""task_type"": ""compilation, CPU load"", ""cpu_cores_active"": ""5"", ""library"": ""boost/stacktrace"", ""task_files"": 18, ""llm_estimated_task_effort"": ""medium"", ""textual_description"": ""The testsuite for boost/stacktrace is being compiled and run."", ""command"": ""b2 --j 5 test"", ""directory"": "".../boost/libs/stacktrace""}"
14525,1767982276,1767982276,1767982369,"{""inverter"": 1, ""source"": ""workstation1_log"", ""device"": ""workstation1"", ""task_type"": ""compilation, CPU load"", ""cpu_cores_active"": ""5"", ""library"": ""boost/bind"", ""task_files"": 81, ""llm_estimated_task_effort"": ""low"", ""textual_description"": ""The testsuite for boost/bind is being compiled and run."", ""command"": ""b2 --j 5 test"", ""directory"": "".../boost/libs/bind""}"
14526,1767982691,1767982691,1767983001,"{""inverter"": 1, ""source"": ""workstation1_log"", ""device"": ""workstation1"", ""task_type"": ""compilation, CPU load"", ""cpu_cores_active"": ""3"", ""library"": ""boost/log"", ""task_files"": 72, ""llm_estimated_task_effort"": ""high"", ""textual_description"": ""The testsuite for boost/log is being compiled and run."", ""command"": ""b2 --j 3 test"", ""directory"": "".../boost/libs/log""}"
14527,1767982824,1767982824,1767982825,"{""inverter"": 1, ""source"": ""workstation2_log"", ""device"": ""workstation2"", ""task_type"": ""compilation, CPU load"", ""cpu_cores_active"": ""5"", ""library"": ""boost/regex"", ""task_files"": 106, ""llm_estimated_task_effort"": ""high"", ""textual_description"": ""The testsuite for boost/regex is being compiled and run."", ""command"": ""b2 --j 5 test"", ""directory"": "".../boost/libs/regex""}"
14437,1767982989,1767982989,1767983872,"{""inverter"": 1, ""source"": ""workstation2_log"", ""device"": ""workstation2"", ""task_type"": ""CNN fitting, GPU load"", ""model"": ""densenet121"", ""optim"": ""adam"", ""dataset"": ""CIFAR10"", ""batch_size"": 128, ""epochs"": 2, ""model_params"": 7978856, ""llm_estimated_task_effort"": ""medium"", ""textual_description"": ""The model densenet121 is fitted on CIFAR10 using adam for 2 epochs with bs=128.""}"
14528,1767983362,1767983362,1767983473,"{""inverter"": 1, ""source"": ""workstation1_log"", ""device"": ""workstation1"", ""task_type"": ""compilation, CPU load"", ""cpu_cores_active"": ""8"", ""library"": ""boost/histogram"", ""task_files"": 131, ""llm_estimated_task_effort"": ""medium"", ""textual_description"": ""The testsuite for boost/histogram is being compiled and run."", ""command"": ""b2 --j 8 test"", ""directory"": "".../boost/libs/histogram""}"
14529,1767983883,1767983883,1767983884,"{""inverter"": 1, ""source"": ""workstation2_log"", ""device"": ""workstation2"", ""task_type"": ""compilation, CPU load"", ""cpu_cores_active"": ""1"", ""library"": ""boost/utility"", ""task_files"": 30, ""llm_estimated_task_effort"": ""low"", ""textual_description"": ""The testsuite for boost/utility is being compiled and run."", ""command"": ""b2 --j 1 test"", ""directory"": "".../boost/libs/utility""}"
14530,1767983960,1767983960,1767984068,"{""inverter"": 1, ""source"": ""workstation1_log"", ""device"": ""workstation1"", ""task_type"": ""compilation, CPU load"", ""cpu_cores_active"": ""10"", ""library"": ""boost/msm"", ""task_files"": 57, ""llm_estimated_task_effort"": ""high"", ""textual_description"": ""The testsuite for boost/msm is being compiled and run."", ""command"": ""b2 --j 10 test"", ""directory"": "".../boost/libs/msm""}"
14438,1767984358,1767984358,1767984753,"{""inverter"": 1, ""source"": ""workstation2_log"", ""device"": ""workstation2"", ""task_type"": ""CNN fitting, GPU load"", ""model"": ""resnet18"", ""optim"": ""adam"", ""dataset"": ""CIFAR10"", ""batch_size"": 128, ""epochs"": 2, ""model_params"": 11689512, ""llm_estimated_task_effort"": ""low"", ""textual_description"": ""The model resnet18 is fitted on CIFAR10 using adam for 2 epochs with bs=128.""}"
14531,1767984579,1767984579,1767984580,"{""inverter"": 1, ""source"": ""workstation2_log"", ""device"": ""workstation2"", ""task_type"": ""compilation, CPU load"", ""cpu_cores_active"": ""8"", ""library"": ""boost/predef"", ""task_files"": 19, ""llm_estimated_task_effort"": ""low"", ""textual_description"": ""The testsuite for boost/predef is being compiled and run."", ""command"": ""b2 --j 8 test"", ""directory"": "".../boost/libs/predef""}"
14532,1767984656,1767984656,1767984656,"{""inverter"": 1, ""source"": ""workstation2_log"", ""device"": ""workstation2"", ""task_type"": ""compilation, CPU load"", ""cpu_cores_active"": ""9"", ""library"": ""boost/parameter"", ""task_files"": 68, ""llm_estimated_task_effort"": ""low"", ""textual_description"": ""The testsuite for boost/parameter is being compiled and run."", ""command"": ""b2 --j 9 test"", ""directory"": "".../boost/libs/parameter""}"
14533,1767984811,1767984811,1767984812,"{""inverter"": 1, ""source"": ""workstation2_log"", ""device"": ""workstation2"", ""task_type"": ""compilation, CPU load"", ""cpu_cores_active"": ""1"", ""library"": ""boost/accumulators"", ""task_files"": 52, ""llm_estimated_task_effort"": ""medium"", ""textual_description"": ""The testsuite for boost/accumulators is being compiled and run."", ""command"": ""b2 --j 1 test"", ""directory"": "".../boost/libs/accumulators""}"
14439,1767985079,1767985079,1767985423,"{""inverter"": 1, ""source"": ""workstation2_log"", ""device"": ""workstation2"", ""task_type"": ""CNN fitting, GPU load"", ""model"": ""vgg13"", ""optim"": ""adam"", ""dataset"": ""CIFAR10"", ""batch_size"": 128, ""epochs"": 2, ""model_params"": 133047848, ""llm_estimated_task_effort"": ""medium"", ""textual_description"": ""The model vgg13 is fitted on CIFAR10 using adam for 2 epochs with bs=128.""}"
14534,1767985088,1767985088,1767985089,"{""inverter"": 1, ""source"": ""workstation2_log"", ""device"": ""workstation2"", ""task_type"": ""compilation, CPU load"", ""cpu_cores_active"": ""1"", ""library"": ""boost/numeric"", ""task_files"": 0, ""llm_estimated_task_effort"": ""low"", ""textual_description"": ""The testsuite for boost/numeric is being compiled and run."", ""command"": ""b2 --j 1 test"", ""directory"": "".../boost/libs/numeric""}"
14535,1767985092,1767985092,1767985188,"{""inverter"": 1, ""source"": ""workstation1_log"", ""device"": ""workstation1"", ""task_type"": ""compilation, CPU load"", ""cpu_cores_active"": ""9"", ""library"": ""boost/variant"", ""task_files"": 37, ""llm_estimated_task_effort"": ""low"", ""textual_description"": ""The testsuite for boost/variant is being compiled and run."", ""command"": ""b2 --j 9 test"", ""directory"": "".../boost/libs/variant""}"
14536,1767985148,1767985148,1767985149,"{""inverter"": 1, ""source"": ""workstation2_log"", ""device"": ""workstation2"", ""task_type"": ""compilation, CPU load"", ""cpu_cores_active"": ""1"", ""library"": ""boost/multi_array"", ""task_files"": 46, ""llm_estimated_task_effort"": ""low"", ""textual_description"": ""The testsuite for boost/multi_array is being compiled and run."", ""command"": ""b2 --j 1 test"", ""directory"": "".../boost/libs/multi_array""}"
14537,1767985281,1767985281,1767985499,"{""inverter"": 1, ""source"": ""workstation1_log"", ""device"": ""workstation1"", ""task_type"": ""compilation, CPU load"", ""cpu_cores_active"": ""1"", ""library"": ""boost/type_erasure"", ""task_files"": 61, ""llm_estimated_task_effort"": ""low"", ""textual_description"": ""The testsuite for boost/type_erasure is being compiled and run."", ""command"": ""b2 --j 1 test"", ""directory"": "".../boost/libs/type_erasure""}"
14538,1767985607,1767985607,1767985683,"{""inverter"": 1, ""source"": ""workstation1_log"", ""device"": ""workstation1"", ""task_type"": ""compilation, CPU load"", ""cpu_cores_active"": ""1"", ""library"": ""boost/python"", ""task_files"": 188, ""llm_estimated_task_effort"": ""high"", ""textual_description"": ""The testsuite for boost/python is being compiled and run."", ""command"": ""b2 --j 1 test"", ""directory"": "".../boost/libs/python""}"
14440,1767985840,1767985840,1767986184,"{""inverter"": 1, ""source"": ""workstation2_log"", ""device"": ""workstation2"", ""task_type"": ""CNN fitting, GPU load"", ""model"": ""vgg19"", ""optim"": ""sgd"", ""dataset"": ""CIFAR10"", ""batch_size"": 128, ""epochs"": 2, ""model_params"": 143667240, ""llm_estimated_task_effort"": ""medium"", ""textual_description"": ""The model vgg19 is fitted on CIFAR10 using sgd for 2 epochs with bs=128.""}"
14539,1767986249,1767986249,1767986325,"{""inverter"": 1, ""source"": ""workstation1_log"", ""device"": ""workstation1"", ""task_type"": ""compilation, CPU load"", ""cpu_cores_active"": ""10"", ""library"": ""boost/redis"", ""task_files"": 45, ""llm_estimated_task_effort"": ""medium"", ""textual_description"": ""The testsuite for boost/redis is being compiled and run."", ""command"": ""b2 --j 10 test"", ""directory"": "".../boost/libs/redis""}"
14540,1767986451,1767986451,1767986452,"{""inverter"": 1, ""source"": ""workstation2_log"", ""device"": ""workstation2"", ""task_type"": ""compilation, CPU load"", ""cpu_cores_active"": ""5"", ""library"": ""boost/beast"", ""task_files"": 471, ""llm_estimated_task_effort"": ""high"", ""textual_description"": ""The testsuite for boost/beast is being compiled and run."", ""command"": ""b2 --j 5 test"", ""directory"": "".../boost/libs/beast""}"
14541,1767986515,1767986515,1767986516,"{""inverter"": 1, ""source"": ""workstation2_log"", ""device"": ""workstation2"", ""task_type"": ""compilation, CPU load"", ""cpu_cores_active"": ""3"", ""library"": ""boost/lexical_cast"", ""task_files"": 31, ""llm_estimated_task_effort"": ""low"", ""textual_description"": ""The testsuite for boost/lexical_cast is being compiled and run."", ""command"": ""b2 --j 3 test"", ""directory"": "".../boost/libs/lexical_cast""}"
14542,1767986624,1767986624,1767986626,"{""inverter"": 1, ""source"": ""workstation2_log"", ""device"": ""workstation2"", ""task_type"": ""compilation, CPU load"", ""cpu_cores_active"": ""3"", ""library"": ""boost/crc"", ""task_files"": 10, ""llm_estimated_task_effort"": ""low"", ""textual_description"": ""The testsuite for boost/crc is being compiled and run."", ""command"": ""b2 --j 3 test"", ""directory"": "".../boost/libs/crc""}"
14543,1767986948,1767986948,1767986949,"{""inverter"": 1, ""source"": ""workstation2_log"", ""device"": ""workstation2"", ""task_type"": ""compilation, CPU load"", ""cpu_cores_active"": ""10"", ""library"": ""boost/uuid"", ""task_files"": 68, ""llm_estimated_task_effort"": ""low"", ""textual_description"": ""The testsuite for boost/uuid is being compiled and run."", ""command"": ""b2 --j 10 test"", ""directory"": "".../boost/libs/uuid""}"
14544,1767987061,1767987061,1767987061,"{""inverter"": 1, ""source"": ""workstation2_log"", ""device"": ""workstation2"", ""task_type"": ""compilation, CPU load"", ""cpu_cores_active"": ""9"", ""library"": ""boost/compat"", ""task_files"": 65, ""llm_estimated_task_effort"": ""low"", ""textual_description"": ""The testsuite for boost/compat is being compiled and run."", ""command"": ""b2 --j 9 test"", ""directory"": "".../boost/libs/compat""}"
14545,1767987294,1767987294,1767987295,"{""inverter"": 1, ""source"": ""workstation2_log"", ""device"": ""workstation2"", ""task_type"": ""compilation, CPU load"", ""cpu_cores_active"": ""8"", ""library"": ""boost/lambda"", ""task_files"": 27, ""llm_estimated_task_effort"": ""low"", ""textual_description"": ""The testsuite for boost/lambda is being compiled and run."", ""command"": ""b2 --j 8 test"", ""directory"": "".../boost/libs/lambda""}"
14441,1767987448,1767987448,1767988338,"{""inverter"": 1, ""source"": ""workstation2_log"", ""device"": ""workstation2"", ""task_type"": ""CNN fitting, GPU load"", ""model"": ""densenet121"", ""optim"": ""adam"", ""dataset"": ""CIFAR10"", ""batch_size"": 128, ""epochs"": 2, ""model_params"": 7978856, ""llm_estimated_task_effort"": ""medium"", ""textual_description"": ""The model densenet121 is fitted on CIFAR10 using adam for 2 epochs with bs=128.""}"
14546,1767987488,1767987488,1767987663,"{""inverter"": 1, ""source"": ""workstation1_log"", ""device"": ""workstation1"", ""task_type"": ""compilation, CPU load"", ""cpu_cores_active"": ""1"", ""library"": ""boost/parameter"", ""task_files"": 68, ""llm_estimated_task_effort"": ""low"", ""textual_description"": ""The testsuite for boost/parameter is being compiled and run."", ""command"": ""b2 --j 1 test"", ""directory"": "".../boost/libs/parameter""}"
14547,1767987656,1767987656,1767987656,"{""inverter"": 1, ""source"": ""workstation2_log"", ""device"": ""workstation2"", ""task_type"": ""compilation, CPU load"", ""cpu_cores_active"": ""1"", ""library"": ""boost/polygon"", ""task_files"": 17, ""llm_estimated_task_effort"": ""high"", ""textual_description"": ""The testsuite for boost/polygon is being compiled and run."", ""command"": ""b2 --j 1 test"", ""directory"": "".../boost/libs/polygon""}"
14548,1767987833,1767987833,1767987834,"{""inverter"": 1, ""source"": ""workstation2_log"", ""device"": ""workstation2"", ""task_type"": ""compilation, CPU load"", ""cpu_cores_active"": ""8"", ""library"": ""boost/multi_array"", ""task_files"": 46, ""llm_estimated_task_effort"": ""low"", ""textual_description"": ""The testsuite for boost/multi_array is being compiled and run."", ""command"": ""b2 --j 8 test"", ""directory"": "".../boost/libs/multi_array""}"
14549,1767987911,1767987911,1767987991,"{""inverter"": 1, ""source"": ""workstation1_log"", ""device"": ""workstation1"", ""task_type"": ""compilation, CPU load"", ""cpu_cores_active"": ""1"", ""library"": ""boost/tokenizer"", ""task_files"": 9, ""llm_estimated_task_effort"": ""low"", ""textual_description"": ""The testsuite for boost/tokenizer is being compiled and run."", ""command"": ""b2 --j 1 test"", ""directory"": "".../boost/libs/tokenizer""}"
14550,1767989295,1767989295,1767989405,"{""inverter"": 1, ""source"": ""workstation1_log"", ""device"": ""workstation1"", ""task_type"": ""compilation, CPU load"", ""cpu_cores_active"": ""6"", ""library"": ""boost/xpressive"", ""task_files"": 70, ""llm_estimated_task_effort"": ""high"", ""textual_description"": ""The testsuite for boost/xpressive is being compiled and run."", ""command"": ""b2 --j 6 test"", ""directory"": "".../boost/libs/xpressive""}"
14551,1767989336,1767989336,1767989337,"{""inverter"": 1, ""source"": ""workstation2_log"", ""device"": ""workstation2"", ""task_type"": ""compilation, CPU load"", ""cpu_cores_active"": ""10"", ""library"": ""boost/logic"", ""task_files"": 13, ""llm_estimated_task_effort"": ""low"", ""textual_description"": ""The testsuite for boost/logic is being compiled and run."", ""command"": ""b2 --j 10 test"", ""directory"": "".../boost/libs/logic""}"
14552,1767989718,1767989718,1767989718,"{""inverter"": 1, ""source"": ""workstation2_log"", ""device"": ""workstation2"", ""task_type"": ""compilation, CPU load"", ""cpu_cores_active"": ""8"", ""library"": ""boost/parameter"", ""task_files"": 68, ""llm_estimated_task_effort"": ""low"", ""textual_description"": ""The testsuite for boost/parameter is being compiled and run."", ""command"": ""b2 --j 8 test"", ""directory"": "".../boost/libs/parameter""}"
14553,1767989860,1767989860,1767989861,"{""inverter"": 1, ""source"": ""workstation2_log"", ""device"": ""workstation2"", ""task_type"": ""compilation, CPU load"", ""cpu_cores_active"": ""7"", ""library"": ""boost/multi_array"", ""task_files"": 46, ""llm_estimated_task_effort"": ""low"", ""textual_description"": ""The testsuite for boost/multi_array is being compiled and run."", ""command"": ""b2 --j 7 test"", ""directory"": "".../boost/libs/multi_array""}"
14442,1767989884,1767989884,1767990248,"{""inverter"": 1, ""source"": ""workstation2_log"", ""device"": ""workstation2"", ""task_type"": ""CNN fitting, GPU load"", ""model"": ""resnet18"", ""optim"": ""sgd"", ""dataset"": ""CIFAR10"", ""batch_size"": 128, ""epochs"": 2, ""model_params"": 11689512, ""llm_estimated_task_effort"": ""low"", ""textual_description"": ""The model resnet18 is fitted on CIFAR10 using sgd for 2 epochs with bs=128.""}"
14554,1767990126,1767990126,1767990230,"{""inverter"": 1, ""source"": ""workstation1_log"", ""device"": ""workstation1"", ""task_type"": ""compilation, CPU load"", ""cpu_cores_active"": ""9"", ""library"": ""boost/histogram"", ""task_files"": 131, ""llm_estimated_task_effort"": ""medium"", ""textual_description"": ""The testsuite for boost/histogram is being compiled and run."", ""command"": ""b2 --j 9 test"", ""directory"": "".../boost/libs/histogram""}"
14555,1767990257,1767990257,1767990344,"{""inverter"": 1, ""source"": ""workstation1_log"", ""device"": ""workstation1"", ""task_type"": ""compilation, CPU load"", ""cpu_cores_active"": ""9"", ""library"": ""boost/rational"", ""task_files"": 19, ""llm_estimated_task_effort"": ""low"", ""textual_description"": ""The testsuite for boost/rational is being compiled and run."", ""command"": ""b2 --j 9 test"", ""directory"": "".../boost/libs/rational""}"
14556,1767990760,1767990760,1767990761,"{""inverter"": 1, ""source"": ""workstation2_log"", ""device"": ""workstation2"", ""task_type"": ""compilation, CPU load"", ""cpu_cores_active"": ""8"", ""library"": ""boost/graph_parallel"", ""task_files"": 30, ""llm_estimated_task_effort"": ""high"", ""textual_description"": ""The testsuite for boost/graph_parallel is being compiled and run."", ""command"": ""b2 --j 8 test"", ""directory"": "".../boost/libs/graph_parallel""}"
14557,1767990801,1767990801,1767990802,"{""inverter"": 1, ""source"": ""workstation2_log"", ""device"": ""workstation2"", ""task_type"": ""compilation, CPU load"", ""cpu_cores_active"": ""9"", ""library"": ""boost/function_types"", ""task_files"": 47, ""llm_estimated_task_effort"": ""low"", ""textual_description"": ""The testsuite for boost/function_types is being compiled and run."", ""command"": ""b2 --j 9 test"", ""directory"": "".../boost/libs/function_types""}"
14443,1767990802,1767990802,1767991605,"{""inverter"": 1, ""source"": ""workstation2_log"", ""device"": ""workstation2"", ""task_type"": ""CNN fitting, GPU load"", ""model"": ""densenet121"", ""optim"": ""sgd"", ""dataset"": ""CIFAR10"", ""batch_size"": 128, ""epochs"": 2, ""model_params"": 7978856, ""llm_estimated_task_effort"": ""medium"", ""textual_description"": ""The model densenet121 is fitted on CIFAR10 using sgd for 2 epochs with bs=128.""}"
14558,1767990808,1767990808,1767990808,"{""inverter"": 1, ""source"": ""workstation2_log"", ""device"": ""workstation2"", ""task_type"": ""compilation, CPU load"", ""cpu_cores_active"": ""4"", ""library"": ""boost/throw_exception"", ""task_files"": 36, ""llm_estimated_task_effort"": ""low"", ""textual_description"": ""The testsuite for boost/throw_exception is being compiled and run."", ""command"": ""b2 --j 4 test"", ""directory"": "".../boost/libs/throw_exception""}"
14559,1767990817,1767990817,1767990818,"{""inverter"": 1, ""source"": ""workstation2_log"", ""device"": ""workstation2"", ""task_type"": ""compilation, CPU load"", ""cpu_cores_active"": ""1"", ""library"": ""boost/charconv"", ""task_files"": 44, ""llm_estimated_task_effort"": ""low"", ""textual_description"": ""The testsuite for boost/charconv is being compiled and run."", ""command"": ""b2 --j 1 test"", ""directory"": "".../boost/libs/charconv""}"
14560,1767991099,1767991099,1767991112,"{""inverter"": 1, ""source"": ""workstation2_log"", ""device"": ""workstation2"", ""task_type"": ""compilation, CPU load"", ""cpu_cores_active"": ""6"", ""library"": ""boost/compat"", ""task_files"": 65, ""llm_estimated_task_effort"": ""low"", ""textual_description"": ""The testsuite for boost/compat is being compiled and run."", ""command"": ""b2 --j 6 test"", ""directory"": "".../boost/libs/compat""}"
14561,1767991196,1767991196,1767991196,"{""inverter"": 1, ""source"": ""workstation2_log"", ""device"": ""workstation2"", ""task_type"": ""compilation, CPU load"", ""cpu_cores_active"": ""2"", ""library"": ""boost/function"", ""task_files"": 43, ""llm_estimated_task_effort"": ""low"", ""textual_description"": ""The testsuite for boost/function is being compiled and run."", ""command"": ""b2 --j 2 test"", ""directory"": "".../boost/libs/function""}"
14444,1767991758,1767991758,1767992554,"{""inverter"": 1, ""source"": ""workstation2_log"", ""device"": ""workstation2"", ""task_type"": ""CNN fitting, GPU load"", ""model"": ""densenet121"", ""optim"": ""sgd"", ""dataset"": ""CIFAR10"", ""batch_size"": 128, ""epochs"": 2, ""model_params"": 7978856, ""llm_estimated_task_effort"": ""medium"", ""textual_description"": ""The model densenet121 is fitted on CIFAR10 using sgd for 2 epochs with bs=128.""}"
14562,1767992118,1767992118,1767992215,"{""inverter"": 1, ""source"": ""workstation1_log"", ""device"": ""workstation1"", ""task_type"": ""compilation, CPU load"", ""cpu_cores_active"": ""10"", ""library"": ""boost/multi_index"", ""task_files"": 92, ""llm_estimated_task_effort"": ""low"", ""textual_description"": ""The testsuite for boost/multi_index is being compiled and run."", ""command"": ""b2 --j 10 test"", ""directory"": "".../boost/libs/multi_index""}"
14563,1767992235,1767992235,1767992319,"{""inverter"": 1, ""source"": ""workstation1_log"", ""device"": ""workstation1"", ""task_type"": ""compilation, CPU load"", ""cpu_cores_active"": ""6"", ""library"": ""boost/graph"", ""task_files"": 1290, ""llm_estimated_task_effort"": ""high"", ""textual_description"": ""The testsuite for boost/graph is being compiled and run."", ""command"": ""b2 --j 6 test"", ""directory"": "".../boost/libs/graph""}"
14564,1767992291,1767992291,1767992291,"{""inverter"": 1, ""source"": ""workstation2_log"", ""device"": ""workstation2"", ""task_type"": ""compilation, CPU load"", ""cpu_cores_active"": ""4"", ""library"": ""boost/charconv"", ""task_files"": 44, ""llm_estimated_task_effort"": ""low"", ""textual_description"": ""The testsuite for boost/charconv is being compiled and run."", ""command"": ""b2 --j 4 test"", ""directory"": "".../boost/libs/charconv""}"
14565,1767992696,1767992696,1767992798,"{""inverter"": 1, ""source"": ""workstation1_log"", ""device"": ""workstation1"", ""task_type"": ""compilation, CPU load"", ""cpu_cores_active"": ""7"", ""library"": ""boost/process"", ""task_files"": 76, ""llm_estimated_task_effort"": ""medium"", ""textual_description"": ""The testsuite for boost/process is being compiled and run."", ""command"": ""b2 --j 7 test"", ""directory"": "".../boost/libs/process""}"
14566,1767992884,1767992884,1767992884,"{""inverter"": 1, ""source"": ""workstation2_log"", ""device"": ""workstation2"", ""task_type"": ""compilation, CPU load"", ""cpu_cores_active"": ""3"", ""library"": ""boost/ptr_container"", ""task_files"": 32, ""llm_estimated_task_effort"": ""medium"", ""textual_description"": ""The testsuite for boost/ptr_container is being compiled and run."", ""command"": ""b2 --j 3 test"", ""directory"": "".../boost/libs/ptr_container""}"
14567,1767992943,1767992943,1767992944,"{""inverter"": 1, ""source"": ""workstation2_log"", ""device"": ""workstation2"", ""task_type"": ""compilation, CPU load"", ""cpu_cores_active"": ""1"", ""library"": ""boost/proto"", ""task_files"": 24, ""llm_estimated_task_effort"": ""low"", ""textual_description"": ""The testsuite for boost/proto is being compiled and run."", ""command"": ""b2 --j 1 test"", ""directory"": "".../boost/libs/proto""}"
14568,1767992943,1767992943,1767993060,"{""inverter"": 1, ""source"": ""workstation1_log"", ""device"": ""workstation1"", ""task_type"": ""compilation, CPU load"", ""cpu_cores_active"": ""3"", ""library"": ""boost/ptr_container"", ""task_files"": 32, ""llm_estimated_task_effort"": ""medium"", ""textual_description"": ""The testsuite for boost/ptr_container is being compiled and run."", ""command"": ""b2 --j 3 test"", ""directory"": "".../boost/libs/ptr_container""}"
14569,1767993693,1767993693,1767993790,"{""inverter"": 1, ""source"": ""workstation1_log"", ""device"": ""workstation1"", ""task_type"": ""compilation, CPU load"", ""cpu_cores_active"": ""9"", ""library"": ""boost/qvm"", ""task_files"": 141, ""llm_estimated_task_effort"": ""low"", ""textual_description"": ""The testsuite for boost/qvm is being compiled and run."", ""command"": ""b2 --j 9 test"", ""directory"": "".../boost/libs/qvm""}"
14570,1767994511,1767994511,1767994512,"{""inverter"": 1, ""source"": ""workstation2_log"", ""device"": ""workstation2"", ""task_type"": ""compilation, CPU load"", ""cpu_cores_active"": ""6"", ""library"": ""boost/json"", ""task_files"": 417, ""llm_estimated_task_effort"": ""high"", ""textual_description"": ""The testsuite for boost/json is being compiled and run."", ""command"": ""b2 --j 6 test"", ""directory"": "".../boost/libs/json""}"
14571,1767994675,1767994675,1767994676,"{""inverter"": 1, ""source"": ""workstation2_log"", ""device"": ""workstation2"", ""task_type"": ""compilation, CPU load"", ""cpu_cores_active"": ""4"", ""library"": ""boost/poly_collection"", ""task_files"": 46, ""llm_estimated_task_effort"": ""low"", ""textual_description"": ""The testsuite for boost/poly_collection is being compiled and run."", ""command"": ""b2 --j 4 test"", ""directory"": "".../boost/libs/poly_collection""}"
14572,1767994692,1767994692,1767994692,"{""inverter"": 1, ""source"": ""workstation2_log"", ""device"": ""workstation2"", ""task_type"": ""compilation, CPU load"", ""cpu_cores_active"": ""7"", ""library"": ""boost/pool"", ""task_files"": 22, ""llm_estimated_task_effort"": ""low"", ""textual_description"": ""The testsuite for boost/pool is being compiled and run."", ""command"": ""b2 --j 7 test"", ""directory"": "".../boost/libs/pool""}"
14445,1767994787,1767994787,1767995214,"{""inverter"": 1, ""source"": ""workstation2_log"", ""device"": ""workstation2"", ""task_type"": ""CNN fitting, GPU load"", ""model"": ""wide_resnet50_2"", ""optim"": ""sgd"", ""dataset"": ""CIFAR10"", ""batch_size"": 128, ""epochs"": 2, ""model_params"": 68883240, ""llm_estimated_task_effort"": ""high"", ""textual_description"": ""The model wide_resnet50_2 is fitted on CIFAR10 using sgd for 2 epochs with bs=128.""}"
14573,1767994982,1767994982,1767995252,"{""inverter"": 1, ""source"": ""workstation1_log"", ""device"": ""workstation1"", ""task_type"": ""compilation, CPU load"", ""cpu_cores_active"": ""6"", ""library"": ""boost/unordered"", ""task_files"": 192, ""llm_estimated_task_effort"": ""low"", ""textual_description"": ""The testsuite for boost/unordered is being compiled and run."", ""command"": ""b2 --j 6 test"", ""directory"": "".../boost/libs/unordered""}"
14574,1767995113,1767995113,1767995115,"{""inverter"": 1, ""source"": ""workstation2_log"", ""device"": ""workstation2"", ""task_type"": ""compilation, CPU load"", ""cpu_cores_active"": ""6"", ""library"": ""boost/chrono"", ""task_files"": 67, ""llm_estimated_task_effort"": ""low"", ""textual_description"": ""The testsuite for boost/chrono is being compiled and run."", ""command"": ""b2 --j 6 test"", ""directory"": "".../boost/libs/chrono""}"
14575,1767995447,1767995447,1767995546,"{""inverter"": 1, ""source"": ""workstation1_log"", ""device"": ""workstation1"", ""task_type"": ""compilation, CPU load"", ""cpu_cores_active"": ""4"", ""library"": ""boost/polygon"", ""task_files"": 17, ""llm_estimated_task_effort"": ""high"", ""textual_description"": ""The testsuite for boost/polygon is being compiled and run."", ""command"": ""b2 --j 4 test"", ""directory"": "".../boost/libs/polygon""}"
14446,1767995465,1767995465,1767995822,"{""inverter"": 1, ""source"": ""workstation2_log"", ""device"": ""workstation2"", ""task_type"": ""CNN fitting, GPU load"", ""model"": ""vgg13"", ""optim"": ""adam"", ""dataset"": ""CIFAR10"", ""batch_size"": 128, ""epochs"": 2, ""model_params"": 133047848, ""llm_estimated_task_effort"": ""medium"", ""textual_description"": ""The model vgg13 is fitted on CIFAR10 using adam for 2 epochs with bs=128.""}"
14447,1767995933,1767995933,1767996278,"{""inverter"": 1, ""source"": ""workstation2_log"", ""device"": ""workstation2"", ""task_type"": ""CNN fitting, GPU load"", ""model"": ""vgg11"", ""optim"": ""sgd"", ""dataset"": ""CIFAR10"", ""batch_size"": 128, ""epochs"": 2, ""model_params"": 132863336, ""llm_estimated_task_effort"": ""low"", ""textual_description"": ""The model vgg11 is fitted on CIFAR10 using sgd for 2 epochs with bs=128.""}"
14448,1767996296,1767996296,1767996306,"{""inverter"": 1, ""source"": ""workstation2_log"", ""device"": ""workstation2"", ""task_type"": ""CNN fitting, GPU load"", ""model"": ""vgg19"", ""optim"": ""adam"", ""dataset"": ""CIFAR10"", ""batch_size"": 128, ""epochs"": 2, ""model_params"": 143667240, ""llm_estimated_task_effort"": ""medium"", ""textual_description"": ""The model vgg19 is fitted on CIFAR10 using adam for 2 epochs with bs=128.""}"
14576,1767996319,1767996319,1767996425,"{""inverter"": 1, ""source"": ""workstation1_log"", ""device"": ""workstation1"", ""task_type"": ""compilation, CPU load"", ""cpu_cores_active"": ""5"", ""library"": ""boost/chrono"", ""task_files"": 67, ""llm_estimated_task_effort"": ""low"", ""textual_description"": ""The testsuite for boost/chrono is being compiled and run."", ""command"": ""b2 --j 5 test"", ""directory"": "".../boost/libs/chrono""}"
14449,1767996485,1767996485,1767997801,"{""inverter"": 1, ""source"": ""workstation2_log"", ""device"": ""workstation2"", ""task_type"": ""CNN fitting, GPU load"", ""model"": ""swin_v2_s"", ""optim"": ""adam"", ""dataset"": ""CIFAR10"", ""batch_size"": 128, ""epochs"": 2, ""model_params"": 49737442, ""llm_estimated_task_effort"": ""high"", ""textual_description"": ""The model swin_v2_s is fitted on CIFAR10 using adam for 2 epochs with bs=128.""}"
14577,1767996518,1767996518,1767996597,"{""inverter"": 1, ""source"": ""workstation1_log"", ""device"": ""workstation1"", ""task_type"": ""compilation, CPU load"", ""cpu_cores_active"": ""1"", ""library"": ""boost/numeric"", ""task_files"": 0, ""llm_estimated_task_effort"": ""low"", ""textual_description"": ""The testsuite for boost/numeric is being compiled and run."", ""command"": ""b2 --j 1 test"", ""directory"": "".../boost/libs/numeric""}"
14578,1767996636,1767996636,1767996637,"{""inverter"": 1, ""source"": ""workstation2_log"", ""device"": ""workstation2"", ""task_type"": ""compilation, CPU load"", ""cpu_cores_active"": ""3"", ""library"": ""boost/circular_buffer"", ""task_files"": 8, ""llm_estimated_task_effort"": ""low"", ""textual_description"": ""The testsuite for boost/circular_buffer is being compiled and run."", ""command"": ""b2 --j 3 test"", ""directory"": "".../boost/libs/circular_buffer""}"
14579,1767996900,1767996900,1767996900,"{""inverter"": 1, ""source"": ""workstation2_log"", ""device"": ""workstation2"", ""task_type"": ""compilation, CPU load"", ""cpu_cores_active"": ""4"", ""library"": ""boost/statechart"", ""task_files"": 67, ""llm_estimated_task_effort"": ""high"", ""textual_description"": ""The testsuite for boost/statechart is being compiled and run."", ""command"": ""b2 --j 4 test"", ""directory"": "".../boost/libs/statechart""}"
14580,1767996911,1767996911,1767996994,"{""inverter"": 1, ""source"": ""workstation1_log"", ""device"": ""workstation1"", ""task_type"": ""compilation, CPU load"", ""cpu_cores_active"": ""7"", ""library"": ""boost/config"", ""task_files"": 754, ""llm_estimated_task_effort"": ""low"", ""textual_description"": ""The testsuite for boost/config is being compiled and run."", ""command"": ""b2 --j 7 test"", ""directory"": "".../boost/libs/config""}"
14581,1767997010,1767997010,1767997111,"{""inverter"": 1, ""source"": ""workstation1_log"", ""device"": ""workstation1"", ""task_type"": ""compilation, CPU load"", ""cpu_cores_active"": ""5"", ""library"": ""boost/outcome"", ""task_files"": 55, ""llm_estimated_task_effort"": ""low"", ""textual_description"": ""The testsuite for boost/outcome is being compiled and run."", ""command"": ""b2 --j 5 test"", ""directory"": "".../boost/libs/outcome""}"
14582,1767997530,1767997530,1767997869,"{""inverter"": 1, ""source"": ""workstation1_log"", ""device"": ""workstation1"", ""task_type"": ""compilation, CPU load"", ""cpu_cores_active"": ""1"", ""library"": ""boost/safe_numerics"", ""task_files"": 152, ""llm_estimated_task_effort"": ""low"", ""textual_description"": ""The testsuite for boost/safe_numerics is being compiled and run."", ""command"": ""b2 --j 1 test"", ""directory"": "".../boost/libs/safe_numerics""}"
14583,1767997543,1767997543,1767997544,"{""inverter"": 1, ""source"": ""workstation2_log"", ""device"": ""workstation2"", ""task_type"": ""compilation, CPU load"", ""cpu_cores_active"": ""5"", ""library"": ""boost/process"", ""task_files"": 76, ""llm_estimated_task_effort"": ""medium"", ""textual_description"": ""The testsuite for boost/process is being compiled and run."", ""command"": ""b2 --j 5 test"", ""directory"": "".../boost/libs/process""}"
14584,1767997618,1767997618,1767997619,"{""inverter"": 1, ""source"": ""workstation2_log"", ""device"": ""workstation2"", ""task_type"": ""compilation, CPU load"", ""cpu_cores_active"": ""3"", ""library"": ""boost/timer"", ""task_files"": 17, ""llm_estimated_task_effort"": ""low"", ""textual_description"": ""The testsuite for boost/timer is being compiled and run."", ""command"": ""b2 --j 3 test"", ""directory"": "".../boost/libs/timer""}"
14585,1767998058,1767998058,1767998058,"{""inverter"": 1, ""source"": ""workstation2_log"", ""device"": ""workstation2"", ""task_type"": ""compilation, CPU load"", ""cpu_cores_active"": ""2"", ""library"": ""boost/variant"", ""task_files"": 37, ""llm_estimated_task_effort"": ""low"", ""textual_description"": ""The testsuite for boost/variant is being compiled and run."", ""command"": ""b2 --j 2 test"", ""directory"": "".../boost/libs/variant""}"
14450,1767998564,1767998564,1767998938,"{""inverter"": 1, ""source"": ""workstation2_log"", ""device"": ""workstation2"", ""task_type"": ""CNN fitting, GPU load"", ""model"": ""vgg19"", ""optim"": ""adam"", ""dataset"": ""CIFAR10"", ""batch_size"": 128, ""epochs"": 2, ""model_params"": 143667240, ""llm_estimated_task_effort"": ""medium"", ""textual_description"": ""The model vgg19 is fitted on CIFAR10 using adam for 2 epochs with bs=128.""}"
14586,1767998821,1767998821,1767998822,"{""inverter"": 1, ""source"": ""workstation2_log"", ""device"": ""workstation2"", ""task_type"": ""compilation, CPU load"", ""cpu_cores_active"": ""8"", ""library"": ""boost/bimap"", ""task_files"": 36, ""llm_estimated_task_effort"": ""low"", ""textual_description"": ""The testsuite for boost/bimap is being compiled and run."", ""command"": ""b2 --j 8 test"", ""directory"": "".../boost/libs/bimap""}"
14587,1767998857,1767998857,1767998970,"{""inverter"": 1, ""source"": ""workstation1_log"", ""device"": ""workstation1"", ""task_type"": ""compilation, CPU load"", ""cpu_cores_active"": ""1"", ""library"": ""boost/lambda"", ""task_files"": 27, ""llm_estimated_task_effort"": ""low"", ""textual_description"": ""The testsuite for boost/lambda is being compiled and run."", ""command"": ""b2 --j 1 test"", ""directory"": "".../boost/libs/lambda""}"
14451,1767999201,1767999201,1767999559,"{""inverter"": 1, ""source"": ""workstation2_log"", ""device"": ""workstation2"", ""task_type"": ""CNN fitting, GPU load"", ""model"": ""vgg13"", ""optim"": ""adam"", ""dataset"": ""CIFAR10"", ""batch_size"": 128, ""epochs"": 2, ""model_params"": 133047848, ""llm_estimated_task_effort"": ""medium"", ""textual_description"": ""The model vgg13 is fitted on CIFAR10 using adam for 2 epochs with bs=128.""}"
14588,1767999206,1767999206,1767999305,"{""inverter"": 1, ""source"": ""workstation1_log"", ""device"": ""workstation1"", ""task_type"": ""compilation, CPU load"", ""cpu_cores_active"": ""3"", ""library"": ""boost/function"", ""task_files"": 43, ""llm_estimated_task_effort"": ""low"", ""textual_description"": ""The testsuite for boost/function is being compiled and run."", ""command"": ""b2 --j 3 test"", ""directory"": "".../boost/libs/function""}"
14589,1767999297,1767999297,1767999298,"{""inverter"": 1, ""source"": ""workstation2_log"", ""device"": ""workstation2"", ""task_type"": ""compilation, CPU load"", ""cpu_cores_active"": ""6"", ""library"": ""boost/cobalt"", ""task_files"": 44, ""llm_estimated_task_effort"": ""medium"", ""textual_description"": ""The testsuite for boost/cobalt is being compiled and run."", ""command"": ""b2 --j 6 test"", ""directory"": "".../boost/libs/cobalt""}"
14590,1768000125,1768000125,1768000207,"{""inverter"": 1, ""source"": ""workstation1_log"", ""device"": ""workstation1"", ""task_type"": ""compilation, CPU load"", ""cpu_cores_active"": ""9"", ""library"": ""boost/stl_interfaces"", ""task_files"": 18, ""llm_estimated_task_effort"": ""low"", ""textual_description"": ""The testsuite for boost/stl_interfaces is being compiled and run."", ""command"": ""b2 --j 9 test"", ""directory"": "".../boost/libs/stl_interfaces""}"
14591,1768000173,1768000173,1768000174,"{""inverter"": 1, ""source"": ""workstation2_log"", ""device"": ""workstation2"", ""task_type"": ""compilation, CPU load"", ""cpu_cores_active"": ""8"", ""library"": ""boost/assign"", ""task_files"": 18, ""llm_estimated_task_effort"": ""low"", ""textual_description"": ""The testsuite for boost/assign is being compiled and run."", ""command"": ""b2 --j 8 test"", ""directory"": "".../boost/libs/assign""}"
14452,1768000303,1768000303,1768001630,"{""inverter"": 1, ""source"": ""workstation2_log"", ""device"": ""workstation2"", ""task_type"": ""CNN fitting, GPU load"", ""model"": ""swin_v2_s"", ""optim"": ""adam"", ""dataset"": ""CIFAR10"", ""batch_size"": 128, ""epochs"": 2, ""model_params"": 49737442, ""llm_estimated_task_effort"": ""high"", ""textual_description"": ""The model swin_v2_s is fitted on CIFAR10 using adam for 2 epochs with bs=128.""}"
14592,1768000994,1768000994,1768001099,"{""inverter"": 1, ""source"": ""workstation1_log"", ""device"": ""workstation1"", ""task_type"": ""compilation, CPU load"", ""cpu_cores_active"": ""3"", ""library"": ""boost/optional"", ""task_files"": 82, ""llm_estimated_task_effort"": ""low"", ""textual_description"": ""The testsuite for boost/optional is being compiled and run."", ""command"": ""b2 --j 3 test"", ""directory"": "".../boost/libs/optional""}"
14593,1768001108,1768001108,1768001229,"{""inverter"": 1, ""source"": ""workstation1_log"", ""device"": ""workstation1"", ""task_type"": ""compilation, CPU load"", ""cpu_cores_active"": ""9"", ""library"": ""boost/phoenix"", ""task_files"": 266, ""llm_estimated_task_effort"": ""low"", ""textual_description"": ""The testsuite for boost/phoenix is being compiled and run."", ""command"": ""b2 --j 9 test"", ""directory"": "".../boost/libs/phoenix""}"
14594,1768001618,1768001618,1768001619,"{""inverter"": 1, ""source"": ""workstation2_log"", ""device"": ""workstation2"", ""task_type"": ""compilation, CPU load"", ""cpu_cores_active"": ""9"", ""library"": ""boost/icl"", ""task_files"": 288, ""llm_estimated_task_effort"": ""low"", ""textual_description"": ""The testsuite for boost/icl is being compiled and run."", ""command"": ""b2 --j 9 test"", ""directory"": "".../boost/libs/icl""}"
14595,1768001648,1768001648,1768001650,"{""inverter"": 1, ""source"": ""workstation2_log"", ""device"": ""workstation2"", ""task_type"": ""compilation, CPU load"", ""cpu_cores_active"": ""1"", ""library"": ""boost/statechart"", ""task_files"": 67, ""llm_estimated_task_effort"": ""high"", ""textual_description"": ""The testsuite for boost/statechart is being compiled and run."", ""command"": ""b2 --j 1 test"", ""directory"": "".../boost/libs/statechart""}"
14596,1768001868,1768001868,1768001987,"{""inverter"": 1, ""source"": ""workstation1_log"", ""device"": ""workstation1"", ""task_type"": ""compilation, CPU load"", ""cpu_cores_active"": ""5"", ""library"": ""boost/iostreams"", ""task_files"": 407, ""llm_estimated_task_effort"": ""high"", ""textual_description"": ""The testsuite for boost/iostreams is being compiled and run."", ""command"": ""b2 --j 5 test"", ""directory"": "".../boost/libs/iostreams""}"
14453,1768002019,1768002019,1768002384,"{""inverter"": 1, ""source"": ""workstation2_log"", ""device"": ""workstation2"", ""task_type"": ""CNN fitting, GPU load"", ""model"": ""vgg19"", ""optim"": ""adam"", ""dataset"": ""CIFAR10"", ""batch_size"": 128, ""epochs"": 2, ""model_params"": 143667240, ""llm_estimated_task_effort"": ""medium"", ""textual_description"": ""The model vgg19 is fitted on CIFAR10 using adam for 2 epochs with bs=128.""}"
14454,1768002465,1768002465,1768002809,"{""inverter"": 1, ""source"": ""workstation2_log"", ""device"": ""workstation2"", ""task_type"": ""CNN fitting, GPU load"", ""model"": ""vgg11"", ""optim"": ""sgd"", ""dataset"": ""CIFAR10"", ""batch_size"": 128, ""epochs"": 2, ""model_params"": 132863336, ""llm_estimated_task_effort"": ""low"", ""textual_description"": ""The model vgg11 is fitted on CIFAR10 using sgd for 2 epochs with bs=128.""}"
14597,1768002547,1768002547,1768002549,"{""inverter"": 1, ""source"": ""workstation2_log"", ""device"": ""workstation2"", ""task_type"": ""compilation, CPU load"", ""cpu_cores_active"": ""2"", ""library"": ""boost/convert"", ""task_files"": 20, ""llm_estimated_task_effort"": ""low"", ""textual_description"": ""The testsuite for boost/convert is being compiled and run."", ""command"": ""b2 --j 2 test"", ""directory"": "".../boost/libs/convert""}"
14598,1768002587,1768002587,1768002672,"{""inverter"": 1, ""source"": ""workstation1_log"", ""device"": ""workstation1"", ""task_type"": ""compilation, CPU load"", ""cpu_cores_active"": ""5"", ""library"": ""boost/static_assert"", ""task_files"": 17, ""llm_estimated_task_effort"": ""low"", ""textual_description"": ""The testsuite for boost/static_assert is being compiled and run."", ""command"": ""b2 --j 5 test"", ""directory"": "".../boost/libs/static_assert""}"
14599,1768003121,1768003121,1768003219,"{""inverter"": 1, ""source"": ""workstation1_log"", ""device"": ""workstation1"", ""task_type"": ""compilation, CPU load"", ""cpu_cores_active"": ""10"", ""library"": ""boost/intrusive"", ""task_files"": 55, ""llm_estimated_task_effort"": ""low"", ""textual_description"": ""The testsuite for boost/intrusive is being compiled and run."", ""command"": ""b2 --j 10 test"", ""directory"": "".../boost/libs/intrusive""}"
14600,1768003275,1768003275,1768003276,"{""inverter"": 1, ""source"": ""workstation2_log"", ""device"": ""workstation2"", ""task_type"": ""compilation, CPU load"", ""cpu_cores_active"": ""5"", ""library"": ""boost/mpl"", ""task_files"": 109, ""llm_estimated_task_effort"": ""low"", ""textual_description"": ""The testsuite for boost/mpl is being compiled and run."", ""command"": ""b2 --j 5 test"", ""directory"": "".../boost/libs/mpl""}"
14455,1768003351,1768003351,1768004125,"{""inverter"": 1, ""source"": ""workstation2_log"", ""device"": ""workstation2"", ""task_type"": ""CNN fitting, GPU load"", ""model"": ""densenet121"", ""optim"": ""sgd"", ""dataset"": ""CIFAR10"", ""batch_size"": 128, ""epochs"": 2, ""model_params"": 7978856, ""llm_estimated_task_effort"": ""medium"", ""textual_description"": ""The model densenet121 is fitted on CIFAR10 using sgd for 2 epochs with bs=128.""}"
14601,1768003489,1768003489,1768003598,"{""inverter"": 1, ""source"": ""workstation1_log"", ""device"": ""workstation1"", ""task_type"": ""compilation, CPU load"", ""cpu_cores_active"": ""6"", ""library"": ""boost/type_erasure"", ""task_files"": 61, ""llm_estimated_task_effort"": ""low"", ""textual_description"": ""The testsuite for boost/type_erasure is being compiled and run."", ""command"": ""b2 --j 6 test"", ""directory"": "".../boost/libs/type_erasure""}"
14602,1768003609,1768003609,1768003610,"{""inverter"": 1, ""source"": ""workstation2_log"", ""device"": ""workstation2"", ""task_type"": ""compilation, CPU load"", ""cpu_cores_active"": ""3"", ""library"": ""boost/serialization"", ""task_files"": 150, ""llm_estimated_task_effort"": ""high"", ""textual_description"": ""The testsuite for boost/serialization is being compiled and run."", ""command"": ""b2 --j 3 test"", ""directory"": "".../boost/libs/serialization""}"
14603,1768003876,1768003876,1768003961,"{""inverter"": 1, ""source"": ""workstation1_log"", ""device"": ""workstation1"", ""task_type"": ""compilation, CPU load"", ""cpu_cores_active"": ""5"", ""library"": ""boost/foreach"", ""task_files"": 27, ""llm_estimated_task_effort"": ""low"", ""textual_description"": ""The testsuite for boost/foreach is being compiled and run."", ""command"": ""b2 --j 5 test"", ""directory"": "".../boost/libs/foreach""}"
14604,1768003978,1768003978,1768003979,"{""inverter"": 1, ""source"": ""workstation2_log"", ""device"": ""workstation2"", ""task_type"": ""compilation, CPU load"", ""cpu_cores_active"": ""7"", ""library"": ""boost/regex"", ""task_files"": 106, ""llm_estimated_task_effort"": ""high"", ""textual_description"": ""The testsuite for boost/regex is being compiled and run."", ""command"": ""b2 --j 7 test"", ""directory"": "".../boost/libs/regex""}"
14456,1768004397,1768004397,1768004913,"{""inverter"": 1, ""source"": ""workstation2_log"", ""device"": ""workstation2"", ""task_type"": ""CNN fitting, GPU load"", ""model"": ""wide_resnet50_2"", ""optim"": ""adam"", ""dataset"": ""CIFAR10"", ""batch_size"": 128, ""epochs"": 2, ""model_params"": 68883240, ""llm_estimated_task_effort"": ""high"", ""textual_description"": ""The model wide_resnet50_2 is fitted on CIFAR10 using adam for 2 epochs with bs=128.""}"
14605,1768004775,1768004775,1768004776,"{""inverter"": 1, ""source"": ""workstation2_log"", ""device"": ""workstation2"", ""task_type"": ""compilation, CPU load"", ""cpu_cores_active"": ""3"", ""library"": ""boost/property_map_parallel"", ""task_files"": 0, ""llm_estimated_task_effort"": ""low"", ""textual_description"": ""The testsuite for boost/property_map_parallel is being compiled and run."", ""command"": ""b2 --j 3 test"", ""directory"": "".../boost/libs/property_map_parallel""}"
14457,1768005041,1768005041,1768005498,"{""inverter"": 1, ""source"": ""workstation2_log"", ""device"": ""workstation2"", ""task_type"": ""CNN fitting, GPU load"", ""model"": ""wide_resnet50_2"", ""optim"": ""sgd"", ""dataset"": ""CIFAR10"", ""batch_size"": 128, ""epochs"": 2, ""model_params"": 68883240, ""llm_estimated_task_effort"": ""high"", ""textual_description"": ""The model wide_resnet50_2 is fitted on CIFAR10 using sgd for 2 epochs with bs=128.""}"
14606,1768005705,1768005705,1768005706,"{""inverter"": 1, ""source"": ""workstation2_log"", ""device"": ""workstation2"", ""task_type"": ""compilation, CPU load"", ""cpu_cores_active"": ""1"", ""library"": ""boost/multiprecision"", ""task_files"": 471, ""llm_estimated_task_effort"": ""high"", ""textual_description"": ""The testsuite for boost/multiprecision is being compiled and run."", ""command"": ""b2 --j 1 test"", ""directory"": "".../boost/libs/multiprecision""}"
14607,1768005742,1768005742,1768005743,"{""inverter"": 1, ""source"": ""workstation2_log"", ""device"": ""workstation2"", ""task_type"": ""compilation, CPU load"", ""cpu_cores_active"": ""6"", ""library"": ""boost/nowide"", ""task_files"": 25, ""llm_estimated_task_effort"": ""low"", ""textual_description"": ""The testsuite for boost/nowide is being compiled and run."", ""command"": ""b2 --j 6 test"", ""directory"": "".../boost/libs/nowide""}"
14608,1768006085,1768006085,1768006086,"{""inverter"": 1, ""source"": ""workstation2_log"", ""device"": ""workstation2"", ""task_type"": ""compilation, CPU load"", ""cpu_cores_active"": ""3"", ""library"": ""boost/process"", ""task_files"": 76, ""llm_estimated_task_effort"": ""medium"", ""textual_description"": ""The testsuite for boost/process is being compiled and run."", ""command"": ""b2 --j 3 test"", ""directory"": "".../boost/libs/process""}"
14458,1768006405,1768006405,1768006749,"{""inverter"": 1, ""source"": ""workstation2_log"", ""device"": ""workstation2"", ""task_type"": ""CNN fitting, GPU load"", ""model"": ""vgg11"", ""optim"": ""adam"", ""dataset"": ""CIFAR10"", ""batch_size"": 128, ""epochs"": 2, ""model_params"": 132863336, ""llm_estimated_task_effort"": ""low"", ""textual_description"": ""The model vgg11 is fitted on CIFAR10 using adam for 2 epochs with bs=128.""}"
14609,1768006507,1768006507,1768006508,"{""inverter"": 1, ""source"": ""workstation2_log"", ""device"": ""workstation2"", ""task_type"": ""compilation, CPU load"", ""cpu_cores_active"": ""1"", ""library"": ""boost/scope_exit"", ""task_files"": 32, ""llm_estimated_task_effort"": ""low"", ""textual_description"": ""The testsuite for boost/scope_exit is being compiled and run."", ""command"": ""b2 --j 1 test"", ""directory"": "".../boost/libs/scope_exit""}"
14610,1768006515,1768006515,1768006516,"{""inverter"": 1, ""source"": ""workstation2_log"", ""device"": ""workstation2"", ""task_type"": ""compilation, CPU load"", ""cpu_cores_active"": ""1"", ""library"": ""boost/logic"", ""task_files"": 13, ""llm_estimated_task_effort"": ""low"", ""textual_description"": ""The testsuite for boost/logic is being compiled and run."", ""command"": ""b2 --j 1 test"", ""directory"": "".../boost/libs/logic""}"
14611,1768006575,1768006575,1768006658,"{""inverter"": 1, ""source"": ""workstation1_log"", ""device"": ""workstation1"", ""task_type"": ""compilation, CPU load"", ""cpu_cores_active"": ""4"", ""library"": ""boost/cobalt"", ""task_files"": 44, ""llm_estimated_task_effort"": ""medium"", ""textual_description"": ""The testsuite for boost/cobalt is being compiled and run."", ""command"": ""b2 --j 4 test"", ""directory"": "".../boost/libs/cobalt""}"
14612,1768006591,1768006591,1768006592,"{""inverter"": 1, ""source"": ""workstation2_log"", ""device"": ""workstation2"", ""task_type"": ""compilation, CPU load"", ""cpu_cores_active"": ""7"", ""library"": ""boost/math"", ""task_files"": 2611, ""llm_estimated_task_effort"": ""high"", ""textual_description"": ""The testsuite for boost/math is being compiled and run."", ""command"": ""b2 --j 7 test"", ""directory"": "".../boost/libs/math""}"
14613,1768006814,1768006814,1768006906,"{""inverter"": 1, ""source"": ""workstation1_log"", ""device"": ""workstation1"", ""task_type"": ""compilation, CPU load"", ""cpu_cores_active"": ""8"", ""library"": ""boost/parameter_python"", ""task_files"": 3, ""llm_estimated_task_effort"": ""low"", ""textual_description"": ""The testsuite for boost/parameter_python is being compiled and run."", ""command"": ""b2 --j 8 test"", ""directory"": "".../boost/libs/parameter_python""}"
14614,1768007148,1768007148,1768007149,"{""inverter"": 1, ""source"": ""workstation2_log"", ""device"": ""workstation2"", ""task_type"": ""compilation, CPU load"", ""cpu_cores_active"": ""7"", ""library"": ""boost/assert"", ""task_files"": 25, ""llm_estimated_task_effort"": ""low"", ""textual_description"": ""The testsuite for boost/assert is being compiled and run."", ""command"": ""b2 --j 7 test"", ""directory"": "".../boost/libs/assert""}"
14615,1768007252,1768007252,1768007355,"{""inverter"": 1, ""source"": ""workstation1_log"", ""device"": ""workstation1"", ""task_type"": ""compilation, CPU load"", ""cpu_cores_active"": ""10"", ""library"": ""boost/iostreams"", ""task_files"": 407, ""llm_estimated_task_effort"": ""high"", ""textual_description"": ""The testsuite for boost/iostreams is being compiled and run."", ""command"": ""b2 --j 10 test"", ""directory"": "".../boost/libs/iostreams""}"
14616,1768007715,1768007715,1768007829,"{""inverter"": 1, ""source"": ""workstation1_log"", ""device"": ""workstation1"", ""task_type"": ""compilation, CPU load"", ""cpu_cores_active"": ""3"", ""library"": ""boost/process"", ""task_files"": 76, ""llm_estimated_task_effort"": ""medium"", ""textual_description"": ""The testsuite for boost/process is being compiled and run."", ""command"": ""b2 --j 3 test"", ""directory"": "".../boost/libs/process""}"
14617,1768008002,1768008002,1768008039,"{""inverter"": 1, ""source"": ""workstation2_log"", ""device"": ""workstation2"", ""task_type"": ""compilation, CPU load"", ""cpu_cores_active"": ""5"", ""library"": ""boost/functional"", ""task_files"": 2, ""llm_estimated_task_effort"": ""low"", ""textual_description"": ""The testsuite for boost/functional is being compiled and run."", ""command"": ""b2 --j 5 test"", ""directory"": "".../boost/libs/functional""}"
14618,1768008078,1768008078,1768008078,"{""inverter"": 1, ""source"": ""workstation2_log"", ""device"": ""workstation2"", ""task_type"": ""compilation, CPU load"", ""cpu_cores_active"": ""5"", ""library"": ""boost/uuid"", ""task_files"": 68, ""llm_estimated_task_effort"": ""low"", ""textual_description"": ""The testsuite for boost/uuid is being compiled and run."", ""command"": ""b2 --j 5 test"", ""directory"": "".../boost/libs/uuid""}"
14459,1768008276,1768008276,1768009156,"{""inverter"": 1, ""source"": ""workstation2_log"", ""device"": ""workstation2"", ""task_type"": ""CNN fitting, GPU load"", ""model"": ""densenet121"", ""optim"": ""adam"", ""dataset"": ""CIFAR10"", ""batch_size"": 128, ""epochs"": 2, ""model_params"": 7978856, ""llm_estimated_task_effort"": ""medium"", ""textual_description"": ""The model densenet121 is fitted on CIFAR10 using adam for 2 epochs with bs=128.""}"
14619,1768008449,1768008449,1768008449,"{""inverter"": 1, ""source"": ""workstation2_log"", ""device"": ""workstation2"", ""task_type"": ""compilation, CPU load"", ""cpu_cores_active"": ""6"", ""library"": ""boost/tokenizer"", ""task_files"": 9, ""llm_estimated_task_effort"": ""low"", ""textual_description"": ""The testsuite for boost/tokenizer is being compiled and run."", ""command"": ""b2 --j 6 test"", ""directory"": "".../boost/libs/tokenizer""}"
14620,1768008479,1768008479,1768008597,"{""inverter"": 1, ""source"": ""workstation1_log"", ""device"": ""workstation1"", ""task_type"": ""compilation, CPU load"", ""cpu_cores_active"": ""4"", ""library"": ""boost/atomic"", ""task_files"": 30, ""llm_estimated_task_effort"": ""low"", ""textual_description"": ""The testsuite for boost/atomic is being compiled and run."", ""command"": ""b2 --j 4 test"", ""directory"": "".../boost/libs/atomic""}"
14621,1768008654,1768008654,1768008655,"{""inverter"": 1, ""source"": ""workstation2_log"", ""device"": ""workstation2"", ""task_type"": ""compilation, CPU load"", ""cpu_cores_active"": ""3"", ""library"": ""boost/leaf"", ""task_files"": 125, ""llm_estimated_task_effort"": ""low"", ""textual_description"": ""The testsuite for boost/leaf is being compiled and run."", ""command"": ""b2 --j 3 test"", ""directory"": "".../boost/libs/leaf""}"
14622,1768009440,1768009440,1768009570,"{""inverter"": 1, ""source"": ""workstation1_log"", ""device"": ""workstation1"", ""task_type"": ""compilation, CPU load"", ""cpu_cores_active"": ""3"", ""library"": ""boost/intrusive"", ""task_files"": 55, ""llm_estimated_task_effort"": ""low"", ""textual_description"": ""The testsuite for boost/intrusive is being compiled and run."", ""command"": ""b2 --j 3 test"", ""directory"": "".../boost/libs/intrusive""}"
14623,1768009443,1768009443,1768009443,"{""inverter"": 1, ""source"": ""workstation2_log"", ""device"": ""workstation2"", ""task_type"": ""compilation, CPU load"", ""cpu_cores_active"": ""7"", ""library"": ""boost/compute"", ""task_files"": 168, ""llm_estimated_task_effort"": ""high"", ""textual_description"": ""The testsuite for boost/compute is being compiled and run."", ""command"": ""b2 --j 7 test"", ""directory"": "".../boost/libs/compute""}"
14624,1768009770,1768009770,1768009771,"{""inverter"": 1, ""source"": ""workstation2_log"", ""device"": ""workstation2"", ""task_type"": ""compilation, CPU load"", ""cpu_cores_active"": ""8"", ""library"": ""boost/process"", ""task_files"": 76, ""llm_estimated_task_effort"": ""medium"", ""textual_description"": ""The testsuite for boost/process is being compiled and run."", ""command"": ""b2 --j 8 test"", ""directory"": "".../boost/libs/process""}"
14625,1768009792,1768009792,1768009895,"{""inverter"": 1, ""source"": ""workstation1_log"", ""device"": ""workstation1"", ""task_type"": ""compilation, CPU load"", ""cpu_cores_active"": ""2"", ""library"": ""boost/units"", ""task_files"": 51, ""llm_estimated_task_effort"": ""low"", ""textual_description"": ""The testsuite for boost/units is being compiled and run."", ""command"": ""b2 --j 2 test"", ""directory"": "".../boost/libs/units""}"
14626,1768010394,1768010394,1768010394,"{""inverter"": 1, ""source"": ""workstation2_log"", ""device"": ""workstation2"", ""task_type"": ""compilation, CPU load"", ""cpu_cores_active"": ""9"", ""library"": ""boost/mp11"", ""task_files"": 241, ""llm_estimated_task_effort"": ""low"", ""textual_description"": ""The testsuite for boost/mp11 is being compiled and run."", ""command"": ""b2 --j 9 test"", ""directory"": "".../boost/libs/mp11""}"
14460,1768010473,1768010473,1768010820,"{""inverter"": 1, ""source"": ""workstation2_log"", ""device"": ""workstation2"", ""task_type"": ""CNN fitting, GPU load"", ""model"": ""vgg11"", ""optim"": ""sgd"", ""dataset"": ""CIFAR10"", ""batch_size"": 128, ""epochs"": 2, ""model_params"": 132863336, ""llm_estimated_task_effort"": ""low"", ""textual_description"": ""The model vgg11 is fitted on CIFAR10 using sgd for 2 epochs with bs=128.""}"
14627,1768010475,1768010475,1768010476,"{""inverter"": 1, ""source"": ""workstation2_log"", ""device"": ""workstation2"", ""task_type"": ""compilation, CPU load"", ""cpu_cores_active"": ""8"", ""library"": ""boost/timer"", ""task_files"": 17, ""llm_estimated_task_effort"": ""low"", ""textual_description"": ""The testsuite for boost/timer is being compiled and run."", ""command"": ""b2 --j 8 test"", ""directory"": "".../boost/libs/timer""}"
14628,1768011235,1768011235,1768011236,"{""inverter"": 1, ""source"": ""workstation2_log"", ""device"": ""workstation2"", ""task_type"": ""compilation, CPU load"", ""cpu_cores_active"": ""4"", ""library"": ""boost/test"", ""task_files"": 112, ""llm_estimated_task_effort"": ""low"", ""textual_description"": ""The testsuite for boost/test is being compiled and run."", ""command"": ""b2 --j 4 test"", ""directory"": "".../boost/libs/test""}"
14629,1768011359,1768011359,1768011442,"{""inverter"": 1, ""source"": ""workstation1_log"", ""device"": ""workstation1"", ""task_type"": ""compilation, CPU load"", ""cpu_cores_active"": ""2"", ""library"": ""boost/predef"", ""task_files"": 19, ""llm_estimated_task_effort"": ""low"", ""textual_description"": ""The testsuite for boost/predef is being compiled and run."", ""command"": ""b2 --j 2 test"", ""directory"": "".../boost/libs/predef""}"
14461,1768011459,1768011459,1768011976,"{""inverter"": 1, ""source"": ""workstation2_log"", ""device"": ""workstation2"", ""task_type"": ""CNN fitting, GPU load"", ""model"": ""wide_resnet50_2"", ""optim"": ""adam"", ""dataset"": ""CIFAR10"", ""batch_size"": 128, ""epochs"": 2, ""model_params"": 68883240, ""llm_estimated_task_effort"": ""high"", ""textual_description"": ""The model wide_resnet50_2 is fitted on CIFAR10 using adam for 2 epochs with bs=128.""}"
14630,1768011678,1768011678,1768011679,"{""inverter"": 1, ""source"": ""workstation2_log"", ""device"": ""workstation2"", ""task_type"": ""compilation, CPU load"", ""cpu_cores_active"": ""6"", ""library"": ""boost/yap"", ""task_files"": 4, ""llm_estimated_task_effort"": ""low"", ""textual_description"": ""The testsuite for boost/yap is being compiled and run."", ""command"": ""b2 --j 6 test"", ""directory"": "".../boost/libs/yap""}"
14631,1768011846,1768011846,1768011847,"{""inverter"": 1, ""source"": ""workstation2_log"", ""device"": ""workstation2"", ""task_type"": ""compilation, CPU load"", ""cpu_cores_active"": ""2"", ""library"": ""boost/wave"", ""task_files"": 287, ""llm_estimated_task_effort"": ""high"", ""textual_description"": ""The testsuite for boost/wave is being compiled and run."", ""command"": ""b2 --j 2 test"", ""directory"": "".../boost/libs/wave""}"
14632,1768011893,1768011893,1768011994,"{""inverter"": 1, ""source"": ""workstation1_log"", ""device"": ""workstation1"", ""task_type"": ""compilation, CPU load"", ""cpu_cores_active"": ""3"", ""library"": ""boost/coroutine2"", ""task_files"": 2, ""llm_estimated_task_effort"": ""high"", ""textual_description"": ""The testsuite for boost/coroutine2 is being compiled and run."", ""command"": ""b2 --j 3 test"", ""directory"": "".../boost/libs/coroutine2""}"
14633,1768012105,1768012105,1768012105,"{""inverter"": 1, ""source"": ""workstation2_log"", ""device"": ""workstation2"", ""task_type"": ""compilation, CPU load"", ""cpu_cores_active"": ""1"", ""library"": ""boost/container"", ""task_files"": 98, ""llm_estimated_task_effort"": ""high"", ""textual_description"": ""The testsuite for boost/container is being compiled and run."", ""command"": ""b2 --j 1 test"", ""directory"": "".../boost/libs/container""}"
14462,1768012176,1768012176,1768012640,"{""inverter"": 1, ""source"": ""workstation2_log"", ""device"": ""workstation2"", ""task_type"": ""CNN fitting, GPU load"", ""model"": ""wide_resnet50_2"", ""optim"": ""sgd"", ""dataset"": ""CIFAR10"", ""batch_size"": 128, ""epochs"": 2, ""model_params"": 68883240, ""llm_estimated_task_effort"": ""high"", ""textual_description"": ""The model wide_resnet50_2 is fitted on CIFAR10 using sgd for 2 epochs with bs=128.""}"
14634,1768012350,1768012350,1768012351,"{""inverter"": 1, ""source"": ""workstation2_log"", ""device"": ""workstation2"", ""task_type"": ""compilation, CPU load"", ""cpu_cores_active"": ""2"", ""library"": ""boost/core"", ""task_files"": 278, ""llm_estimated_task_effort"": ""low"", ""textual_description"": ""The testsuite for boost/core is being compiled and run."", ""command"": ""b2 --j 2 test"", ""directory"": "".../boost/libs/core""}"
14635,1768012354,1768012354,1768012355,"{""inverter"": 1, ""source"": ""workstation2_log"", ""device"": ""workstation2"", ""task_type"": ""compilation, CPU load"", ""cpu_cores_active"": ""5"", ""library"": ""boost/conversion"", ""task_files"": 8, ""llm_estimated_task_effort"": ""low"", ""textual_description"": ""The testsuite for boost/conversion is being compiled and run."", ""command"": ""b2 --j 5 test"", ""directory"": "".../boost/libs/conversion""}"
14636,1768012538,1768012538,1768012539,"{""inverter"": 1, ""source"": ""workstation2_log"", ""device"": ""workstation2"", ""task_type"": ""compilation, CPU load"", ""cpu_cores_active"": ""1"", ""library"": ""boost/stacktrace"", ""task_files"": 18, ""llm_estimated_task_effort"": ""medium"", ""textual_description"": ""The testsuite for boost/stacktrace is being compiled and run."", ""command"": ""b2 --j 1 test"", ""directory"": "".../boost/libs/stacktrace""}"
14637,1768012677,1768012677,1768012793,"{""inverter"": 1, ""source"": ""workstation1_log"", ""device"": ""workstation1"", ""task_type"": ""compilation, CPU load"", ""cpu_cores_active"": ""4"", ""library"": ""boost/intrusive"", ""task_files"": 55, ""llm_estimated_task_effort"": ""low"", ""textual_description"": ""The testsuite for boost/intrusive is being compiled and run."", ""command"": ""b2 --j 4 test"", ""directory"": "".../boost/libs/intrusive""}"
14638,1768012840,1768012840,1768012913,"{""inverter"": 1, ""source"": ""workstation1_log"", ""device"": ""workstation1"", ""task_type"": ""compilation, CPU load"", ""cpu_cores_active"": ""7"", ""library"": ""boost/graph_parallel"", ""task_files"": 30, ""llm_estimated_task_effort"": ""high"", ""textual_description"": ""The testsuite for boost/graph_parallel is being compiled and run."", ""command"": ""b2 --j 7 test"", ""directory"": "".../boost/libs/graph_parallel""}"
14639,1768013007,1768013007,1768013008,"{""inverter"": 1, ""source"": ""workstation2_log"", ""device"": ""workstation2"", ""task_type"": ""compilation, CPU load"", ""cpu_cores_active"": ""2"", ""library"": ""boost/system"", ""task_files"": 126, ""llm_estimated_task_effort"": ""low"", ""textual_description"": ""The testsuite for boost/system is being compiled and run."", ""command"": ""b2 --j 2 test"", ""directory"": "".../boost/libs/system""}"
14640,1768013323,1768013323,1768013636,"{""inverter"": 1, ""source"": ""workstation1_log"", ""device"": ""workstation1"", ""task_type"": ""compilation, CPU load"", ""cpu_cores_active"": ""5"", ""library"": ""boost/test"", ""task_files"": 112, ""llm_estimated_task_effort"": ""low"", ""textual_description"": ""The testsuite for boost/test is being compiled and run."", ""command"": ""b2 --j 5 test"", ""directory"": "".../boost/libs/test""}"
14641,1768013507,1768013507,1768013508,"{""inverter"": 1, ""source"": ""workstation2_log"", ""device"": ""workstation2"", ""task_type"": ""compilation, CPU load"", ""cpu_cores_active"": ""4"", ""library"": ""boost/vmd"", ""task_files"": 336, ""llm_estimated_task_effort"": ""low"", ""textual_description"": ""The testsuite for boost/vmd is being compiled and run."", ""command"": ""b2 --j 4 test"", ""directory"": "".../boost/libs/vmd""}"
14463,1768013770,1768013770,1768014561,"{""inverter"": 1, ""source"": ""workstation2_log"", ""device"": ""workstation2"", ""task_type"": ""CNN fitting, GPU load"", ""model"": ""densenet121"", ""optim"": ""sgd"", ""dataset"": ""CIFAR10"", ""batch_size"": 128, ""epochs"": 2, ""model_params"": 7978856, ""llm_estimated_task_effort"": ""medium"", ""textual_description"": ""The model densenet121 is fitted on CIFAR10 using sgd for 2 epochs with bs=128.""}"
14642,1768013791,1768013791,1768013792,"{""inverter"": 1, ""source"": ""workstation2_log"", ""device"": ""workstation2"", ""task_type"": ""compilation, CPU load"", ""cpu_cores_active"": ""2"", ""library"": ""boost/align"", ""task_files"": 17, ""llm_estimated_task_effort"": ""low"", ""textual_description"": ""The testsuite for boost/align is being compiled and run."", ""command"": ""b2 --j 2 test"", ""directory"": "".../boost/libs/align""}"
14643,1768013953,1768013953,1768014064,"{""inverter"": 1, ""source"": ""workstation1_log"", ""device"": ""workstation1"", ""task_type"": ""compilation, CPU load"", ""cpu_cores_active"": ""2"", ""library"": ""boost/compat"", ""task_files"": 65, ""llm_estimated_task_effort"": ""low"", ""textual_description"": ""The testsuite for boost/compat is being compiled and run."", ""command"": ""b2 --j 2 test"", ""directory"": "".../boost/libs/compat""}"
14644,1768014748,1768014748,1768014835,"{""inverter"": 1, ""source"": ""workstation1_log"", ""device"": ""workstation1"", ""task_type"": ""compilation, CPU load"", ""cpu_cores_active"": ""8"", ""library"": ""boost/format"", ""task_files"": 9, ""llm_estimated_task_effort"": ""low"", ""textual_description"": ""The testsuite for boost/format is being compiled and run."", ""command"": ""b2 --j 8 test"", ""directory"": "".../boost/libs/format""}"
14645,1768015105,1768015105,1768015187,"{""inverter"": 1, ""source"": ""workstation1_log"", ""device"": ""workstation1"", ""task_type"": ""compilation, CPU load"", ""cpu_cores_active"": ""8"", ""library"": ""boost/crc"", ""task_files"": 10, ""llm_estimated_task_effort"": ""low"", ""textual_description"": ""The testsuite for boost/crc is being compiled and run."", ""command"": ""b2 --j 8 test"", ""directory"": "".../boost/libs/crc""}"
14646,1768015662,1768015662,1768015663,"{""inverter"": 1, ""source"": ""workstation2_log"", ""device"": ""workstation2"", ""task_type"": ""compilation, CPU load"", ""cpu_cores_active"": ""6"", ""library"": ""boost/typeof"", ""task_files"": 33, ""llm_estimated_task_effort"": ""low"", ""textual_description"": ""The testsuite for boost/typeof is being compiled and run."", ""command"": ""b2 --j 6 test"", ""directory"": "".../boost/libs/typeof""}"
14464,1768015808,1768015808,1768016165,"{""inverter"": 1, ""source"": ""workstation2_log"", ""device"": ""workstation2"", ""task_type"": ""CNN fitting, GPU load"", ""model"": ""vgg11"", ""optim"": ""adam"", ""dataset"": ""CIFAR10"", ""batch_size"": 128, ""epochs"": 2, ""model_params"": 132863336, ""llm_estimated_task_effort"": ""low"", ""textual_description"": ""The model vgg11 is fitted on CIFAR10 using adam for 2 epochs with bs=128.""}"
14465,1768016218,1768016218,1768016565,"{""inverter"": 1, ""source"": ""workstation2_log"", ""device"": ""workstation2"", ""task_type"": ""CNN fitting, GPU load"", ""model"": ""vgg11"", ""optim"": ""sgd"", ""dataset"": ""CIFAR10"", ""batch_size"": 128, ""epochs"": 2, ""model_params"": 132863336, ""llm_estimated_task_effort"": ""low"", ""textual_description"": ""The model vgg11 is fitted on CIFAR10 using sgd for 2 epochs with bs=128.""}"
14647,1768016231,1768016231,1768016232,"{""inverter"": 1, ""source"": ""workstation2_log"", ""device"": ""workstation2"", ""task_type"": ""compilation, CPU load"", ""cpu_cores_active"": ""10"", ""library"": ""boost/coroutine2"", ""task_files"": 2, ""llm_estimated_task_effort"": ""high"", ""textual_description"": ""The testsuite for boost/coroutine2 is being compiled and run."", ""command"": ""b2 --j 10 test"", ""directory"": "".../boost/libs/coroutine2""}"
14648,1768016317,1768016317,1768016398,"{""inverter"": 1, ""source"": ""workstation1_log"", ""device"": ""workstation1"", ""task_type"": ""compilation, CPU load"", ""cpu_cores_active"": ""7"", ""library"": ""boost/stl_interfaces"", ""task_files"": 18, ""llm_estimated_task_effort"": ""low"", ""textual_description"": ""The testsuite for boost/stl_interfaces is being compiled and run."", ""command"": ""b2 --j 7 test"", ""directory"": "".../boost/libs/stl_interfaces""}"
14649,1768016985,1768016985,1768017218,"{""inverter"": 1, ""source"": ""workstation1_log"", ""device"": ""workstation1"", ""task_type"": ""compilation, CPU load"", ""cpu_cores_active"": ""7"", ""library"": ""boost/interprocess"", ""task_files"": 122, ""llm_estimated_task_effort"": ""high"", ""textual_description"": ""The testsuite for boost/interprocess is being compiled and run."", ""command"": ""b2 --j 7 test"", ""directory"": "".../boost/libs/interprocess""}"
14650,1768017367,1768017367,1768017368,"{""inverter"": 1, ""source"": ""workstation2_log"", ""device"": ""workstation2"", ""task_type"": ""compilation, CPU load"", ""cpu_cores_active"": ""5"", ""library"": ""boost/wave"", ""task_files"": 287, ""llm_estimated_task_effort"": ""high"", ""textual_description"": ""The testsuite for boost/wave is being compiled and run."", ""command"": ""b2 --j 5 test"", ""directory"": "".../boost/libs/wave""}"
14651,1768017515,1768017515,1768017640,"{""inverter"": 1, ""source"": ""workstation1_log"", ""device"": ""workstation1"", ""task_type"": ""compilation, CPU load"", ""cpu_cores_active"": ""5"", ""library"": ""boost/core"", ""task_files"": 278, ""llm_estimated_task_effort"": ""low"", ""textual_description"": ""The testsuite for boost/core is being compiled and run."", ""command"": ""b2 --j 5 test"", ""directory"": "".../boost/libs/core""}"
14652,1768017822,1768017822,1768017823,"{""inverter"": 1, ""source"": ""workstation2_log"", ""device"": ""workstation2"", ""task_type"": ""compilation, CPU load"", ""cpu_cores_active"": ""9"", ""library"": ""boost/polygon"", ""task_files"": 17, ""llm_estimated_task_effort"": ""high"", ""textual_description"": ""The testsuite for boost/polygon is being compiled and run."", ""command"": ""b2 --j 9 test"", ""directory"": "".../boost/libs/polygon""}"
14466,1768017906,1768017906,1768018361,"{""inverter"": 1, ""source"": ""workstation2_log"", ""device"": ""workstation2"", ""task_type"": ""CNN fitting, GPU load"", ""model"": ""wide_resnet50_2"", ""optim"": ""sgd"", ""dataset"": ""CIFAR10"", ""batch_size"": 128, ""epochs"": 2, ""model_params"": 68883240, ""llm_estimated_task_effort"": ""high"", ""textual_description"": ""The model wide_resnet50_2 is fitted on CIFAR10 using sgd for 2 epochs with bs=128.""}"
14653,1768017968,1768017968,1768018068,"{""inverter"": 1, ""source"": ""workstation1_log"", ""device"": ""workstation1"", ""task_type"": ""compilation, CPU load"", ""cpu_cores_active"": ""5"", ""library"": ""boost/coroutine2"", ""task_files"": 2, ""llm_estimated_task_effort"": ""high"", ""textual_description"": ""The testsuite for boost/coroutine2 is being compiled and run."", ""command"": ""b2 --j 5 test"", ""directory"": "".../boost/libs/coroutine2""}"
14654,1768018052,1768018052,1768018053,"{""inverter"": 1, ""source"": ""workstation2_log"", ""device"": ""workstation2"", ""task_type"": ""compilation, CPU load"", ""cpu_cores_active"": ""2"", ""library"": ""boost/type_index"", ""task_files"": 19, ""llm_estimated_task_effort"": ""low"", ""textual_description"": ""The testsuite for boost/type_index is being compiled and run."", ""command"": ""b2 --j 2 test"", ""directory"": "".../boost/libs/type_index""}"
14655,1768018084,1768018084,1768018085,"{""inverter"": 1, ""source"": ""workstation2_log"", ""device"": ""workstation2"", ""task_type"": ""compilation, CPU load"", ""cpu_cores_active"": ""8"", ""library"": ""boost/lambda"", ""task_files"": 27, ""llm_estimated_task_effort"": ""low"", ""textual_description"": ""The testsuite for boost/lambda is being compiled and run."", ""command"": ""b2 --j 8 test"", ""directory"": "".../boost/libs/lambda""}"
14656,1768018089,1768018089,1768018242,"{""inverter"": 1, ""source"": ""workstation1_log"", ""device"": ""workstation1"", ""task_type"": ""compilation, CPU load"", ""cpu_cores_active"": ""2"", ""library"": ""boost/variant2"", ""task_files"": 76, ""llm_estimated_task_effort"": ""low"", ""textual_description"": ""The testsuite for boost/variant2 is being compiled and run."", ""command"": ""b2 --j 2 test"", ""directory"": "".../boost/libs/variant2""}"
14657,1768018370,1768018370,1768018371,"{""inverter"": 1, ""source"": ""workstation2_log"", ""device"": ""workstation2"", ""task_type"": ""compilation, CPU load"", ""cpu_cores_active"": ""8"", ""library"": ""boost/variant2"", ""task_files"": 76, ""llm_estimated_task_effort"": ""low"", ""textual_description"": ""The testsuite for boost/variant2 is being compiled and run."", ""command"": ""b2 --j 8 test"", ""directory"": "".../boost/libs/variant2""}"
14658,1768018618,1768018618,1768018618,"{""inverter"": 1, ""source"": ""workstation2_log"", ""device"": ""workstation2"", ""task_type"": ""compilation, CPU load"", ""cpu_cores_active"": ""7"", ""library"": ""boost/graph"", ""task_files"": 1290, ""llm_estimated_task_effort"": ""high"", ""textual_description"": ""The testsuite for boost/graph is being compiled and run."", ""command"": ""b2 --j 7 test"", ""directory"": "".../boost/libs/graph""}"
14659,1768018733,1768018733,1768018734,"{""inverter"": 1, ""source"": ""workstation2_log"", ""device"": ""workstation2"", ""task_type"": ""compilation, CPU load"", ""cpu_cores_active"": ""1"", ""library"": ""boost/endian"", ""task_files"": 61, ""llm_estimated_task_effort"": ""low"", ""textual_description"": ""The testsuite for boost/endian is being compiled and run."", ""command"": ""b2 --j 1 test"", ""directory"": "".../boost/libs/endian""}"
14660,1768018895,1768018895,1768018896,"{""inverter"": 1, ""source"": ""workstation2_log"", ""device"": ""workstation2"", ""task_type"": ""compilation, CPU load"", ""cpu_cores_active"": ""6"", ""library"": ""boost/move"", ""task_files"": 34, ""llm_estimated_task_effort"": ""low"", ""textual_description"": ""The testsuite for boost/move is being compiled and run."", ""command"": ""b2 --j 6 test"", ""directory"": "".../boost/libs/move""}"
14661,1768018901,1768018901,1768018982,"{""inverter"": 1, ""source"": ""workstation1_log"", ""device"": ""workstation1"", ""task_type"": ""compilation, CPU load"", ""cpu_cores_active"": ""9"", ""library"": ""boost/foreach"", ""task_files"": 27, ""llm_estimated_task_effort"": ""low"", ""textual_description"": ""The testsuite for boost/foreach is being compiled and run."", ""command"": ""b2 --j 9 test"", ""directory"": "".../boost/libs/foreach""}"
14467,1768019272,1768019272,1768020060,"{""inverter"": 1, ""source"": ""workstation2_log"", ""device"": ""workstation2"", ""task_type"": ""CNN fitting, GPU load"", ""model"": ""densenet121"", ""optim"": ""sgd"", ""dataset"": ""CIFAR10"", ""batch_size"": 128, ""epochs"": 2, ""model_params"": 7978856, ""llm_estimated_task_effort"": ""medium"", ""textual_description"": ""The model densenet121 is fitted on CIFAR10 using sgd for 2 epochs with bs=128.""}"
14662,1768019639,1768019639,1768019639,"{""inverter"": 1, ""source"": ""workstation2_log"", ""device"": ""workstation2"", ""task_type"": ""compilation, CPU load"", ""cpu_cores_active"": ""1"", ""library"": ""boost/core"", ""task_files"": 278, ""llm_estimated_task_effort"": ""low"", ""textual_description"": ""The testsuite for boost/core is being compiled and run."", ""command"": ""b2 --j 1 test"", ""directory"": "".../boost/libs/core""}"
14663,1768020021,1768020021,1768020022,"{""inverter"": 1, ""source"": ""workstation2_log"", ""device"": ""workstation2"", ""task_type"": ""compilation, CPU load"", ""cpu_cores_active"": ""2"", ""library"": ""boost/geometry"", ""task_files"": 665, ""llm_estimated_task_effort"": ""high"", ""textual_description"": ""The testsuite for boost/geometry is being compiled and run."", ""command"": ""b2 --j 2 test"", ""directory"": "".../boost/libs/geometry""}"
14664,1768020187,1768020187,1768020188,"{""inverter"": 1, ""source"": ""workstation2_log"", ""device"": ""workstation2"", ""task_type"": ""compilation, CPU load"", ""cpu_cores_active"": ""4"", ""library"": ""boost/type_index"", ""task_files"": 19, ""llm_estimated_task_effort"": ""low"", ""textual_description"": ""The testsuite for boost/type_index is being compiled and run."", ""command"": ""b2 --j 4 test"", ""directory"": "".../boost/libs/type_index""}"
14468,1768020315,1768020315,1768021640,"{""inverter"": 1, ""source"": ""workstation2_log"", ""device"": ""workstation2"", ""task_type"": ""CNN fitting, GPU load"", ""model"": ""swin_v2_s"", ""optim"": ""adam"", ""dataset"": ""CIFAR10"", ""batch_size"": 128, ""epochs"": 2, ""model_params"": 49737442, ""llm_estimated_task_effort"": ""high"", ""textual_description"": ""The model swin_v2_s is fitted on CIFAR10 using adam for 2 epochs with bs=128.""}"
14665,1768020581,1768020581,1768020583,"{""inverter"": 1, ""source"": ""workstation2_log"", ""device"": ""workstation2"", ""task_type"": ""compilation, CPU load"", ""cpu_cores_active"": ""9"", ""library"": ""boost/poly_collection"", ""task_files"": 46, ""llm_estimated_task_effort"": ""low"", ""textual_description"": ""The testsuite for boost/poly_collection is being compiled and run."", ""command"": ""b2 --j 9 test"", ""directory"": "".../boost/libs/poly_collection""}"
14666,1768021102,1768021102,1768021102,"{""inverter"": 1, ""source"": ""workstation2_log"", ""device"": ""workstation2"", ""task_type"": ""compilation, CPU load"", ""cpu_cores_active"": ""6"", ""library"": ""boost/test"", ""task_files"": 112, ""llm_estimated_task_effort"": ""low"", ""textual_description"": ""The testsuite for boost/test is being compiled and run."", ""command"": ""b2 --j 6 test"", ""directory"": "".../boost/libs/test""}"
14667,1768021326,1768021326,1768021419,"{""inverter"": 1, ""source"": ""workstation1_log"", ""device"": ""workstation1"", ""task_type"": ""compilation, CPU load"", ""cpu_cores_active"": ""6"", ""library"": ""boost/program_options"", ""task_files"": 26, ""llm_estimated_task_effort"": ""high"", ""textual_description"": ""The testsuite for boost/program_options is being compiled and run."", ""command"": ""b2 --j 6 test"", ""directory"": "".../boost/libs/program_options""}"
14668,1768021831,1768021831,1768021916,"{""inverter"": 1, ""source"": ""workstation1_log"", ""device"": ""workstation1"", ""task_type"": ""compilation, CPU load"", ""cpu_cores_active"": ""10"", ""library"": ""boost/rational"", ""task_files"": 19, ""llm_estimated_task_effort"": ""low"", ""textual_description"": ""The testsuite for boost/rational is being compiled and run."", ""command"": ""b2 --j 10 test"", ""directory"": "".../boost/libs/rational""}"
14469,1768021907,1768021907,1768022264,"{""inverter"": 1, ""source"": ""workstation2_log"", ""device"": ""workstation2"", ""task_type"": ""CNN fitting, GPU load"", ""model"": ""vgg13"", ""optim"": ""adam"", ""dataset"": ""CIFAR10"", ""batch_size"": 128, ""epochs"": 2, ""model_params"": 133047848, ""llm_estimated_task_effort"": ""medium"", ""textual_description"": ""The model vgg13 is fitted on CIFAR10 using adam for 2 epochs with bs=128.""}"
14669,1768022135,1768022135,1768022135,"{""inverter"": 1, ""source"": ""workstation2_log"", ""device"": ""workstation2"", ""task_type"": ""compilation, CPU load"", ""cpu_cores_active"": ""10"", ""library"": ""boost/locale"", ""task_files"": 48, ""llm_estimated_task_effort"": ""high"", ""textual_description"": ""The testsuite for boost/locale is being compiled and run."", ""command"": ""b2 --j 10 test"", ""directory"": "".../boost/libs/locale""}"
14470,1768022448,1768022448,1768022974,"{""inverter"": 1, ""source"": ""workstation2_log"", ""device"": ""workstation2"", ""task_type"": ""CNN fitting, GPU load"", ""model"": ""wide_resnet50_2"", ""optim"": ""adam"", ""dataset"": ""CIFAR10"", ""batch_size"": 128, ""epochs"": 2, ""model_params"": 68883240, ""llm_estimated_task_effort"": ""high"", ""textual_description"": ""The model wide_resnet50_2 is fitted on CIFAR10 using adam for 2 epochs with bs=128.""}"
14670,1768022637,1768022637,1768022736,"{""inverter"": 1, ""source"": ""workstation1_log"", ""device"": ""workstation1"", ""task_type"": ""compilation, CPU load"", ""cpu_cores_active"": ""5"", ""library"": ""boost/yap"", ""task_files"": 4, ""llm_estimated_task_effort"": ""low"", ""textual_description"": ""The testsuite for boost/yap is being compiled and run."", ""command"": ""b2 --j 5 test"", ""directory"": "".../boost/libs/yap""}"
14671,1768022638,1768022638,1768022640,"{""inverter"": 1, ""source"": ""workstation2_log"", ""device"": ""workstation2"", ""task_type"": ""compilation, CPU load"", ""cpu_cores_active"": ""8"", ""library"": ""boost/detail"", ""task_files"": 14, ""llm_estimated_task_effort"": ""low"", ""textual_description"": ""The testsuite for boost/detail is being compiled and run."", ""command"": ""b2 --j 8 test"", ""directory"": "".../boost/libs/detail""}"
14672,1768022767,1768022767,1768022937,"{""inverter"": 1, ""source"": ""workstation1_log"", ""device"": ""workstation1"", ""task_type"": ""compilation, CPU load"", ""cpu_cores_active"": ""3"", ""library"": ""boost/safe_numerics"", ""task_files"": 152, ""llm_estimated_task_effort"": ""low"", ""textual_description"": ""The testsuite for boost/safe_numerics is being compiled and run."", ""command"": ""b2 --j 3 test"", ""directory"": "".../boost/libs/safe_numerics""}"
14471,1768022989,1768022989,1768023353,"{""inverter"": 1, ""source"": ""workstation2_log"", ""device"": ""workstation2"", ""task_type"": ""CNN fitting, GPU load"", ""model"": ""resnet18"", ""optim"": ""sgd"", ""dataset"": ""CIFAR10"", ""batch_size"": 128, ""epochs"": 2, ""model_params"": 11689512, ""llm_estimated_task_effort"": ""low"", ""textual_description"": ""The model resnet18 is fitted on CIFAR10 using sgd for 2 epochs with bs=128.""}"
14673,1768023090,1768023090,1768023175,"{""inverter"": 1, ""source"": ""workstation1_log"", ""device"": ""workstation1"", ""task_type"": ""compilation, CPU load"", ""cpu_cores_active"": ""1"", ""library"": ""boost/conversion"", ""task_files"": 8, ""llm_estimated_task_effort"": ""low"", ""textual_description"": ""The testsuite for boost/conversion is being compiled and run."", ""command"": ""b2 --j 1 test"", ""directory"": "".../boost/libs/conversion""}"
14674,1768023208,1768023208,1768023209,"{""inverter"": 1, ""source"": ""workstation2_log"", ""device"": ""workstation2"", ""task_type"": ""compilation, CPU load"", ""cpu_cores_active"": ""1"", ""library"": ""boost/property_tree"", ""task_files"": 23, ""llm_estimated_task_effort"": ""low"", ""textual_description"": ""The testsuite for boost/property_tree is being compiled and run."", ""command"": ""b2 --j 1 test"", ""directory"": "".../boost/libs/property_tree""}"
14675,1768023377,1768023377,1768023491,"{""inverter"": 1, ""source"": ""workstation1_log"", ""device"": ""workstation1"", ""task_type"": ""compilation, CPU load"", ""cpu_cores_active"": ""8"", ""library"": ""boost/statechart"", ""task_files"": 67, ""llm_estimated_task_effort"": ""high"", ""textual_description"": ""The testsuite for boost/statechart is being compiled and run."", ""command"": ""b2 --j 8 test"", ""directory"": "".../boost/libs/statechart""}"
14676,1768023834,1768023834,1768023917,"{""inverter"": 1, ""source"": ""workstation1_log"", ""device"": ""workstation1"", ""task_type"": ""compilation, CPU load"", ""cpu_cores_active"": ""5"", ""library"": ""boost/timer"", ""task_files"": 17, ""llm_estimated_task_effort"": ""low"", ""textual_description"": ""The testsuite for boost/timer is being compiled and run."", ""command"": ""b2 --j 5 test"", ""directory"": "".../boost/libs/timer""}"
14677,1768023869,1768023869,1768023870,"{""inverter"": 1, ""source"": ""workstation2_log"", ""device"": ""workstation2"", ""task_type"": ""compilation, CPU load"", ""cpu_cores_active"": ""6"", ""library"": ""boost/context"", ""task_files"": 7, ""llm_estimated_task_effort"": ""high"", ""textual_description"": ""The testsuite for boost/context is being compiled and run."", ""command"": ""b2 --j 6 test"", ""directory"": "".../boost/libs/context""}"
14678,1768023949,1768023949,1768023954,"{""inverter"": 1, ""source"": ""workstation2_log"", ""device"": ""workstation2"", ""task_type"": ""compilation, CPU load"", ""cpu_cores_active"": ""5"", ""library"": ""boost/callable_traits"", ""task_files"": 52, ""llm_estimated_task_effort"": ""low"", ""textual_description"": ""The testsuite for boost/callable_traits is being compiled and run."", ""command"": ""b2 --j 5 test"", ""directory"": "".../boost/libs/callable_traits""}"
14472,1768023973,1768023973,1768024367,"{""inverter"": 1, ""source"": ""workstation2_log"", ""device"": ""workstation2"", ""task_type"": ""CNN fitting, GPU load"", ""model"": ""resnet18"", ""optim"": ""adam"", ""dataset"": ""CIFAR10"", ""batch_size"": 128, ""epochs"": 2, ""model_params"": 11689512, ""llm_estimated_task_effort"": ""low"", ""textual_description"": ""The model resnet18 is fitted on CIFAR10 using adam for 2 epochs with bs=128.""}"
14679,1768024551,1768024551,1768024551,"{""inverter"": 1, ""source"": ""workstation2_log"", ""device"": ""workstation2"", ""task_type"": ""compilation, CPU load"", ""cpu_cores_active"": ""1"", ""library"": ""boost/iostreams"", ""task_files"": 407, ""llm_estimated_task_effort"": ""high"", ""textual_description"": ""The testsuite for boost/iostreams is being compiled and run."", ""command"": ""b2 --j 1 test"", ""directory"": "".../boost/libs/iostreams""}"
14680,1768024745,1768024745,1768024833,"{""inverter"": 1, ""source"": ""workstation1_log"", ""device"": ""workstation1"", ""task_type"": ""compilation, CPU load"", ""cpu_cores_active"": ""5"", ""library"": ""boost/scope"", ""task_files"": 27, ""llm_estimated_task_effort"": ""low"", ""textual_description"": ""The testsuite for boost/scope is being compiled and run."", ""command"": ""b2 --j 5 test"", ""directory"": "".../boost/libs/scope""}"
14681,1768024826,1768024826,1768024827,"{""inverter"": 1, ""source"": ""workstation2_log"", ""device"": ""workstation2"", ""task_type"": ""compilation, CPU load"", ""cpu_cores_active"": ""6"", ""library"": ""boost/date_time"", ""task_files"": 70, ""llm_estimated_task_effort"": ""low"", ""textual_description"": ""The testsuite for boost/date_time is being compiled and run."", ""command"": ""b2 --j 6 test"", ""directory"": "".../boost/libs/date_time""}"
14682,1768024917,1768024917,1768024918,"{""inverter"": 1, ""source"": ""workstation2_log"", ""device"": ""workstation2"", ""task_type"": ""compilation, CPU load"", ""cpu_cores_active"": ""1"", ""library"": ""boost/chrono"", ""task_files"": 67, ""llm_estimated_task_effort"": ""low"", ""textual_description"": ""The testsuite for boost/chrono is being compiled and run."", ""command"": ""b2 --j 1 test"", ""directory"": "".../boost/libs/chrono""}"
14473,1768024978,1768024978,1768025497,"{""inverter"": 1, ""source"": ""workstation2_log"", ""device"": ""workstation2"", ""task_type"": ""CNN fitting, GPU load"", ""model"": ""wide_resnet50_2"", ""optim"": ""adam"", ""dataset"": ""CIFAR10"", ""batch_size"": 128, ""epochs"": 2, ""model_params"": 68883240, ""llm_estimated_task_effort"": ""high"", ""textual_description"": ""The model wide_resnet50_2 is fitted on CIFAR10 using adam for 2 epochs with bs=128.""}"
14683,1768025247,1768025247,1768025334,"{""inverter"": 1, ""source"": ""workstation1_log"", ""device"": ""workstation1"", ""task_type"": ""compilation, CPU load"", ""cpu_cores_active"": ""9"", ""library"": ""boost/crc"", ""task_files"": 10, ""llm_estimated_task_effort"": ""low"", ""textual_description"": ""The testsuite for boost/crc is being compiled and run."", ""command"": ""b2 --j 9 test"", ""directory"": "".../boost/libs/crc""}"
14684,1768025613,1768025613,1768025888,"{""inverter"": 1, ""source"": ""workstation1_log"", ""device"": ""workstation1"", ""task_type"": ""compilation, CPU load"", ""cpu_cores_active"": ""1"", ""library"": ""boost/container"", ""task_files"": 98, ""llm_estimated_task_effort"": ""high"", ""textual_description"": ""The testsuite for boost/container is being compiled and run."", ""command"": ""b2 --j 1 test"", ""directory"": "".../boost/libs/container""}"
14685,1768026193,1768026193,1768026194,"{""inverter"": 1, ""source"": ""workstation2_log"", ""device"": ""workstation2"", ""task_type"": ""compilation, CPU load"", ""cpu_cores_active"": ""8"", ""library"": ""boost/pool"", ""task_files"": 22, ""llm_estimated_task_effort"": ""low"", ""textual_description"": ""The testsuite for boost/pool is being compiled and run."", ""command"": ""b2 --j 8 test"", ""directory"": "".../boost/libs/pool""}"
14686,1768026415,1768026415,1768026416,"{""inverter"": 1, ""source"": ""workstation2_log"", ""device"": ""workstation2"", ""task_type"": ""compilation, CPU load"", ""cpu_cores_active"": ""3"", ""library"": ""boost/align"", ""task_files"": 17, ""llm_estimated_task_effort"": ""low"", ""textual_description"": ""The testsuite for boost/align is being compiled and run."", ""command"": ""b2 --j 3 test"", ""directory"": "".../boost/libs/align""}"
14687,1768026897,1768026897,1768026975,"{""inverter"": 1, ""source"": ""workstation1_log"", ""device"": ""workstation1"", ""task_type"": ""compilation, CPU load"", ""cpu_cores_active"": ""10"", ""library"": ""boost/scope"", ""task_files"": 27, ""llm_estimated_task_effort"": ""low"", ""textual_description"": ""The testsuite for boost/scope is being compiled and run."", ""command"": ""b2 --j 10 test"", ""directory"": "".../boost/libs/scope""}"
14688,1768026923,1768026923,1768026923,"{""inverter"": 1, ""source"": ""workstation2_log"", ""device"": ""workstation2"", ""task_type"": ""compilation, CPU load"", ""cpu_cores_active"": ""7"", ""library"": ""boost/tuple"", ""task_files"": 13, ""llm_estimated_task_effort"": ""low"", ""textual_description"": ""The testsuite for boost/tuple is being compiled and run."", ""command"": ""b2 --j 7 test"", ""directory"": "".../boost/libs/tuple""}"
14689,1768027247,1768027247,1768027249,"{""inverter"": 1, ""source"": ""workstation2_log"", ""device"": ""workstation2"", ""task_type"": ""compilation, CPU load"", ""cpu_cores_active"": ""10"", ""library"": ""boost/coroutine2"", ""task_files"": 2, ""llm_estimated_task_effort"": ""high"", ""textual_description"": ""The testsuite for boost/coroutine2 is being compiled and run."", ""command"": ""b2 --j 10 test"", ""directory"": "".../boost/libs/coroutine2""}"
14690,1768027425,1768027425,1768027520,"{""inverter"": 1, ""source"": ""workstation1_log"", ""device"": ""workstation1"", ""task_type"": ""compilation, CPU load"", ""cpu_cores_active"": ""10"", ""library"": ""boost/atomic"", ""task_files"": 30, ""llm_estimated_task_effort"": ""low"", ""textual_description"": ""The testsuite for boost/atomic is being compiled and run."", ""command"": ""b2 --j 10 test"", ""directory"": "".../boost/libs/atomic""}"
14691,1768028246,1768028246,1768028246,"{""inverter"": 1, ""source"": ""workstation2_log"", ""device"": ""workstation2"", ""task_type"": ""compilation, CPU load"", ""cpu_cores_active"": ""8"", ""library"": ""boost/atomic"", ""task_files"": 30, ""llm_estimated_task_effort"": ""low"", ""textual_description"": ""The testsuite for boost/atomic is being compiled and run."", ""command"": ""b2 --j 8 test"", ""directory"": "".../boost/libs/atomic""}"
14474,1768028437,1768028437,1768029653,"{""inverter"": 1, ""source"": ""workstation2_log"", ""device"": ""workstation2"", ""task_type"": ""CNN fitting, GPU load"", ""model"": ""swin_v2_s"", ""optim"": ""sgd"", ""dataset"": ""CIFAR10"", ""batch_size"": 128, ""epochs"": 2, ""model_params"": 49737442, ""llm_estimated_task_effort"": ""high"", ""textual_description"": ""The model swin_v2_s is fitted on CIFAR10 using sgd for 2 epochs with bs=128.""}"
14692,1768028918,1768028918,1768029045,"{""inverter"": 1, ""source"": ""workstation1_log"", ""device"": ""workstation1"", ""task_type"": ""compilation, CPU load"", ""cpu_cores_active"": ""5"", ""library"": ""boost/statechart"", ""task_files"": 67, ""llm_estimated_task_effort"": ""high"", ""textual_description"": ""The testsuite for boost/statechart is being compiled and run."", ""command"": ""b2 --j 5 test"", ""directory"": "".../boost/libs/statechart""}"
14693,1768028987,1768028987,1768028988,"{""inverter"": 1, ""source"": ""workstation2_log"", ""device"": ""workstation2"", ""task_type"": ""compilation, CPU load"", ""cpu_cores_active"": ""10"", ""library"": ""boost/scope"", ""task_files"": 27, ""llm_estimated_task_effort"": ""low"", ""textual_description"": ""The testsuite for boost/scope is being compiled and run."", ""command"": ""b2 --j 10 test"", ""directory"": "".../boost/libs/scope""}"
14694,1768029168,1768029168,1768029169,"{""inverter"": 1, ""source"": ""workstation2_log"", ""device"": ""workstation2"", ""task_type"": ""compilation, CPU load"", ""cpu_cores_active"": ""9"", ""library"": ""boost/bind"", ""task_files"": 81, ""llm_estimated_task_effort"": ""low"", ""textual_description"": ""The testsuite for boost/bind is being compiled and run."", ""command"": ""b2 --j 9 test"", ""directory"": "".../boost/libs/bind""}"
14695,1768029331,1768029331,1768029483,"{""inverter"": 1, ""source"": ""workstation1_log"", ""device"": ""workstation1"", ""task_type"": ""compilation, CPU load"", ""cpu_cores_active"": ""5"", ""library"": ""boost/random"", ""task_files"": 141, ""llm_estimated_task_effort"": ""low"", ""textual_description"": ""The testsuite for boost/random is being compiled and run."", ""command"": ""b2 --j 5 test"", ""directory"": "".../boost/libs/random""}"
14696,1768029660,1768029660,1768029826,"{""inverter"": 1, ""source"": ""workstation1_log"", ""device"": ""workstation1"", ""task_type"": ""compilation, CPU load"", ""cpu_cores_active"": ""6"", ""library"": ""boost/json"", ""task_files"": 417, ""llm_estimated_task_effort"": ""high"", ""textual_description"": ""The testsuite for boost/json is being compiled and run."", ""command"": ""b2 --j 6 test"", ""directory"": "".../boost/libs/json""}"
14697,1768029677,1768029677,1768029678,"{""inverter"": 1, ""source"": ""workstation2_log"", ""device"": ""workstation2"", ""task_type"": ""compilation, CPU load"", ""cpu_cores_active"": ""5"", ""library"": ""boost/crc"", ""task_files"": 10, ""llm_estimated_task_effort"": ""low"", ""textual_description"": ""The testsuite for boost/crc is being compiled and run."", ""command"": ""b2 --j 5 test"", ""directory"": "".../boost/libs/crc""}"
14475,1768029922,1768029922,1768030269,"{""inverter"": 1, ""source"": ""workstation2_log"", ""device"": ""workstation2"", ""task_type"": ""CNN fitting, GPU load"", ""model"": ""vgg11"", ""optim"": ""sgd"", ""dataset"": ""CIFAR10"", ""batch_size"": 128, ""epochs"": 2, ""model_params"": 132863336, ""llm_estimated_task_effort"": ""low"", ""textual_description"": ""The model vgg11 is fitted on CIFAR10 using sgd for 2 epochs with bs=128.""}"
14698,1768030253,1768030253,1768030410,"{""inverter"": 1, ""source"": ""workstation1_log"", ""device"": ""workstation1"", ""task_type"": ""compilation, CPU load"", ""cpu_cores_active"": ""2"", ""library"": ""boost/leaf"", ""task_files"": 125, ""llm_estimated_task_effort"": ""low"", ""textual_description"": ""The testsuite for boost/leaf is being compiled and run."", ""command"": ""b2 --j 2 test"", ""directory"": "".../boost/libs/leaf""}"
14699,1768030502,1768030502,1768030503,"{""inverter"": 1, ""source"": ""workstation2_log"", ""device"": ""workstation2"", ""task_type"": ""compilation, CPU load"", ""cpu_cores_active"": ""6"", ""library"": ""boost/charconv"", ""task_files"": 44, ""llm_estimated_task_effort"": ""low"", ""textual_description"": ""The testsuite for boost/charconv is being compiled and run."", ""command"": ""b2 --j 6 test"", ""directory"": "".../boost/libs/charconv""}"
14700,1768030574,1768030574,1768030667,"{""inverter"": 1, ""source"": ""workstation1_log"", ""device"": ""workstation1"", ""task_type"": ""compilation, CPU load"", ""cpu_cores_active"": ""5"", ""library"": ""boost/pool"", ""task_files"": 22, ""llm_estimated_task_effort"": ""low"", ""textual_description"": ""The testsuite for boost/pool is being compiled and run."", ""command"": ""b2 --j 5 test"", ""directory"": "".../boost/libs/pool""}"
14701,1768030610,1768030610,1768030611,"{""inverter"": 1, ""source"": ""workstation2_log"", ""device"": ""workstation2"", ""task_type"": ""compilation, CPU load"", ""cpu_cores_active"": ""8"", ""library"": ""boost/property_map_parallel"", ""task_files"": 0, ""llm_estimated_task_effort"": ""low"", ""textual_description"": ""The testsuite for boost/property_map_parallel is being compiled and run."", ""command"": ""b2 --j 8 test"", ""directory"": "".../boost/libs/property_map_parallel""}"
14476,1768030694,1768030694,1768031039,"{""inverter"": 1, ""source"": ""workstation2_log"", ""device"": ""workstation2"", ""task_type"": ""CNN fitting, GPU load"", ""model"": ""vgg11"", ""optim"": ""sgd"", ""dataset"": ""CIFAR10"", ""batch_size"": 128, ""epochs"": 2, ""model_params"": 132863336, ""llm_estimated_task_effort"": ""low"", ""textual_description"": ""The model vgg11 is fitted on CIFAR10 using sgd for 2 epochs with bs=128.""}"
14702,1768030888,1768030888,1768030889,"{""inverter"": 1, ""source"": ""workstation2_log"", ""device"": ""workstation2"", ""task_type"": ""compilation, CPU load"", ""cpu_cores_active"": ""5"", ""library"": ""boost/range"", ""task_files"": 205, ""llm_estimated_task_effort"": ""low"", ""textual_description"": ""The testsuite for boost/range is being compiled and run."", ""command"": ""b2 --j 5 test"", ""directory"": "".../boost/libs/range""}"
14703,1768031098,1768031098,1768031099,"{""inverter"": 1, ""source"": ""workstation2_log"", ""device"": ""workstation2"", ""task_type"": ""compilation, CPU load"", ""cpu_cores_active"": ""4"", ""library"": ""boost/regex"", ""task_files"": 106, ""llm_estimated_task_effort"": ""high"", ""textual_description"": ""The testsuite for boost/regex is being compiled and run."", ""command"": ""b2 --j 4 test"", ""directory"": "".../boost/libs/regex""}"
14704,1768031293,1768031293,1768031427,"{""inverter"": 1, ""source"": ""workstation1_log"", ""device"": ""workstation1"", ""task_type"": ""compilation, CPU load"", ""cpu_cores_active"": ""2"", ""library"": ""boost/parameter"", ""task_files"": 68, ""llm_estimated_task_effort"": ""low"", ""textual_description"": ""The testsuite for boost/parameter is being compiled and run."", ""command"": ""b2 --j 2 test"", ""directory"": "".../boost/libs/parameter""}"
14705,1768031494,1768031494,1768031648,"{""inverter"": 1, ""source"": ""workstation1_log"", ""device"": ""workstation1"", ""task_type"": ""compilation, CPU load"", ""cpu_cores_active"": ""2"", ""library"": ""boost/signals2"", ""task_files"": 23, ""llm_estimated_task_effort"": ""low"", ""textual_description"": ""The testsuite for boost/signals2 is being compiled and run."", ""command"": ""b2 --j 2 test"", ""directory"": "".../boost/libs/signals2""}"
14477,1768031599,1768031599,1768032830,"{""inverter"": 1, ""source"": ""workstation2_log"", ""device"": ""workstation2"", ""task_type"": ""CNN fitting, GPU load"", ""model"": ""swin_v2_s"", ""optim"": ""sgd"", ""dataset"": ""CIFAR10"", ""batch_size"": 128, ""epochs"": 2, ""model_params"": 49737442, ""llm_estimated_task_effort"": ""high"", ""textual_description"": ""The model swin_v2_s is fitted on CIFAR10 using sgd for 2 epochs with bs=128.""}"
14706,1768032017,1768032017,1768032107,"{""inverter"": 1, ""source"": ""workstation1_log"", ""device"": ""workstation1"", ""task_type"": ""compilation, CPU load"", ""cpu_cores_active"": ""8"", ""library"": ""boost/property_tree"", ""task_files"": 23, ""llm_estimated_task_effort"": ""low"", ""textual_description"": ""The testsuite for boost/property_tree is being compiled and run."", ""command"": ""b2 --j 8 test"", ""directory"": "".../boost/libs/property_tree""}"
14707,1768032387,1768032387,1768032388,"{""inverter"": 1, ""source"": ""workstation2_log"", ""device"": ""workstation2"", ""task_type"": ""compilation, CPU load"", ""cpu_cores_active"": ""8"", ""library"": ""boost/assert"", ""task_files"": 25, ""llm_estimated_task_effort"": ""low"", ""textual_description"": ""The testsuite for boost/assert is being compiled and run."", ""command"": ""b2 --j 8 test"", ""directory"": "".../boost/libs/assert""}"
14708,1768032439,1768032439,1768032439,"{""inverter"": 1, ""source"": ""workstation2_log"", ""device"": ""workstation2"", ""task_type"": ""compilation, CPU load"", ""cpu_cores_active"": ""8"", ""library"": ""boost/json"", ""task_files"": 417, ""llm_estimated_task_effort"": ""high"", ""textual_description"": ""The testsuite for boost/json is being compiled and run."", ""command"": ""b2 --j 8 test"", ""directory"": "".../boost/libs/json""}"
14709,1768032543,1768032543,1768032544,"{""inverter"": 1, ""source"": ""workstation2_log"", ""device"": ""workstation2"", ""task_type"": ""compilation, CPU load"", ""cpu_cores_active"": ""10"", ""library"": ""boost/intrusive"", ""task_files"": 55, ""llm_estimated_task_effort"": ""low"", ""textual_description"": ""The testsuite for boost/intrusive is being compiled and run."", ""command"": ""b2 --j 10 test"", ""directory"": "".../boost/libs/intrusive""}"
14710,1768032544,1768032544,1768032703,"{""inverter"": 1, ""source"": ""workstation1_log"", ""device"": ""workstation1"", ""task_type"": ""compilation, CPU load"", ""cpu_cores_active"": ""2"", ""library"": ""boost/chrono"", ""task_files"": 67, ""llm_estimated_task_effort"": ""low"", ""textual_description"": ""The testsuite for boost/chrono is being compiled and run."", ""command"": ""b2 --j 2 test"", ""directory"": "".../boost/libs/chrono""}"
14711,1768032599,1768032599,1768032600,"{""inverter"": 1, ""source"": ""workstation2_log"", ""device"": ""workstation2"", ""task_type"": ""compilation, CPU load"", ""cpu_cores_active"": ""2"", ""library"": ""boost/property_map"", ""task_files"": 9, ""llm_estimated_task_effort"": ""low"", ""textual_description"": ""The testsuite for boost/property_map is being compiled and run."", ""command"": ""b2 --j 2 test"", ""directory"": "".../boost/libs/property_map""}"
14712,1768032714,1768032714,1768032803,"{""inverter"": 1, ""source"": ""workstation1_log"", ""device"": ""workstation1"", ""task_type"": ""compilation, CPU load"", ""cpu_cores_active"": ""10"", ""library"": ""boost/throw_exception"", ""task_files"": 36, ""llm_estimated_task_effort"": ""low"", ""textual_description"": ""The testsuite for boost/throw_exception is being compiled and run."", ""command"": ""b2 --j 10 test"", ""directory"": "".../boost/libs/throw_exception""}"
14713,1768032804,1768032804,1768032895,"{""inverter"": 1, ""source"": ""workstation1_log"", ""device"": ""workstation1"", ""task_type"": ""compilation, CPU load"", ""cpu_cores_active"": ""7"", ""library"": ""boost/units"", ""task_files"": 51, ""llm_estimated_task_effort"": ""low"", ""textual_description"": ""The testsuite for boost/units is being compiled and run."", ""command"": ""b2 --j 7 test"", ""directory"": "".../boost/libs/units""}"
14714,1768033234,1768033234,1768033235,"{""inverter"": 1, ""source"": ""workstation2_log"", ""device"": ""workstation2"", ""task_type"": ""compilation, CPU load"", ""cpu_cores_active"": ""8"", ""library"": ""boost/coroutine2"", ""task_files"": 2, ""llm_estimated_task_effort"": ""high"", ""textual_description"": ""The testsuite for boost/coroutine2 is being compiled and run."", ""command"": ""b2 --j 8 test"", ""directory"": "".../boost/libs/coroutine2""}"
14715,1768033388,1768033388,1768033483,"{""inverter"": 1, ""source"": ""workstation1_log"", ""device"": ""workstation1"", ""task_type"": ""compilation, CPU load"", ""cpu_cores_active"": ""5"", ""library"": ""boost/compat"", ""task_files"": 65, ""llm_estimated_task_effort"": ""low"", ""textual_description"": ""The testsuite for boost/compat is being compiled and run."", ""command"": ""b2 --j 5 test"", ""directory"": "".../boost/libs/compat""}"
14478,1768033486,1768033486,1768033840,"{""inverter"": 1, ""source"": ""workstation2_log"", ""device"": ""workstation2"", ""task_type"": ""CNN fitting, GPU load"", ""model"": ""vgg11"", ""optim"": ""adam"", ""dataset"": ""CIFAR10"", ""batch_size"": 128, ""epochs"": 2, ""model_params"": 132863336, ""llm_estimated_task_effort"": ""low"", ""textual_description"": ""The model vgg11 is fitted on CIFAR10 using adam for 2 epochs with bs=128.""}"
14716,1768033542,1768033542,1768033652,"{""inverter"": 1, ""source"": ""workstation1_log"", ""device"": ""workstation1"", ""task_type"": ""compilation, CPU load"", ""cpu_cores_active"": ""8"", ""library"": ""boost/statechart"", ""task_files"": 67, ""llm_estimated_task_effort"": ""high"", ""textual_description"": ""The testsuite for boost/statechart is being compiled and run."", ""command"": ""b2 --j 8 test"", ""directory"": "".../boost/libs/statechart""}"
14717,1768033851,1768033851,1768033929,"{""inverter"": 1, ""source"": ""workstation1_log"", ""device"": ""workstation1"", ""task_type"": ""compilation, CPU load"", ""cpu_cores_active"": ""3"", ""library"": ""boost/graph"", ""task_files"": 1290, ""llm_estimated_task_effort"": ""high"", ""textual_description"": ""The testsuite for boost/graph is being compiled and run."", ""command"": ""b2 --j 3 test"", ""directory"": "".../boost/libs/graph""}"
14718,1768034479,1768034479,1768034480,"{""inverter"": 1, ""source"": ""workstation2_log"", ""device"": ""workstation2"", ""task_type"": ""compilation, CPU load"", ""cpu_cores_active"": ""1"", ""library"": ""boost/vmd"", ""task_files"": 336, ""llm_estimated_task_effort"": ""low"", ""textual_description"": ""The testsuite for boost/vmd is being compiled and run."", ""command"": ""b2 --j 1 test"", ""directory"": "".../boost/libs/vmd""}"
14479,1768034564,1768034564,1768034921,"{""inverter"": 1, ""source"": ""workstation2_log"", ""device"": ""workstation2"", ""task_type"": ""CNN fitting, GPU load"", ""model"": ""vgg13"", ""optim"": ""adam"", ""dataset"": ""CIFAR10"", ""batch_size"": 128, ""epochs"": 2, ""model_params"": 133047848, ""llm_estimated_task_effort"": ""medium"", ""textual_description"": ""The model vgg13 is fitted on CIFAR10 using adam for 2 epochs with bs=128.""}"
14719,1768034586,1768034586,1768034587,"{""inverter"": 1, ""source"": ""workstation2_log"", ""device"": ""workstation2"", ""task_type"": ""compilation, CPU load"", ""cpu_cores_active"": ""8"", ""library"": ""boost/static_string"", ""task_files"": 5, ""llm_estimated_task_effort"": ""low"", ""textual_description"": ""The testsuite for boost/static_string is being compiled and run."", ""command"": ""b2 --j 8 test"", ""directory"": "".../boost/libs/static_string""}"
14720,1768034663,1768034663,1768034745,"{""inverter"": 1, ""source"": ""workstation1_log"", ""device"": ""workstation1"", ""task_type"": ""compilation, CPU load"", ""cpu_cores_active"": ""9"", ""library"": ""boost/context"", ""task_files"": 7, ""llm_estimated_task_effort"": ""high"", ""textual_description"": ""The testsuite for boost/context is being compiled and run."", ""command"": ""b2 --j 9 test"", ""directory"": "".../boost/libs/context""}"
14721,1768035574,1768035574,1768035575,"{""inverter"": 1, ""source"": ""workstation2_log"", ""device"": ""workstation2"", ""task_type"": ""compilation, CPU load"", ""cpu_cores_active"": ""2"", ""library"": ""boost/pool"", ""task_files"": 22, ""llm_estimated_task_effort"": ""low"", ""textual_description"": ""The testsuite for boost/pool is being compiled and run."", ""command"": ""b2 --j 2 test"", ""directory"": "".../boost/libs/pool""}"
14722,1768035610,1768035610,1768035726,"{""inverter"": 1, ""source"": ""workstation1_log"", ""device"": ""workstation1"", ""task_type"": ""compilation, CPU load"", ""cpu_cores_active"": ""7"", ""library"": ""boost/url"", ""task_files"": 105, ""llm_estimated_task_effort"": ""low"", ""textual_description"": ""The testsuite for boost/url is being compiled and run."", ""command"": ""b2 --j 7 test"", ""directory"": "".../boost/libs/url""}"
14480,1768035627,1768035627,1768036845,"{""inverter"": 1, ""source"": ""workstation2_log"", ""device"": ""workstation2"", ""task_type"": ""CNN fitting, GPU load"", ""model"": ""swin_v2_s"", ""optim"": ""sgd"", ""dataset"": ""CIFAR10"", ""batch_size"": 128, ""epochs"": 2, ""model_params"": 49737442, ""llm_estimated_task_effort"": ""high"", ""textual_description"": ""The model swin_v2_s is fitted on CIFAR10 using sgd for 2 epochs with bs=128.""}"
14723,1768035765,1768035765,1768035766,"{""inverter"": 1, ""source"": ""workstation2_log"", ""device"": ""workstation2"", ""task_type"": ""compilation, CPU load"", ""cpu_cores_active"": ""7"", ""library"": ""boost/timer"", ""task_files"": 17, ""llm_estimated_task_effort"": ""low"", ""textual_description"": ""The testsuite for boost/timer is being compiled and run."", ""command"": ""b2 --j 7 test"", ""directory"": "".../boost/libs/timer""}"
14724,1768035845,1768035845,1768035993,"{""inverter"": 1, ""source"": ""workstation1_log"", ""device"": ""workstation1"", ""task_type"": ""compilation, CPU load"", ""cpu_cores_active"": ""2"", ""library"": ""boost/type_erasure"", ""task_files"": 61, ""llm_estimated_task_effort"": ""low"", ""textual_description"": ""The testsuite for boost/type_erasure is being compiled and run."", ""command"": ""b2 --j 2 test"", ""directory"": "".../boost/libs/type_erasure""}"
14725,1768035987,1768035987,1768035988,"{""inverter"": 1, ""source"": ""workstation2_log"", ""device"": ""workstation2"", ""task_type"": ""compilation, CPU load"", ""cpu_cores_active"": ""9"", ""library"": ""boost/intrusive"", ""task_files"": 55, ""llm_estimated_task_effort"": ""low"", ""textual_description"": ""The testsuite for boost/intrusive is being compiled and run."", ""command"": ""b2 --j 9 test"", ""directory"": "".../boost/libs/intrusive""}"
14726,1768036590,1768036590,1768036735,"{""inverter"": 1, ""source"": ""workstation1_log"", ""device"": ""workstation1"", ""task_type"": ""compilation, CPU load"", ""cpu_cores_active"": ""4"", ""library"": ""boost/mp11"", ""task_files"": 241, ""llm_estimated_task_effort"": ""low"", ""textual_description"": ""The testsuite for boost/mp11 is being compiled and run."", ""command"": ""b2 --j 4 test"", ""directory"": "".../boost/libs/mp11""}"
14727,1768037106,1768037106,1768037297,"{""inverter"": 1, ""source"": ""workstation1_log"", ""device"": ""workstation1"", ""task_type"": ""compilation, CPU load"", ""cpu_cores_active"": ""4"", ""library"": ""boost/phoenix"", ""task_files"": 266, ""llm_estimated_task_effort"": ""low"", ""textual_description"": ""The testsuite for boost/phoenix is being compiled and run."", ""command"": ""b2 --j 4 test"", ""directory"": "".../boost/libs/phoenix""}"
14728,1768037173,1768037173,1768037173,"{""inverter"": 1, ""source"": ""workstation2_log"", ""device"": ""workstation2"", ""task_type"": ""compilation, CPU load"", ""cpu_cores_active"": ""2"", ""library"": ""boost/foreach"", ""task_files"": 27, ""llm_estimated_task_effort"": ""low"", ""textual_description"": ""The testsuite for boost/foreach is being compiled and run."", ""command"": ""b2 --j 2 test"", ""directory"": "".../boost/libs/foreach""}"
14481,1768037529,1768037529,1768038046,"{""inverter"": 1, ""source"": ""workstation2_log"", ""device"": ""workstation2"", ""task_type"": ""CNN fitting, GPU load"", ""model"": ""wide_resnet50_2"", ""optim"": ""adam"", ""dataset"": ""CIFAR10"", ""batch_size"": 128, ""epochs"": 2, ""model_params"": 68883240, ""llm_estimated_task_effort"": ""high"", ""textual_description"": ""The model wide_resnet50_2 is fitted on CIFAR10 using adam for 2 epochs with bs=128.""}"
14729,1768037634,1768037634,1768037713,"{""inverter"": 1, ""source"": ""workstation1_log"", ""device"": ""workstation1"", ""task_type"": ""compilation, CPU load"", ""cpu_cores_active"": ""5"", ""library"": ""boost/predef"", ""task_files"": 19, ""llm_estimated_task_effort"": ""low"", ""textual_description"": ""The testsuite for boost/predef is being compiled and run."", ""command"": ""b2 --j 5 test"", ""directory"": "".../boost/libs/predef""}"
14730,1768038074,1768038074,1768038159,"{""inverter"": 1, ""source"": ""workstation1_log"", ""device"": ""workstation1"", ""task_type"": ""compilation, CPU load"", ""cpu_cores_active"": ""6"", ""library"": ""boost/describe"", ""task_files"": 53, ""llm_estimated_task_effort"": ""low"", ""textual_description"": ""The testsuite for boost/describe is being compiled and run."", ""command"": ""b2 --j 6 test"", ""directory"": "".../boost/libs/describe""}"
14731,1768038154,1768038154,1768038155,"{""inverter"": 1, ""source"": ""workstation2_log"", ""device"": ""workstation2"", ""task_type"": ""compilation, CPU load"", ""cpu_cores_active"": ""3"", ""library"": ""boost/ratio"", ""task_files"": 34, ""llm_estimated_task_effort"": ""low"", ""textual_description"": ""The testsuite for boost/ratio is being compiled and run."", ""command"": ""b2 --j 3 test"", ""directory"": "".../boost/libs/ratio""}"
14732,1768038266,1768038266,1768038266,"{""inverter"": 1, ""source"": ""workstation2_log"", ""device"": ""workstation2"", ""task_type"": ""compilation, CPU load"", ""cpu_cores_active"": ""7"", ""library"": ""boost/io"", ""task_files"": 9, ""llm_estimated_task_effort"": ""low"", ""textual_description"": ""The testsuite for boost/io is being compiled and run."", ""command"": ""b2 --j 7 test"", ""directory"": "".../boost/libs/io""}"
14733,1768038437,1768038437,1768038520,"{""inverter"": 1, ""source"": ""workstation1_log"", ""device"": ""workstation1"", ""task_type"": ""compilation, CPU load"", ""cpu_cores_active"": ""5"", ""library"": ""boost/lambda"", ""task_files"": 27, ""llm_estimated_task_effort"": ""low"", ""textual_description"": ""The testsuite for boost/lambda is being compiled and run."", ""command"": ""b2 --j 5 test"", ""directory"": "".../boost/libs/lambda""}"
14734,1768039093,1768039093,1768039193,"{""inverter"": 1, ""source"": ""workstation1_log"", ""device"": ""workstation1"", ""task_type"": ""compilation, CPU load"", ""cpu_cores_active"": ""5"", ""library"": ""boost/variant"", ""task_files"": 37, ""llm_estimated_task_effort"": ""low"", ""textual_description"": ""The testsuite for boost/variant is being compiled and run."", ""command"": ""b2 --j 5 test"", ""directory"": "".../boost/libs/variant""}"
14482,1768039181,1768039181,1768039532,"{""inverter"": 1, ""source"": ""workstation2_log"", ""device"": ""workstation2"", ""task_type"": ""CNN fitting, GPU load"", ""model"": ""vgg19"", ""optim"": ""sgd"", ""dataset"": ""CIFAR10"", ""batch_size"": 128, ""epochs"": 2, ""model_params"": 143667240, ""llm_estimated_task_effort"": ""medium"", ""textual_description"": ""The model vgg19 is fitted on CIFAR10 using sgd for 2 epochs with bs=128.""}"
14735,1768039439,1768039439,1768039538,"{""inverter"": 1, ""source"": ""workstation1_log"", ""device"": ""workstation1"", ""task_type"": ""compilation, CPU load"", ""cpu_cores_active"": ""8"", ""library"": ""boost/type_traits"", ""task_files"": 229, ""llm_estimated_task_effort"": ""low"", ""textual_description"": ""The testsuite for boost/type_traits is being compiled and run."", ""command"": ""b2 --j 8 test"", ""directory"": "".../boost/libs/type_traits""}"
14736,1768039677,1768039677,1768039829,"{""inverter"": 1, ""source"": ""workstation1_log"", ""device"": ""workstation1"", ""task_type"": ""compilation, CPU load"", ""cpu_cores_active"": ""9"", ""library"": ""boost/asio"", ""task_files"": 386, ""llm_estimated_task_effort"": ""high"", ""textual_description"": ""The testsuite for boost/asio is being compiled and run."", ""command"": ""b2 --j 9 test"", ""directory"": "".../boost/libs/asio""}"
14483,1768039867,1768039867,1768040649,"{""inverter"": 1, ""source"": ""workstation2_log"", ""device"": ""workstation2"", ""task_type"": ""CNN fitting, GPU load"", ""model"": ""densenet121"", ""optim"": ""sgd"", ""dataset"": ""CIFAR10"", ""batch_size"": 128, ""epochs"": 2, ""model_params"": 7978856, ""llm_estimated_task_effort"": ""medium"", ""textual_description"": ""The model densenet121 is fitted on CIFAR10 using sgd for 2 epochs with bs=128.""}"
14737,1768039984,1768039984,1768039984,"{""inverter"": 1, ""source"": ""workstation2_log"", ""device"": ""workstation2"", ""task_type"": ""compilation, CPU load"", ""cpu_cores_active"": ""9"", ""library"": ""boost/conversion"", ""task_files"": 8, ""llm_estimated_task_effort"": ""low"", ""textual_description"": ""The testsuite for boost/conversion is being compiled and run."", ""command"": ""b2 --j 9 test"", ""directory"": "".../boost/libs/conversion""}"
14738,1768040005,1768040005,1768040006,"{""inverter"": 1, ""source"": ""workstation2_log"", ""device"": ""workstation2"", ""task_type"": ""compilation, CPU load"", ""cpu_cores_active"": ""4"", ""library"": ""boost/preprocessor"", ""task_files"": 73, ""llm_estimated_task_effort"": ""medium"", ""textual_description"": ""The testsuite for boost/preprocessor is being compiled and run."", ""command"": ""b2 --j 4 test"", ""directory"": "".../boost/libs/preprocessor""}"
14739,1768040149,1768040149,1768040150,"{""inverter"": 1, ""source"": ""workstation2_log"", ""device"": ""workstation2"", ""task_type"": ""compilation, CPU load"", ""cpu_cores_active"": ""5"", ""library"": ""boost/lambda"", ""task_files"": 27, ""llm_estimated_task_effort"": ""low"", ""textual_description"": ""The testsuite for boost/lambda is being compiled and run."", ""command"": ""b2 --j 5 test"", ""directory"": "".../boost/libs/lambda""}"
14740,1768040449,1768040449,1768040450,"{""inverter"": 1, ""source"": ""workstation2_log"", ""device"": ""workstation2"", ""task_type"": ""compilation, CPU load"", ""cpu_cores_active"": ""1"", ""library"": ""boost/iostreams"", ""task_files"": 407, ""llm_estimated_task_effort"": ""high"", ""textual_description"": ""The testsuite for boost/iostreams is being compiled and run."", ""command"": ""b2 --j 1 test"", ""directory"": "".../boost/libs/iostreams""}"
14741,1768040530,1768040530,1768040531,"{""inverter"": 1, ""source"": ""workstation2_log"", ""device"": ""workstation2"", ""task_type"": ""compilation, CPU load"", ""cpu_cores_active"": ""1"", ""library"": ""boost/asio"", ""task_files"": 386, ""llm_estimated_task_effort"": ""high"", ""textual_description"": ""The testsuite for boost/asio is being compiled and run."", ""command"": ""b2 --j 1 test"", ""directory"": "".../boost/libs/asio""}"
14742,1768040758,1768040758,1768040980,"{""inverter"": 1, ""source"": ""workstation1_log"", ""device"": ""workstation1"", ""task_type"": ""compilation, CPU load"", ""cpu_cores_active"": ""5"", ""library"": ""boost/serialization"", ""task_files"": 150, ""llm_estimated_task_effort"": ""high"", ""textual_description"": ""The testsuite for boost/serialization is being compiled and run."", ""command"": ""b2 --j 5 test"", ""directory"": "".../boost/libs/serialization""}"
14484,1768040820,1768040820,1768041230,"{""inverter"": 1, ""source"": ""workstation2_log"", ""device"": ""workstation2"", ""task_type"": ""CNN fitting, GPU load"", ""model"": ""vgg11"", ""optim"": ""adam"", ""dataset"": ""CIFAR10"", ""batch_size"": 128, ""epochs"": 2, ""model_params"": 132863336, ""llm_estimated_task_effort"": ""low"", ""textual_description"": ""The model vgg11 is fitted on CIFAR10 using adam for 2 epochs with bs=128.""}"
14743,1768040829,1768040829,1768040830,"{""inverter"": 1, ""source"": ""workstation2_log"", ""device"": ""workstation2"", ""task_type"": ""compilation, CPU load"", ""cpu_cores_active"": ""9"", ""library"": ""boost/multi_index"", ""task_files"": 92, ""llm_estimated_task_effort"": ""low"", ""textual_description"": ""The testsuite for boost/multi_index is being compiled and run."", ""command"": ""b2 --j 9 test"", ""directory"": "".../boost/libs/multi_index""}"
14744,1768041084,1768041084,1768041084,"{""inverter"": 1, ""source"": ""workstation2_log"", ""device"": ""workstation2"", ""task_type"": ""compilation, CPU load"", ""cpu_cores_active"": ""7"", ""library"": ""boost/random"", ""task_files"": 141, ""llm_estimated_task_effort"": ""low"", ""textual_description"": ""The testsuite for boost/random is being compiled and run."", ""command"": ""b2 --j 7 test"", ""directory"": "".../boost/libs/random""}"
14745,1768041195,1768041195,1768041223,"{""inverter"": 1, ""source"": ""workstation2_log"", ""device"": ""workstation2"", ""task_type"": ""compilation, CPU load"", ""cpu_cores_active"": ""6"", ""library"": ""boost/poly_collection"", ""task_files"": 46, ""llm_estimated_task_effort"": ""low"", ""textual_description"": ""The testsuite for boost/poly_collection is being compiled and run."", ""command"": ""b2 --j 6 test"", ""directory"": "".../boost/libs/poly_collection""}"
14485,1768041622,1768041622,1768041971,"{""inverter"": 1, ""source"": ""workstation2_log"", ""device"": ""workstation2"", ""task_type"": ""CNN fitting, GPU load"", ""model"": ""vgg19"", ""optim"": ""sgd"", ""dataset"": ""CIFAR10"", ""batch_size"": 128, ""epochs"": 2, ""model_params"": 143667240, ""llm_estimated_task_effort"": ""medium"", ""textual_description"": ""The model vgg19 is fitted on CIFAR10 using sgd for 2 epochs with bs=128.""}"
14746,1768041964,1768041964,1768041965,"{""inverter"": 1, ""source"": ""workstation2_log"", ""device"": ""workstation2"", ""task_type"": ""compilation, CPU load"", ""cpu_cores_active"": ""5"", ""library"": ""boost/test"", ""task_files"": 112, ""llm_estimated_task_effort"": ""low"", ""textual_description"": ""The testsuite for boost/test is being compiled and run."", ""command"": ""b2 --j 5 test"", ""directory"": "".../boost/libs/test""}"
14747,1768042002,1768042002,1768042003,"{""inverter"": 1, ""source"": ""workstation2_log"", ""device"": ""workstation2"", ""task_type"": ""compilation, CPU load"", ""cpu_cores_active"": ""9"", ""library"": ""boost/graph_parallel"", ""task_files"": 30, ""llm_estimated_task_effort"": ""high"", ""textual_description"": ""The testsuite for boost/graph_parallel is being compiled and run."", ""command"": ""b2 --j 9 test"", ""directory"": "".../boost/libs/graph_parallel""}"
14748,1768042139,1768042139,1768042140,"{""inverter"": 1, ""source"": ""workstation2_log"", ""device"": ""workstation2"", ""task_type"": ""compilation, CPU load"", ""cpu_cores_active"": ""4"", ""library"": ""boost/geometry"", ""task_files"": 665, ""llm_estimated_task_effort"": ""high"", ""textual_description"": ""The testsuite for boost/geometry is being compiled and run."", ""command"": ""b2 --j 4 test"", ""directory"": "".../boost/libs/geometry""}"
14749,1768042178,1768042178,1768042297,"{""inverter"": 1, ""source"": ""workstation1_log"", ""device"": ""workstation1"", ""task_type"": ""compilation, CPU load"", ""cpu_cores_active"": ""7"", ""library"": ""boost/icl"", ""task_files"": 288, ""llm_estimated_task_effort"": ""low"", ""textual_description"": ""The testsuite for boost/icl is being compiled and run."", ""command"": ""b2 --j 7 test"", ""directory"": "".../boost/libs/icl""}"
14750,1768042204,1768042204,1768042204,"{""inverter"": 1, ""source"": ""workstation2_log"", ""device"": ""workstation2"", ""task_type"": ""compilation, CPU load"", ""cpu_cores_active"": ""5"", ""library"": ""boost/charconv"", ""task_files"": 44, ""llm_estimated_task_effort"": ""low"", ""textual_description"": ""The testsuite for boost/charconv is being compiled and run."", ""command"": ""b2 --j 5 test"", ""directory"": "".../boost/libs/charconv""}"
14751,1768042251,1768042251,1768042252,"{""inverter"": 1, ""source"": ""workstation2_log"", ""device"": ""workstation2"", ""task_type"": ""compilation, CPU load"", ""cpu_cores_active"": ""5"", ""library"": ""boost/unordered"", ""task_files"": 192, ""llm_estimated_task_effort"": ""low"", ""textual_description"": ""The testsuite for boost/unordered is being compiled and run."", ""command"": ""b2 --j 5 test"", ""directory"": "".../boost/libs/unordered""}"
14486,1768042491,1768042491,1768043369,"{""inverter"": 1, ""source"": ""workstation2_log"", ""device"": ""workstation2"", ""task_type"": ""CNN fitting, GPU load"", ""model"": ""densenet121"", ""optim"": ""adam"", ""dataset"": ""CIFAR10"", ""batch_size"": 128, ""epochs"": 2, ""model_params"": 7978856, ""llm_estimated_task_effort"": ""medium"", ""textual_description"": ""The model densenet121 is fitted on CIFAR10 using adam for 2 epochs with bs=128.""}"
14752,1768042569,1768042569,1768042569,"{""inverter"": 1, ""source"": ""workstation2_log"", ""device"": ""workstation2"", ""task_type"": ""compilation, CPU load"", ""cpu_cores_active"": ""4"", ""library"": ""boost/bind"", ""task_files"": 81, ""llm_estimated_task_effort"": ""low"", ""textual_description"": ""The testsuite for boost/bind is being compiled and run."", ""command"": ""b2 --j 4 test"", ""directory"": "".../boost/libs/bind""}"
14753,1768042989,1768042989,1768042990,"{""inverter"": 1, ""source"": ""workstation2_log"", ""device"": ""workstation2"", ""task_type"": ""compilation, CPU load"", ""cpu_cores_active"": ""3"", ""library"": ""boost/algorithm"", ""task_files"": 60, ""llm_estimated_task_effort"": ""low"", ""textual_description"": ""The testsuite for boost/algorithm is being compiled and run."", ""command"": ""b2 --j 3 test"", ""directory"": "".../boost/libs/algorithm""}"
14754,1768043349,1768043349,1768043453,"{""inverter"": 1, ""source"": ""workstation1_log"", ""device"": ""workstation1"", ""task_type"": ""compilation, CPU load"", ""cpu_cores_active"": ""10"", ""library"": ""boost/msm"", ""task_files"": 57, ""llm_estimated_task_effort"": ""high"", ""textual_description"": ""The testsuite for boost/msm is being compiled and run."", ""command"": ""b2 --j 10 test"", ""directory"": "".../boost/libs/msm""}"
14487,1768043503,1768043503,1768043969,"{""inverter"": 1, ""source"": ""workstation2_log"", ""device"": ""workstation2"", ""task_type"": ""CNN fitting, GPU load"", ""model"": ""wide_resnet50_2"", ""optim"": ""sgd"", ""dataset"": ""CIFAR10"", ""batch_size"": 128, ""epochs"": 2, ""model_params"": 68883240, ""llm_estimated_task_effort"": ""high"", ""textual_description"": ""The model wide_resnet50_2 is fitted on CIFAR10 using sgd for 2 epochs with bs=128.""}"
14755,1768043735,1768043735,1768044111,"{""inverter"": 1, ""source"": ""workstation1_log"", ""device"": ""workstation1"", ""task_type"": ""compilation, CPU load"", ""cpu_cores_active"": ""1"", ""library"": ""boost/vmd"", ""task_files"": 336, ""llm_estimated_task_effort"": ""low"", ""textual_description"": ""The testsuite for boost/vmd is being compiled and run."", ""command"": ""b2 --j 1 test"", ""directory"": "".../boost/libs/vmd""}"
14488,1768044178,1768044178,1768044700,"{""inverter"": 1, ""source"": ""workstation2_log"", ""device"": ""workstation2"", ""task_type"": ""CNN fitting, GPU load"", ""model"": ""wide_resnet50_2"", ""optim"": ""adam"", ""dataset"": ""CIFAR10"", ""batch_size"": 128, ""epochs"": 2, ""model_params"": 68883240, ""llm_estimated_task_effort"": ""high"", ""textual_description"": ""The model wide_resnet50_2 is fitted on CIFAR10 using adam for 2 epochs with bs=128.""}"
14756,1768044228,1768044228,1768044229,"{""inverter"": 1, ""source"": ""workstation2_log"", ""device"": ""workstation2"", ""task_type"": ""compilation, CPU load"", ""cpu_cores_active"": ""1"", ""library"": ""boost/heap"", ""task_files"": 17, ""llm_estimated_task_effort"": ""low"", ""textual_description"": ""The testsuite for boost/heap is being compiled and run."", ""command"": ""b2 --j 1 test"", ""directory"": "".../boost/libs/heap""}"
14757,1768044565,1768044565,1768044667,"{""inverter"": 1, ""source"": ""workstation1_log"", ""device"": ""workstation1"", ""task_type"": ""compilation, CPU load"", ""cpu_cores_active"": ""10"", ""library"": ""boost/safe_numerics"", ""task_files"": 152, ""llm_estimated_task_effort"": ""low"", ""textual_description"": ""The testsuite for boost/safe_numerics is being compiled and run."", ""command"": ""b2 --j 10 test"", ""directory"": "".../boost/libs/safe_numerics""}"
14758,1768044596,1768044596,1768044597,"{""inverter"": 1, ""source"": ""workstation2_log"", ""device"": ""workstation2"", ""task_type"": ""compilation, CPU load"", ""cpu_cores_active"": ""9"", ""library"": ""boost/conversion"", ""task_files"": 8, ""llm_estimated_task_effort"": ""low"", ""textual_description"": ""The testsuite for boost/conversion is being compiled and run."", ""command"": ""b2 --j 9 test"", ""directory"": "".../boost/libs/conversion""}"
14489,1768044772,1768044772,1768045128,"{""inverter"": 1, ""source"": ""workstation2_log"", ""device"": ""workstation2"", ""task_type"": ""CNN fitting, GPU load"", ""model"": ""vgg11"", ""optim"": ""adam"", ""dataset"": ""CIFAR10"", ""batch_size"": 128, ""epochs"": 2, ""model_params"": 132863336, ""llm_estimated_task_effort"": ""low"", ""textual_description"": ""The model vgg11 is fitted on CIFAR10 using adam for 2 epochs with bs=128.""}"
14759,1768045510,1768045510,1768045599,"{""inverter"": 1, ""source"": ""workstation1_log"", ""device"": ""workstation1"", ""task_type"": ""compilation, CPU load"", ""cpu_cores_active"": ""7"", ""library"": ""boost/lambda"", ""task_files"": 27, ""llm_estimated_task_effort"": ""low"", ""textual_description"": ""The testsuite for boost/lambda is being compiled and run."", ""command"": ""b2 --j 7 test"", ""directory"": "".../boost/libs/lambda""}"
14490,1768046003,1768046003,1768046878,"{""inverter"": 1, ""source"": ""workstation2_log"", ""device"": ""workstation2"", ""task_type"": ""CNN fitting, GPU load"", ""model"": ""densenet121"", ""optim"": ""adam"", ""dataset"": ""CIFAR10"", ""batch_size"": 128, ""epochs"": 2, ""model_params"": 7978856, ""llm_estimated_task_effort"": ""medium"", ""textual_description"": ""The model densenet121 is fitted on CIFAR10 using adam for 2 epochs with bs=128.""}"
14760,1768046354,1768046354,1768046450,"{""inverter"": 1, ""source"": ""workstation1_log"", ""device"": ""workstation1"", ""task_type"": ""compilation, CPU load"", ""cpu_cores_active"": ""5"", ""library"": ""boost/metaparse"", ""task_files"": 113, ""llm_estimated_task_effort"": ""medium"", ""textual_description"": ""The testsuite for boost/metaparse is being compiled and run."", ""command"": ""b2 --j 5 test"", ""directory"": "".../boost/libs/metaparse""}"
14761,1768047160,1768047160,1768047161,"{""inverter"": 1, ""source"": ""workstation2_log"", ""device"": ""workstation2"", ""task_type"": ""compilation, CPU load"", ""cpu_cores_active"": ""8"", ""library"": ""boost/function"", ""task_files"": 43, ""llm_estimated_task_effort"": ""low"", ""textual_description"": ""The testsuite for boost/function is being compiled and run."", ""command"": ""b2 --j 8 test"", ""directory"": "".../boost/libs/function""}"
14762,1768047258,1768047258,1768047260,"{""inverter"": 1, ""source"": ""workstation2_log"", ""device"": ""workstation2"", ""task_type"": ""compilation, CPU load"", ""cpu_cores_active"": ""3"", ""library"": ""boost/function"", ""task_files"": 43, ""llm_estimated_task_effort"": ""low"", ""textual_description"": ""The testsuite for boost/function is being compiled and run."", ""command"": ""b2 --j 3 test"", ""directory"": "".../boost/libs/function""}"
14763,1768047864,1768047864,1768047866,"{""inverter"": 1, ""source"": ""workstation2_log"", ""device"": ""workstation2"", ""task_type"": ""compilation, CPU load"", ""cpu_cores_active"": ""1"", ""library"": ""boost/numeric"", ""task_files"": 0, ""llm_estimated_task_effort"": ""low"", ""textual_description"": ""The testsuite for boost/numeric is being compiled and run."", ""command"": ""b2 --j 1 test"", ""directory"": "".../boost/libs/numeric""}"
14764,1768048550,1768048550,1768048654,"{""inverter"": 1, ""source"": ""workstation1_log"", ""device"": ""workstation1"", ""task_type"": ""compilation, CPU load"", ""cpu_cores_active"": ""3"", ""library"": ""boost/pool"", ""task_files"": 22, ""llm_estimated_task_effort"": ""low"", ""textual_description"": ""The testsuite for boost/pool is being compiled and run."", ""command"": ""b2 --j 3 test"", ""directory"": "".../boost/libs/pool""}"
14765,1768048657,1768048657,1768048737,"{""inverter"": 1, ""source"": ""workstation1_log"", ""device"": ""workstation1"", ""task_type"": ""compilation, CPU load"", ""cpu_cores_active"": ""6"", ""library"": ""boost/functional"", ""task_files"": 2, ""llm_estimated_task_effort"": ""low"", ""textual_description"": ""The testsuite for boost/functional is being compiled and run."", ""command"": ""b2 --j 6 test"", ""directory"": "".../boost/libs/functional""}"
14766,1768048769,1768048769,1768048769,"{""inverter"": 1, ""source"": ""workstation2_log"", ""device"": ""workstation2"", ""task_type"": ""compilation, CPU load"", ""cpu_cores_active"": ""2"", ""library"": ""boost/lambda2"", ""task_files"": 16, ""llm_estimated_task_effort"": ""low"", ""textual_description"": ""The testsuite for boost/lambda2 is being compiled and run."", ""command"": ""b2 --j 2 test"", ""directory"": "".../boost/libs/lambda2""}"
14767,1768049077,1768049077,1768049154,"{""inverter"": 1, ""source"": ""workstation1_log"", ""device"": ""workstation1"", ""task_type"": ""compilation, CPU load"", ""cpu_cores_active"": ""4"", ""library"": ""boost/tuple"", ""task_files"": 13, ""llm_estimated_task_effort"": ""low"", ""textual_description"": ""The testsuite for boost/tuple is being compiled and run."", ""command"": ""b2 --j 4 test"", ""directory"": "".../boost/libs/tuple""}"
14491,1768049225,1768049225,1768049592,"{""inverter"": 1, ""source"": ""workstation2_log"", ""device"": ""workstation2"", ""task_type"": ""CNN fitting, GPU load"", ""model"": ""vgg19"", ""optim"": ""adam"", ""dataset"": ""CIFAR10"", ""batch_size"": 128, ""epochs"": 2, ""model_params"": 143667240, ""llm_estimated_task_effort"": ""medium"", ""textual_description"": ""The model vgg19 is fitted on CIFAR10 using adam for 2 epochs with bs=128.""}"
14768,1768049746,1768049746,1768049746,"{""inverter"": 1, ""source"": ""workstation2_log"", ""device"": ""workstation2"", ""task_type"": ""compilation, CPU load"", ""cpu_cores_active"": ""2"", ""library"": ""boost/geometry"", ""task_files"": 665, ""llm_estimated_task_effort"": ""high"", ""textual_description"": ""The testsuite for boost/geometry is being compiled and run."", ""command"": ""b2 --j 2 test"", ""directory"": "".../boost/libs/geometry""}"
14492,1768049862,1768049862,1768050209,"{""inverter"": 1, ""source"": ""workstation2_log"", ""device"": ""workstation2"", ""task_type"": ""CNN fitting, GPU load"", ""model"": ""vgg19"", ""optim"": ""sgd"", ""dataset"": ""CIFAR10"", ""batch_size"": 128, ""epochs"": 2, ""model_params"": 143667240, ""llm_estimated_task_effort"": ""medium"", ""textual_description"": ""The model vgg19 is fitted on CIFAR10 using sgd for 2 epochs with bs=128.""}"
14769,1768050488,1768050488,1768050599,"{""inverter"": 1, ""source"": ""workstation1_log"", ""device"": ""workstation1"", ""task_type"": ""compilation, CPU load"", ""cpu_cores_active"": ""5"", ""library"": ""boost/atomic"", ""task_files"": 30, ""llm_estimated_task_effort"": ""low"", ""textual_description"": ""The testsuite for boost/atomic is being compiled and run."", ""command"": ""b2 --j 5 test"", ""directory"": "".../boost/libs/atomic""}"
14770,1768050522,1768050522,1768050522,"{""inverter"": 1, ""source"": ""workstation2_log"", ""device"": ""workstation2"", ""task_type"": ""compilation, CPU load"", ""cpu_cores_active"": ""10"", ""library"": ""boost/mp11"", ""task_files"": 241, ""llm_estimated_task_effort"": ""low"", ""textual_description"": ""The testsuite for boost/mp11 is being compiled and run."", ""command"": ""b2 --j 10 test"", ""directory"": "".../boost/libs/mp11""}"
14771,1768050701,1768050701,1768050702,"{""inverter"": 1, ""source"": ""workstation2_log"", ""device"": ""workstation2"", ""task_type"": ""compilation, CPU load"", ""cpu_cores_active"": ""7"", ""library"": ""boost/lexical_cast"", ""task_files"": 31, ""llm_estimated_task_effort"": ""low"", ""textual_description"": ""The testsuite for boost/lexical_cast is being compiled and run."", ""command"": ""b2 --j 7 test"", ""directory"": "".../boost/libs/lexical_cast""}"
14772,1768050704,1768050704,1768050807,"{""inverter"": 1, ""source"": ""workstation1_log"", ""device"": ""workstation1"", ""task_type"": ""compilation, CPU load"", ""cpu_cores_active"": ""3"", ""library"": ""boost/metaparse"", ""task_files"": 113, ""llm_estimated_task_effort"": ""medium"", ""textual_description"": ""The testsuite for boost/metaparse is being compiled and run."", ""command"": ""b2 --j 3 test"", ""directory"": "".../boost/libs/metaparse""}"
14493,1768050811,1768050811,1768051177,"{""inverter"": 1, ""source"": ""workstation2_log"", ""device"": ""workstation2"", ""task_type"": ""CNN fitting, GPU load"", ""model"": ""vgg19"", ""optim"": ""adam"", ""dataset"": ""CIFAR10"", ""batch_size"": 128, ""epochs"": 2, ""model_params"": 143667240, ""llm_estimated_task_effort"": ""medium"", ""textual_description"": ""The model vgg19 is fitted on CIFAR10 using adam for 2 epochs with bs=128.""}"
14773,1768050875,1768050875,1768050964,"{""inverter"": 1, ""source"": ""workstation1_log"", ""device"": ""workstation1"", ""task_type"": ""compilation, CPU load"", ""cpu_cores_active"": ""8"", ""library"": ""boost/heap"", ""task_files"": 17, ""llm_estimated_task_effort"": ""low"", ""textual_description"": ""The testsuite for boost/heap is being compiled and run."", ""command"": ""b2 --j 8 test"", ""directory"": "".../boost/libs/heap""}"
14774,1768051161,1768051161,1768051162,"{""inverter"": 1, ""source"": ""workstation2_log"", ""device"": ""workstation2"", ""task_type"": ""compilation, CPU load"", ""cpu_cores_active"": ""3"", ""library"": ""boost/variant"", ""task_files"": 37, ""llm_estimated_task_effort"": ""low"", ""textual_description"": ""The testsuite for boost/variant is being compiled and run."", ""command"": ""b2 --j 3 test"", ""directory"": "".../boost/libs/variant""}"
14775,1768051211,1768051211,1768051289,"{""inverter"": 1, ""source"": ""workstation1_log"", ""device"": ""workstation1"", ""task_type"": ""compilation, CPU load"", ""cpu_cores_active"": ""10"", ""library"": ""boost/tuple"", ""task_files"": 13, ""llm_estimated_task_effort"": ""low"", ""textual_description"": ""The testsuite for boost/tuple is being compiled and run."", ""command"": ""b2 --j 10 test"", ""directory"": "".../boost/libs/tuple""}"
14776,1768051574,1768051574,1768051575,"{""inverter"": 1, ""source"": ""workstation2_log"", ""device"": ""workstation2"", ""task_type"": ""compilation, CPU load"", ""cpu_cores_active"": ""3"", ""library"": ""boost/type_traits"", ""task_files"": 229, ""llm_estimated_task_effort"": ""low"", ""textual_description"": ""The testsuite for boost/type_traits is being compiled and run."", ""command"": ""b2 --j 3 test"", ""directory"": "".../boost/libs/type_traits""}"
14494,1768051631,1768051631,1768052526,"{""inverter"": 1, ""source"": ""workstation2_log"", ""device"": ""workstation2"", ""task_type"": ""CNN fitting, GPU load"", ""model"": ""densenet121"", ""optim"": ""adam"", ""dataset"": ""CIFAR10"", ""batch_size"": 128, ""epochs"": 2, ""model_params"": 7978856, ""llm_estimated_task_effort"": ""medium"", ""textual_description"": ""The model densenet121 is fitted on CIFAR10 using adam for 2 epochs with bs=128.""}"
14777,1768051851,1768051851,1768052140,"{""inverter"": 1, ""source"": ""workstation1_log"", ""device"": ""workstation1"", ""task_type"": ""compilation, CPU load"", ""cpu_cores_active"": ""5"", ""library"": ""boost/unordered"", ""task_files"": 192, ""llm_estimated_task_effort"": ""low"", ""textual_description"": ""The testsuite for boost/unordered is being compiled and run."", ""command"": ""b2 --j 5 test"", ""directory"": "".../boost/libs/unordered""}"
14778,1768052027,1768052027,1768052028,"{""inverter"": 1, ""source"": ""workstation2_log"", ""device"": ""workstation2"", ""task_type"": ""compilation, CPU load"", ""cpu_cores_active"": ""8"", ""library"": ""boost/optional"", ""task_files"": 82, ""llm_estimated_task_effort"": ""low"", ""textual_description"": ""The testsuite for boost/optional is being compiled and run."", ""command"": ""b2 --j 8 test"", ""directory"": "".../boost/libs/optional""}"
14779,1768052029,1768052029,1768052029,"{""inverter"": 1, ""source"": ""workstation2_log"", ""device"": ""workstation2"", ""task_type"": ""compilation, CPU load"", ""cpu_cores_active"": ""8"", ""library"": ""boost/assign"", ""task_files"": 18, ""llm_estimated_task_effort"": ""low"", ""textual_description"": ""The testsuite for boost/assign is being compiled and run."", ""command"": ""b2 --j 8 test"", ""directory"": "".../boost/libs/assign""}"
14780,1768052350,1768052350,1768052506,"{""inverter"": 1, ""source"": ""workstation1_log"", ""device"": ""workstation1"", ""task_type"": ""compilation, CPU load"", ""cpu_cores_active"": ""3"", ""library"": ""boost/system"", ""task_files"": 126, ""llm_estimated_task_effort"": ""low"", ""textual_description"": ""The testsuite for boost/system is being compiled and run."", ""command"": ""b2 --j 3 test"", ""directory"": "".../boost/libs/system""}"
14781,1768053232,1768053232,1768053360,"{""inverter"": 1, ""source"": ""workstation1_log"", ""device"": ""workstation1"", ""task_type"": ""compilation, CPU load"", ""cpu_cores_active"": ""8"", ""library"": ""boost/regex"", ""task_files"": 106, ""llm_estimated_task_effort"": ""high"", ""textual_description"": ""The testsuite for boost/regex is being compiled and run."", ""command"": ""b2 --j 8 test"", ""directory"": "".../boost/libs/regex""}"
14782,1768053368,1768053368,1768053369,"{""inverter"": 1, ""source"": ""workstation2_log"", ""device"": ""workstation2"", ""task_type"": ""compilation, CPU load"", ""cpu_cores_active"": ""3"", ""library"": ""boost/bimap"", ""task_files"": 36, ""llm_estimated_task_effort"": ""low"", ""textual_description"": ""The testsuite for boost/bimap is being compiled and run."", ""command"": ""b2 --j 3 test"", ""directory"": "".../boost/libs/bimap""}"
14495,1768053647,1768053647,1768054428,"{""inverter"": 1, ""source"": ""workstation2_log"", ""device"": ""workstation2"", ""task_type"": ""CNN fitting, GPU load"", ""model"": ""densenet121"", ""optim"": ""sgd"", ""dataset"": ""CIFAR10"", ""batch_size"": 128, ""epochs"": 2, ""model_params"": 7978856, ""llm_estimated_task_effort"": ""medium"", ""textual_description"": ""The model densenet121 is fitted on CIFAR10 using sgd for 2 epochs with bs=128.""}"
14783,1768053680,1768053680,1768053778,"{""inverter"": 1, ""source"": ""workstation1_log"", ""device"": ""workstation1"", ""task_type"": ""compilation, CPU load"", ""cpu_cores_active"": ""9"", ""library"": ""boost/chrono"", ""task_files"": 67, ""llm_estimated_task_effort"": ""low"", ""textual_description"": ""The testsuite for boost/chrono is being compiled and run."", ""command"": ""b2 --j 9 test"", ""directory"": "".../boost/libs/chrono""}"
14784,1768053895,1768053895,1768053974,"{""inverter"": 1, ""source"": ""workstation1_log"", ""device"": ""workstation1"", ""task_type"": ""compilation, CPU load"", ""cpu_cores_active"": ""8"", ""library"": ""boost/circular_buffer"", ""task_files"": 8, ""llm_estimated_task_effort"": ""low"", ""textual_description"": ""The testsuite for boost/circular_buffer is being compiled and run."", ""command"": ""b2 --j 8 test"", ""directory"": "".../boost/libs/circular_buffer""}"
14785,1768054015,1768054015,1768054094,"{""inverter"": 1, ""source"": ""workstation1_log"", ""device"": ""workstation1"", ""task_type"": ""compilation, CPU load"", ""cpu_cores_active"": ""3"", ""library"": ""boost/compute"", ""task_files"": 168, ""llm_estimated_task_effort"": ""high"", ""textual_description"": ""The testsuite for boost/compute is being compiled and run."", ""command"": ""b2 --j 3 test"", ""directory"": "".../boost/libs/compute""}"
14786,1768054533,1768054533,1768054534,"{""inverter"": 1, ""source"": ""workstation2_log"", ""device"": ""workstation2"", ""task_type"": ""compilation, CPU load"", ""cpu_cores_active"": ""6"", ""library"": ""boost/wave"", ""task_files"": 287, ""llm_estimated_task_effort"": ""high"", ""textual_description"": ""The testsuite for boost/wave is being compiled and run."", ""command"": ""b2 --j 6 test"", ""directory"": "".../boost/libs/wave""}"
14496,1768054971,1768054971,1768055337,"{""inverter"": 1, ""source"": ""workstation2_log"", ""device"": ""workstation2"", ""task_type"": ""CNN fitting, GPU load"", ""model"": ""vgg19"", ""optim"": ""adam"", ""dataset"": ""CIFAR10"", ""batch_size"": 128, ""epochs"": 2, ""model_params"": 143667240, ""llm_estimated_task_effort"": ""medium"", ""textual_description"": ""The model vgg19 is fitted on CIFAR10 using adam for 2 epochs with bs=128.""}"
14787,1768055306,1768055306,1768056209,"{""inverter"": 1, ""source"": ""workstation1_log"", ""device"": ""workstation1"", ""task_type"": ""compilation, CPU load"", ""cpu_cores_active"": ""1"", ""library"": ""boost/interprocess"", ""task_files"": 122, ""llm_estimated_task_effort"": ""high"", ""textual_description"": ""The testsuite for boost/interprocess is being compiled and run."", ""command"": ""b2 --j 1 test"", ""directory"": "".../boost/libs/interprocess""}"
14497,1768055385,1768055385,1768055747,"{""inverter"": 1, ""source"": ""workstation2_log"", ""device"": ""workstation2"", ""task_type"": ""CNN fitting, GPU load"", ""model"": ""resnet18"", ""optim"": ""sgd"", ""dataset"": ""CIFAR10"", ""batch_size"": 128, ""epochs"": 2, ""model_params"": 11689512, ""llm_estimated_task_effort"": ""low"", ""textual_description"": ""The model resnet18 is fitted on CIFAR10 using sgd for 2 epochs with bs=128.""}"
14498,1768056528,1768056528,1768056888,"{""inverter"": 1, ""source"": ""workstation2_log"", ""device"": ""workstation2"", ""task_type"": ""CNN fitting, GPU load"", ""model"": ""resnet18"", ""optim"": ""sgd"", ""dataset"": ""CIFAR10"", ""batch_size"": 128, ""epochs"": 2, ""model_params"": 11689512, ""llm_estimated_task_effort"": ""low"", ""textual_description"": ""The model resnet18 is fitted on CIFAR10 using sgd for 2 epochs with bs=128.""}"
14788,1768056717,1768056717,1768056718,"{""inverter"": 1, ""source"": ""workstation2_log"", ""device"": ""workstation2"", ""task_type"": ""compilation, CPU load"", ""cpu_cores_active"": ""1"", ""library"": ""boost/tti"", ""task_files"": 147, ""llm_estimated_task_effort"": ""low"", ""textual_description"": ""The testsuite for boost/tti is being compiled and run."", ""command"": ""b2 --j 1 test"", ""directory"": "".../boost/libs/tti""}"
14789,1768056837,1768056837,1768056838,"{""inverter"": 1, ""source"": ""workstation2_log"", ""device"": ""workstation2"", ""task_type"": ""compilation, CPU load"", ""cpu_cores_active"": ""10"", ""library"": ""boost/histogram"", ""task_files"": 131, ""llm_estimated_task_effort"": ""medium"", ""textual_description"": ""The testsuite for boost/histogram is being compiled and run."", ""command"": ""b2 --j 10 test"", ""directory"": "".../boost/libs/histogram""}"
14499,1768056980,1768056980,1768057371,"{""inverter"": 1, ""source"": ""workstation2_log"", ""device"": ""workstation2"", ""task_type"": ""CNN fitting, GPU load"", ""model"": ""resnet18"", ""optim"": ""adam"", ""dataset"": ""CIFAR10"", ""batch_size"": 128, ""epochs"": 2, ""model_params"": 11689512, ""llm_estimated_task_effort"": ""low"", ""textual_description"": ""The model resnet18 is fitted on CIFAR10 using adam for 2 epochs with bs=128.""}"
14790,1768057084,1768057084,1768057085,"{""inverter"": 1, ""source"": ""workstation2_log"", ""device"": ""workstation2"", ""task_type"": ""compilation, CPU load"", ""cpu_cores_active"": ""3"", ""library"": ""boost/iostreams"", ""task_files"": 407, ""llm_estimated_task_effort"": ""high"", ""textual_description"": ""The testsuite for boost/iostreams is being compiled and run."", ""command"": ""b2 --j 3 test"", ""directory"": "".../boost/libs/iostreams""}"
14500,1768057423,1768057423,1768058211,"{""inverter"": 1, ""source"": ""workstation2_log"", ""device"": ""workstation2"", ""task_type"": ""CNN fitting, GPU load"", ""model"": ""densenet121"", ""optim"": ""sgd"", ""dataset"": ""CIFAR10"", ""batch_size"": 128, ""epochs"": 2, ""model_params"": 7978856, ""llm_estimated_task_effort"": ""medium"", ""textual_description"": ""The model densenet121 is fitted on CIFAR10 using sgd for 2 epochs with bs=128.""}"
14791,1768057489,1768057489,1768057610,"{""inverter"": 1, ""source"": ""workstation1_log"", ""device"": ""workstation1"", ""task_type"": ""compilation, CPU load"", ""cpu_cores_active"": ""7"", ""library"": ""boost/mqtt5"", ""task_files"": 45, ""llm_estimated_task_effort"": ""medium"", ""textual_description"": ""The testsuite for boost/mqtt5 is being compiled and run."", ""command"": ""b2 --j 7 test"", ""directory"": "".../boost/libs/mqtt5""}"
14792,1768058450,1768058450,1768058451,"{""inverter"": 1, ""source"": ""workstation2_log"", ""device"": ""workstation2"", ""task_type"": ""compilation, CPU load"", ""cpu_cores_active"": ""5"", ""library"": ""boost/parameter"", ""task_files"": 68, ""llm_estimated_task_effort"": ""low"", ""textual_description"": ""The testsuite for boost/parameter is being compiled and run."", ""command"": ""b2 --j 5 test"", ""directory"": "".../boost/libs/parameter""}"
14793,1768058683,1768058683,1768058683,"{""inverter"": 1, ""source"": ""workstation2_log"", ""device"": ""workstation2"", ""task_type"": ""compilation, CPU load"", ""cpu_cores_active"": ""6"", ""library"": ""boost/json"", ""task_files"": 417, ""llm_estimated_task_effort"": ""high"", ""textual_description"": ""The testsuite for boost/json is being compiled and run."", ""command"": ""b2 --j 6 test"", ""directory"": "".../boost/libs/json""}"
14501,1768058705,1768058705,1768059067,"{""inverter"": 1, ""source"": ""workstation2_log"", ""device"": ""workstation2"", ""task_type"": ""CNN fitting, GPU load"", ""model"": ""vgg19"", ""optim"": ""adam"", ""dataset"": ""CIFAR10"", ""batch_size"": 128, ""epochs"": 2, ""model_params"": 143667240, ""llm_estimated_task_effort"": ""medium"", ""textual_description"": ""The model vgg19 is fitted on CIFAR10 using adam for 2 epochs with bs=128.""}"
14794,1768058884,1768058884,1768058887,"{""inverter"": 1, ""source"": ""workstation2_log"", ""device"": ""workstation2"", ""task_type"": ""compilation, CPU load"", ""cpu_cores_active"": ""1"", ""library"": ""boost/thread"", ""task_files"": 439, ""llm_estimated_task_effort"": ""high"", ""textual_description"": ""The testsuite for boost/thread is being compiled and run."", ""command"": ""b2 --j 1 test"", ""directory"": "".../boost/libs/thread""}"
14795,1768059253,1768059253,1768059254,"{""inverter"": 1, ""source"": ""workstation2_log"", ""device"": ""workstation2"", ""task_type"": ""compilation, CPU load"", ""cpu_cores_active"": ""2"", ""library"": ""boost/filesystem"", ""task_files"": 55, ""llm_estimated_task_effort"": ""high"", ""textual_description"": ""The testsuite for boost/filesystem is being compiled and run."", ""command"": ""b2 --j 2 test"", ""directory"": "".../boost/libs/filesystem""}"
14796,1768059368,1768059368,1768059369,"{""inverter"": 1, ""source"": ""workstation2_log"", ""device"": ""workstation2"", ""task_type"": ""compilation, CPU load"", ""cpu_cores_active"": ""8"", ""library"": ""boost/assign"", ""task_files"": 18, ""llm_estimated_task_effort"": ""low"", ""textual_description"": ""The testsuite for boost/assign is being compiled and run."", ""command"": ""b2 --j 8 test"", ""directory"": "".../boost/libs/assign""}"
14797,1768059408,1768059408,1768059408,"{""inverter"": 1, ""source"": ""workstation2_log"", ""device"": ""workstation2"", ""task_type"": ""compilation, CPU load"", ""cpu_cores_active"": ""4"", ""library"": ""boost/endian"", ""task_files"": 61, ""llm_estimated_task_effort"": ""low"", ""textual_description"": ""The testsuite for boost/endian is being compiled and run."", ""command"": ""b2 --j 4 test"", ""directory"": "".../boost/libs/endian""}"
14798,1768059584,1768059584,1768059584,"{""inverter"": 1, ""source"": ""workstation2_log"", ""device"": ""workstation2"", ""task_type"": ""compilation, CPU load"", ""cpu_cores_active"": ""1"", ""library"": ""boost/array"", ""task_files"": 52, ""llm_estimated_task_effort"": ""low"", ""textual_description"": ""The testsuite for boost/array is being compiled and run."", ""command"": ""b2 --j 1 test"", ""directory"": "".../boost/libs/array""}"
14502,1768060108,1768060108,1768060900,"{""inverter"": 1, ""source"": ""workstation2_log"", ""device"": ""workstation2"", ""task_type"": ""CNN fitting, GPU load"", ""model"": ""densenet121"", ""optim"": ""sgd"", ""dataset"": ""CIFAR10"", ""batch_size"": 128, ""epochs"": 2, ""model_params"": 7978856, ""llm_estimated_task_effort"": ""medium"", ""textual_description"": ""The model densenet121 is fitted on CIFAR10 using sgd for 2 epochs with bs=128.""}"
14799,1768060148,1768060148,1768060231,"{""inverter"": 1, ""source"": ""workstation1_log"", ""device"": ""workstation1"", ""task_type"": ""compilation, CPU load"", ""cpu_cores_active"": ""8"", ""library"": ""boost/scope"", ""task_files"": 27, ""llm_estimated_task_effort"": ""low"", ""textual_description"": ""The testsuite for boost/scope is being compiled and run."", ""command"": ""b2 --j 8 test"", ""directory"": "".../boost/libs/scope""}"
14800,1768060576,1768060576,1768060577,"{""inverter"": 1, ""source"": ""workstation2_log"", ""device"": ""workstation2"", ""task_type"": ""compilation, CPU load"", ""cpu_cores_active"": ""6"", ""library"": ""boost/polygon"", ""task_files"": 17, ""llm_estimated_task_effort"": ""high"", ""textual_description"": ""The testsuite for boost/polygon is being compiled and run."", ""command"": ""b2 --j 6 test"", ""directory"": "".../boost/libs/polygon""}"
14801,1768060769,1768060769,1768060770,"{""inverter"": 1, ""source"": ""workstation2_log"", ""device"": ""workstation2"", ""task_type"": ""compilation, CPU load"", ""cpu_cores_active"": ""5"", ""library"": ""boost/lexical_cast"", ""task_files"": 31, ""llm_estimated_task_effort"": ""low"", ""textual_description"": ""The testsuite for boost/lexical_cast is being compiled and run."", ""command"": ""b2 --j 5 test"", ""directory"": "".../boost/libs/lexical_cast""}"
14838,1768060801,1768060801,1768060892,"{""inverter"": 1, ""source"": ""workstation1_log"", ""device"": ""workstation1"", ""task_type"": ""compilation, CPU load"", ""cpu_cores_active"": ""6"", ""library"": ""boost/locale"", ""task_files"": 48, ""llm_estimated_task_effort"": ""high"", ""textual_description"": ""The testsuite for boost/locale is being compiled and run."", ""command"": ""b2 --j 6 test"", ""directory"": "".../boost/libs/locale""}"
14839,1768061400,1768061400,1768061400,"{""inverter"": 1, ""source"": ""workstation2_log"", ""device"": ""workstation2"", ""task_type"": ""compilation, CPU load"", ""cpu_cores_active"": ""9"", ""library"": ""boost/heap"", ""task_files"": 17, ""llm_estimated_task_effort"": ""low"", ""textual_description"": ""The testsuite for boost/heap is being compiled and run."", ""command"": ""b2 --j 9 test"", ""directory"": "".../boost/libs/heap""}"
14802,1768061566,1768061566,1768061912,"{""inverter"": 1, ""source"": ""workstation2_log"", ""device"": ""workstation2"", ""task_type"": ""CNN fitting, GPU load"", ""model"": ""vgg11"", ""optim"": ""sgd"", ""dataset"": ""CIFAR10"", ""batch_size"": 128, ""epochs"": 2, ""model_params"": 132863336, ""llm_estimated_task_effort"": ""low"", ""textual_description"": ""The model vgg11 is fitted on CIFAR10 using sgd for 2 epochs with bs=128.""}"
14840,1768061693,1768061693,1768061773,"{""inverter"": 1, ""source"": ""workstation1_log"", ""device"": ""workstation1"", ""task_type"": ""compilation, CPU load"", ""cpu_cores_active"": ""6"", ""library"": ""boost/lambda2"", ""task_files"": 16, ""llm_estimated_task_effort"": ""low"", ""textual_description"": ""The testsuite for boost/lambda2 is being compiled and run."", ""command"": ""b2 --j 6 test"", ""directory"": "".../boost/libs/lambda2""}"
14841,1768061972,1768061972,1768062055,"{""inverter"": 1, ""source"": ""workstation1_log"", ""device"": ""workstation1"", ""task_type"": ""compilation, CPU load"", ""cpu_cores_active"": ""10"", ""library"": ""boost/any"", ""task_files"": 47, ""llm_estimated_task_effort"": ""low"", ""textual_description"": ""The testsuite for boost/any is being compiled and run."", ""command"": ""b2 --j 10 test"", ""directory"": "".../boost/libs/any""}"
14842,1768062185,1768062185,1768062186,"{""inverter"": 1, ""source"": ""workstation2_log"", ""device"": ""workstation2"", ""task_type"": ""compilation, CPU load"", ""cpu_cores_active"": ""1"", ""library"": ""boost/mysql"", ""task_files"": 258, ""llm_estimated_task_effort"": ""medium"", ""textual_description"": ""The testsuite for boost/mysql is being compiled and run."", ""command"": ""b2 --j 1 test"", ""directory"": "".../boost/libs/mysql""}"
14843,1768062615,1768062615,1768062708,"{""inverter"": 1, ""source"": ""workstation1_log"", ""device"": ""workstation1"", ""task_type"": ""compilation, CPU load"", ""cpu_cores_active"": ""2"", ""library"": ""boost/lambda2"", ""task_files"": 16, ""llm_estimated_task_effort"": ""low"", ""textual_description"": ""The testsuite for boost/lambda2 is being compiled and run."", ""command"": ""b2 --j 2 test"", ""directory"": "".../boost/libs/lambda2""}"
14844,1768063074,1768063074,1768063157,"{""inverter"": 1, ""source"": ""workstation1_log"", ""device"": ""workstation1"", ""task_type"": ""compilation, CPU load"", ""cpu_cores_active"": ""9"", ""library"": ""boost/conversion"", ""task_files"": 8, ""llm_estimated_task_effort"": ""low"", ""textual_description"": ""The testsuite for boost/conversion is being compiled and run."", ""command"": ""b2 --j 9 test"", ""directory"": "".../boost/libs/conversion""}"
14845,1768063190,1768063190,1768063327,"{""inverter"": 1, ""source"": ""workstation1_log"", ""device"": ""workstation1"", ""task_type"": ""compilation, CPU load"", ""cpu_cores_active"": ""3"", ""library"": ""boost/signals2"", ""task_files"": 23, ""llm_estimated_task_effort"": ""low"", ""textual_description"": ""The testsuite for boost/signals2 is being compiled and run."", ""command"": ""b2 --j 3 test"", ""directory"": "".../boost/libs/signals2""}"
14846,1768063634,1768063634,1768063717,"{""inverter"": 1, ""source"": ""workstation1_log"", ""device"": ""workstation1"", ""task_type"": ""compilation, CPU load"", ""cpu_cores_active"": ""1"", ""library"": ""boost/conversion"", ""task_files"": 8, ""llm_estimated_task_effort"": ""low"", ""textual_description"": ""The testsuite for boost/conversion is being compiled and run."", ""command"": ""b2 --j 1 test"", ""directory"": "".../boost/libs/conversion""}"
14847,1768063842,1768063842,1768063986,"{""inverter"": 1, ""source"": ""workstation1_log"", ""device"": ""workstation1"", ""task_type"": ""compilation, CPU load"", ""cpu_cores_active"": ""5"", ""library"": ""boost/poly_collection"", ""task_files"": 46, ""llm_estimated_task_effort"": ""low"", ""textual_description"": ""The testsuite for boost/poly_collection is being compiled and run."", ""command"": ""b2 --j 5 test"", ""directory"": "".../boost/libs/poly_collection""}"
14848,1768064890,1768064890,1768064891,"{""inverter"": 1, ""source"": ""workstation2_log"", ""device"": ""workstation2"", ""task_type"": ""compilation, CPU load"", ""cpu_cores_active"": ""6"", ""library"": ""boost/optional"", ""task_files"": 82, ""llm_estimated_task_effort"": ""low"", ""textual_description"": ""The testsuite for boost/optional is being compiled and run."", ""command"": ""b2 --j 6 test"", ""directory"": "".../boost/libs/optional""}"
14803,1768064988,1768064988,1768065321,"{""inverter"": 1, ""source"": ""workstation2_log"", ""device"": ""workstation2"", ""task_type"": ""CNN fitting, GPU load"", ""model"": ""resnet18"", ""optim"": ""sgd"", ""dataset"": ""CIFAR10"", ""batch_size"": 128, ""epochs"": 2, ""model_params"": 11689512, ""llm_estimated_task_effort"": ""low"", ""textual_description"": ""The model resnet18 is fitted on CIFAR10 using sgd for 2 epochs with bs=128.""}"
14849,1768065446,1768065446,1768065447,"{""inverter"": 1, ""source"": ""workstation2_log"", ""device"": ""workstation2"", ""task_type"": ""compilation, CPU load"", ""cpu_cores_active"": ""9"", ""library"": ""boost/histogram"", ""task_files"": 131, ""llm_estimated_task_effort"": ""medium"", ""textual_description"": ""The testsuite for boost/histogram is being compiled and run."", ""command"": ""b2 --j 9 test"", ""directory"": "".../boost/libs/histogram""}"
14804,1768066036,1768066036,1768066394,"{""inverter"": 1, ""source"": ""workstation2_log"", ""device"": ""workstation2"", ""task_type"": ""CNN fitting, GPU load"", ""model"": ""resnet18"", ""optim"": ""sgd"", ""dataset"": ""CIFAR10"", ""batch_size"": 128, ""epochs"": 2, ""model_params"": 11689512, ""llm_estimated_task_effort"": ""low"", ""textual_description"": ""The model resnet18 is fitted on CIFAR10 using sgd for 2 epochs with bs=128.""}"
14850,1768066167,1768066167,1768066278,"{""inverter"": 1, ""source"": ""workstation1_log"", ""device"": ""workstation1"", ""task_type"": ""compilation, CPU load"", ""cpu_cores_active"": ""1"", ""library"": ""boost/context"", ""task_files"": 7, ""llm_estimated_task_effort"": ""high"", ""textual_description"": ""The testsuite for boost/context is being compiled and run."", ""command"": ""b2 --j 1 test"", ""directory"": "".../boost/libs/context""}"
14851,1768066281,1768066281,1768066363,"{""inverter"": 1, ""source"": ""workstation1_log"", ""device"": ""workstation1"", ""task_type"": ""compilation, CPU load"", ""cpu_cores_active"": ""9"", ""library"": ""boost/preprocessor"", ""task_files"": 73, ""llm_estimated_task_effort"": ""medium"", ""textual_description"": ""The testsuite for boost/preprocessor is being compiled and run."", ""command"": ""b2 --j 9 test"", ""directory"": "".../boost/libs/preprocessor""}"
14852,1768066424,1768066424,1768066424,"{""inverter"": 1, ""source"": ""workstation2_log"", ""device"": ""workstation2"", ""task_type"": ""compilation, CPU load"", ""cpu_cores_active"": ""9"", ""library"": ""boost/numeric"", ""task_files"": 0, ""llm_estimated_task_effort"": ""low"", ""textual_description"": ""The testsuite for boost/numeric is being compiled and run."", ""command"": ""b2 --j 9 test"", ""directory"": "".../boost/libs/numeric""}"
14853,1768066617,1768066617,1768066617,"{""inverter"": 1, ""source"": ""workstation2_log"", ""device"": ""workstation2"", ""task_type"": ""compilation, CPU load"", ""cpu_cores_active"": ""4"", ""library"": ""boost/property_map"", ""task_files"": 9, ""llm_estimated_task_effort"": ""low"", ""textual_description"": ""The testsuite for boost/property_map is being compiled and run."", ""command"": ""b2 --j 4 test"", ""directory"": "".../boost/libs/property_map""}"
14805,1768067137,1768067137,1768068007,"{""inverter"": 1, ""source"": ""workstation2_log"", ""device"": ""workstation2"", ""task_type"": ""CNN fitting, GPU load"", ""model"": ""densenet121"", ""optim"": ""adam"", ""dataset"": ""CIFAR10"", ""batch_size"": 128, ""epochs"": 2, ""model_params"": 7978856, ""llm_estimated_task_effort"": ""medium"", ""textual_description"": ""The model densenet121 is fitted on CIFAR10 using adam for 2 epochs with bs=128.""}"
14854,1768067243,1768067243,1768067418,"{""inverter"": 1, ""source"": ""workstation1_log"", ""device"": ""workstation1"", ""task_type"": ""compilation, CPU load"", ""cpu_cores_active"": ""2"", ""library"": ""boost/stacktrace"", ""task_files"": 18, ""llm_estimated_task_effort"": ""medium"", ""textual_description"": ""The testsuite for boost/stacktrace is being compiled and run."", ""command"": ""b2 --j 2 test"", ""directory"": "".../boost/libs/stacktrace""}"
14855,1768067508,1768067508,1768067632,"{""inverter"": 1, ""source"": ""workstation1_log"", ""device"": ""workstation1"", ""task_type"": ""compilation, CPU load"", ""cpu_cores_active"": ""6"", ""library"": ""boost/statechart"", ""task_files"": 67, ""llm_estimated_task_effort"": ""high"", ""textual_description"": ""The testsuite for boost/statechart is being compiled and run."", ""command"": ""b2 --j 6 test"", ""directory"": "".../boost/libs/statechart""}"
14856,1768067748,1768067748,1768067749,"{""inverter"": 1, ""source"": ""workstation2_log"", ""device"": ""workstation2"", ""task_type"": ""compilation, CPU load"", ""cpu_cores_active"": ""8"", ""library"": ""boost/vmd"", ""task_files"": 336, ""llm_estimated_task_effort"": ""low"", ""textual_description"": ""The testsuite for boost/vmd is being compiled and run."", ""command"": ""b2 --j 8 test"", ""directory"": "".../boost/libs/vmd""}"
14806,1768068052,1768068052,1768069368,"{""inverter"": 1, ""source"": ""workstation2_log"", ""device"": ""workstation2"", ""task_type"": ""CNN fitting, GPU load"", ""model"": ""swin_v2_s"", ""optim"": ""adam"", ""dataset"": ""CIFAR10"", ""batch_size"": 128, ""epochs"": 2, ""model_params"": 49737442, ""llm_estimated_task_effort"": ""high"", ""textual_description"": ""The model swin_v2_s is fitted on CIFAR10 using adam for 2 epochs with bs=128.""}"
14857,1768068163,1768068163,1768068287,"{""inverter"": 1, ""source"": ""workstation1_log"", ""device"": ""workstation1"", ""task_type"": ""compilation, CPU load"", ""cpu_cores_active"": ""6"", ""library"": ""boost/statechart"", ""task_files"": 67, ""llm_estimated_task_effort"": ""high"", ""textual_description"": ""The testsuite for boost/statechart is being compiled and run."", ""command"": ""b2 --j 6 test"", ""directory"": "".../boost/libs/statechart""}"
14858,1768068357,1768068357,1768068358,"{""inverter"": 1, ""source"": ""workstation2_log"", ""device"": ""workstation2"", ""task_type"": ""compilation, CPU load"", ""cpu_cores_active"": ""3"", ""library"": ""boost/convert"", ""task_files"": 20, ""llm_estimated_task_effort"": ""low"", ""textual_description"": ""The testsuite for boost/convert is being compiled and run."", ""command"": ""b2 --j 3 test"", ""directory"": "".../boost/libs/convert""}"
14859,1768068642,1768068642,1768068726,"{""inverter"": 1, ""source"": ""workstation1_log"", ""device"": ""workstation1"", ""task_type"": ""compilation, CPU load"", ""cpu_cores_active"": ""3"", ""library"": ""boost/graph"", ""task_files"": 1290, ""llm_estimated_task_effort"": ""high"", ""textual_description"": ""The testsuite for boost/graph is being compiled and run."", ""command"": ""b2 --j 3 test"", ""directory"": "".../boost/libs/graph""}"
14860,1768069103,1768069103,1768069187,"{""inverter"": 1, ""source"": ""workstation1_log"", ""device"": ""workstation1"", ""task_type"": ""compilation, CPU load"", ""cpu_cores_active"": ""2"", ""library"": ""boost/numeric"", ""task_files"": 0, ""llm_estimated_task_effort"": ""low"", ""textual_description"": ""The testsuite for boost/numeric is being compiled and run."", ""command"": ""b2 --j 2 test"", ""directory"": "".../boost/libs/numeric""}"
14861,1768069175,1768069175,1768069176,"{""inverter"": 1, ""source"": ""workstation2_log"", ""device"": ""workstation2"", ""task_type"": ""compilation, CPU load"", ""cpu_cores_active"": ""8"", ""library"": ""boost/mpi"", ""task_files"": 75, ""llm_estimated_task_effort"": ""high"", ""textual_description"": ""The testsuite for boost/mpi is being compiled and run."", ""command"": ""b2 --j 8 test"", ""directory"": "".../boost/libs/mpi""}"
14862,1768069238,1768069238,1768069359,"{""inverter"": 1, ""source"": ""workstation1_log"", ""device"": ""workstation1"", ""task_type"": ""compilation, CPU load"", ""cpu_cores_active"": ""3"", ""library"": ""boost/algorithm"", ""task_files"": 60, ""llm_estimated_task_effort"": ""low"", ""textual_description"": ""The testsuite for boost/algorithm is being compiled and run."", ""command"": ""b2 --j 3 test"", ""directory"": "".../boost/libs/algorithm""}"
14863,1768069596,1768069596,1768070571,"{""inverter"": 1, ""source"": ""workstation1_log"", ""device"": ""workstation1"", ""task_type"": ""compilation, CPU load"", ""cpu_cores_active"": ""1"", ""library"": ""boost/unordered"", ""task_files"": 192, ""llm_estimated_task_effort"": ""low"", ""textual_description"": ""The testsuite for boost/unordered is being compiled and run."", ""command"": ""b2 --j 1 test"", ""directory"": "".../boost/libs/unordered""}"
14807,1768069766,1768069766,1768070227,"{""inverter"": 1, ""source"": ""workstation2_log"", ""device"": ""workstation2"", ""task_type"": ""CNN fitting, GPU load"", ""model"": ""wide_resnet50_2"", ""optim"": ""sgd"", ""dataset"": ""CIFAR10"", ""batch_size"": 128, ""epochs"": 2, ""model_params"": 68883240, ""llm_estimated_task_effort"": ""high"", ""textual_description"": ""The model wide_resnet50_2 is fitted on CIFAR10 using sgd for 2 epochs with bs=128.""}"
14864,1768069769,1768069769,1768069769,"{""inverter"": 1, ""source"": ""workstation2_log"", ""device"": ""workstation2"", ""task_type"": ""compilation, CPU load"", ""cpu_cores_active"": ""10"", ""library"": ""boost/phoenix"", ""task_files"": 266, ""llm_estimated_task_effort"": ""low"", ""textual_description"": ""The testsuite for boost/phoenix is being compiled and run."", ""command"": ""b2 --j 10 test"", ""directory"": "".../boost/libs/phoenix""}"
14865,1768070061,1768070061,1768070062,"{""inverter"": 1, ""source"": ""workstation2_log"", ""device"": ""workstation2"", ""task_type"": ""compilation, CPU load"", ""cpu_cores_active"": ""2"", ""library"": ""boost/lexical_cast"", ""task_files"": 31, ""llm_estimated_task_effort"": ""low"", ""textual_description"": ""The testsuite for boost/lexical_cast is being compiled and run."", ""command"": ""b2 --j 2 test"", ""directory"": "".../boost/libs/lexical_cast""}"
14866,1768070137,1768070137,1768070138,"{""inverter"": 1, ""source"": ""workstation2_log"", ""device"": ""workstation2"", ""task_type"": ""compilation, CPU load"", ""cpu_cores_active"": ""3"", ""library"": ""boost/any"", ""task_files"": 47, ""llm_estimated_task_effort"": ""low"", ""textual_description"": ""The testsuite for boost/any is being compiled and run."", ""command"": ""b2 --j 3 test"", ""directory"": "".../boost/libs/any""}"
14867,1768070304,1768070304,1768070305,"{""inverter"": 1, ""source"": ""workstation2_log"", ""device"": ""workstation2"", ""task_type"": ""compilation, CPU load"", ""cpu_cores_active"": ""5"", ""library"": ""boost/stl_interfaces"", ""task_files"": 18, ""llm_estimated_task_effort"": ""low"", ""textual_description"": ""The testsuite for boost/stl_interfaces is being compiled and run."", ""command"": ""b2 --j 5 test"", ""directory"": "".../boost/libs/stl_interfaces""}"
14868,1768070426,1768070426,1768070426,"{""inverter"": 1, ""source"": ""workstation2_log"", ""device"": ""workstation2"", ""task_type"": ""compilation, CPU load"", ""cpu_cores_active"": ""7"", ""library"": ""boost/predef"", ""task_files"": 19, ""llm_estimated_task_effort"": ""low"", ""textual_description"": ""The testsuite for boost/predef is being compiled and run."", ""command"": ""b2 --j 7 test"", ""directory"": "".../boost/libs/predef""}"
14869,1768070729,1768070729,1768070825,"{""inverter"": 1, ""source"": ""workstation1_log"", ""device"": ""workstation1"", ""task_type"": ""compilation, CPU load"", ""cpu_cores_active"": ""4"", ""library"": ""boost/coroutine"", ""task_files"": 3, ""llm_estimated_task_effort"": ""high"", ""textual_description"": ""The testsuite for boost/coroutine is being compiled and run."", ""command"": ""b2 --j 4 test"", ""directory"": "".../boost/libs/coroutine""}"
14870,1768071071,1768071071,1768071180,"{""inverter"": 1, ""source"": ""workstation1_log"", ""device"": ""workstation1"", ""task_type"": ""compilation, CPU load"", ""cpu_cores_active"": ""5"", ""library"": ""boost/outcome"", ""task_files"": 55, ""llm_estimated_task_effort"": ""low"", ""textual_description"": ""The testsuite for boost/outcome is being compiled and run."", ""command"": ""b2 --j 5 test"", ""directory"": "".../boost/libs/outcome""}"
14808,1768071095,1768071095,1768072308,"{""inverter"": 1, ""source"": ""workstation2_log"", ""device"": ""workstation2"", ""task_type"": ""CNN fitting, GPU load"", ""model"": ""swin_v2_s"", ""optim"": ""sgd"", ""dataset"": ""CIFAR10"", ""batch_size"": 128, ""epochs"": 2, ""model_params"": 49737442, ""llm_estimated_task_effort"": ""high"", ""textual_description"": ""The model swin_v2_s is fitted on CIFAR10 using sgd for 2 epochs with bs=128.""}"
14871,1768071122,1768071122,1768071123,"{""inverter"": 1, ""source"": ""workstation2_log"", ""device"": ""workstation2"", ""task_type"": ""compilation, CPU load"", ""cpu_cores_active"": ""10"", ""library"": ""boost/crc"", ""task_files"": 10, ""llm_estimated_task_effort"": ""low"", ""textual_description"": ""The testsuite for boost/crc is being compiled and run."", ""command"": ""b2 --j 10 test"", ""directory"": "".../boost/libs/crc""}"
14872,1768071235,1768071235,1768071235,"{""inverter"": 1, ""source"": ""workstation2_log"", ""device"": ""workstation2"", ""task_type"": ""compilation, CPU load"", ""cpu_cores_active"": ""10"", ""library"": ""boost/align"", ""task_files"": 17, ""llm_estimated_task_effort"": ""low"", ""textual_description"": ""The testsuite for boost/align is being compiled and run."", ""command"": ""b2 --j 10 test"", ""directory"": "".../boost/libs/align""}"
14873,1768071300,1768071300,1768071300,"{""inverter"": 1, ""source"": ""workstation2_log"", ""device"": ""workstation2"", ""task_type"": ""compilation, CPU load"", ""cpu_cores_active"": ""3"", ""library"": ""boost/io"", ""task_files"": 9, ""llm_estimated_task_effort"": ""low"", ""textual_description"": ""The testsuite for boost/io is being compiled and run."", ""command"": ""b2 --j 3 test"", ""directory"": "".../boost/libs/io""}"
14874,1768072151,1768072151,1768072255,"{""inverter"": 1, ""source"": ""workstation1_log"", ""device"": ""workstation1"", ""task_type"": ""compilation, CPU load"", ""cpu_cores_active"": ""2"", ""library"": ""boost/function"", ""task_files"": 43, ""llm_estimated_task_effort"": ""low"", ""textual_description"": ""The testsuite for boost/function is being compiled and run."", ""command"": ""b2 --j 2 test"", ""directory"": "".../boost/libs/function""}"
14875,1768072277,1768072277,1768072278,"{""inverter"": 1, ""source"": ""workstation2_log"", ""device"": ""workstation2"", ""task_type"": ""compilation, CPU load"", ""cpu_cores_active"": ""4"", ""library"": ""boost/wave"", ""task_files"": 287, ""llm_estimated_task_effort"": ""high"", ""textual_description"": ""The testsuite for boost/wave is being compiled and run."", ""command"": ""b2 --j 4 test"", ""directory"": "".../boost/libs/wave""}"
14809,1768072363,1768072363,1768072830,"{""inverter"": 1, ""source"": ""workstation2_log"", ""device"": ""workstation2"", ""task_type"": ""CNN fitting, GPU load"", ""model"": ""wide_resnet50_2"", ""optim"": ""sgd"", ""dataset"": ""CIFAR10"", ""batch_size"": 128, ""epochs"": 2, ""model_params"": 68883240, ""llm_estimated_task_effort"": ""high"", ""textual_description"": ""The model wide_resnet50_2 is fitted on CIFAR10 using sgd for 2 epochs with bs=128.""}"
14876,1768072367,1768072367,1768072538,"{""inverter"": 1, ""source"": ""workstation1_log"", ""device"": ""workstation1"", ""task_type"": ""compilation, CPU load"", ""cpu_cores_active"": ""7"", ""library"": ""boost/log"", ""task_files"": 72, ""llm_estimated_task_effort"": ""high"", ""textual_description"": ""The testsuite for boost/log is being compiled and run."", ""command"": ""b2 --j 7 test"", ""directory"": "".../boost/libs/log""}"
14877,1768072407,1768072407,1768072407,"{""inverter"": 1, ""source"": ""workstation2_log"", ""device"": ""workstation2"", ""task_type"": ""compilation, CPU load"", ""cpu_cores_active"": ""4"", ""library"": ""boost/static_assert"", ""task_files"": 17, ""llm_estimated_task_effort"": ""low"", ""textual_description"": ""The testsuite for boost/static_assert is being compiled and run."", ""command"": ""b2 --j 4 test"", ""directory"": "".../boost/libs/static_assert""}"
14878,1768072450,1768072450,1768072451,"{""inverter"": 1, ""source"": ""workstation2_log"", ""device"": ""workstation2"", ""task_type"": ""compilation, CPU load"", ""cpu_cores_active"": ""9"", ""library"": ""boost/msm"", ""task_files"": 57, ""llm_estimated_task_effort"": ""high"", ""textual_description"": ""The testsuite for boost/msm is being compiled and run."", ""command"": ""b2 --j 9 test"", ""directory"": "".../boost/libs/msm""}"
14879,1768072654,1768072654,1768072655,"{""inverter"": 1, ""source"": ""workstation2_log"", ""device"": ""workstation2"", ""task_type"": ""compilation, CPU load"", ""cpu_cores_active"": ""1"", ""library"": ""boost/concept_check"", ""task_files"": 18, ""llm_estimated_task_effort"": ""low"", ""textual_description"": ""The testsuite for boost/concept_check is being compiled and run."", ""command"": ""b2 --j 1 test"", ""directory"": "".../boost/libs/concept_check""}"
14880,1768073065,1768073065,1768073278,"{""inverter"": 1, ""source"": ""workstation1_log"", ""device"": ""workstation1"", ""task_type"": ""compilation, CPU load"", ""cpu_cores_active"": ""10"", ""library"": ""boost/unordered"", ""task_files"": 192, ""llm_estimated_task_effort"": ""low"", ""textual_description"": ""The testsuite for boost/unordered is being compiled and run."", ""command"": ""b2 --j 10 test"", ""directory"": "".../boost/libs/unordered""}"
14881,1768073098,1768073098,1768073099,"{""inverter"": 1, ""source"": ""workstation2_log"", ""device"": ""workstation2"", ""task_type"": ""compilation, CPU load"", ""cpu_cores_active"": ""8"", ""library"": ""boost/mpi"", ""task_files"": 75, ""llm_estimated_task_effort"": ""high"", ""textual_description"": ""The testsuite for boost/mpi is being compiled and run."", ""command"": ""b2 --j 8 test"", ""directory"": "".../boost/libs/mpi""}"
14882,1768073187,1768073187,1768073187,"{""inverter"": 1, ""source"": ""workstation2_log"", ""device"": ""workstation2"", ""task_type"": ""compilation, CPU load"", ""cpu_cores_active"": ""10"", ""library"": ""boost/compat"", ""task_files"": 65, ""llm_estimated_task_effort"": ""low"", ""textual_description"": ""The testsuite for boost/compat is being compiled and run."", ""command"": ""b2 --j 10 test"", ""directory"": "".../boost/libs/compat""}"
14883,1768073609,1768073609,1768073697,"{""inverter"": 1, ""source"": ""workstation1_log"", ""device"": ""workstation1"", ""task_type"": ""compilation, CPU load"", ""cpu_cores_active"": ""8"", ""library"": ""boost/parameter_python"", ""task_files"": 3, ""llm_estimated_task_effort"": ""low"", ""textual_description"": ""The testsuite for boost/parameter_python is being compiled and run."", ""command"": ""b2 --j 8 test"", ""directory"": "".../boost/libs/parameter_python""}"
14810,1768073681,1768073681,1768074195,"{""inverter"": 1, ""source"": ""workstation2_log"", ""device"": ""workstation2"", ""task_type"": ""CNN fitting, GPU load"", ""model"": ""wide_resnet50_2"", ""optim"": ""adam"", ""dataset"": ""CIFAR10"", ""batch_size"": 128, ""epochs"": 2, ""model_params"": 68883240, ""llm_estimated_task_effort"": ""high"", ""textual_description"": ""The model wide_resnet50_2 is fitted on CIFAR10 using adam for 2 epochs with bs=128.""}"
14884,1768073876,1768073876,1768073876,"{""inverter"": 1, ""source"": ""workstation2_log"", ""device"": ""workstation2"", ""task_type"": ""compilation, CPU load"", ""cpu_cores_active"": ""4"", ""library"": ""boost/core"", ""task_files"": 278, ""llm_estimated_task_effort"": ""low"", ""textual_description"": ""The testsuite for boost/core is being compiled and run."", ""command"": ""b2 --j 4 test"", ""directory"": "".../boost/libs/core""}"
14885,1768074169,1768074169,1768074170,"{""inverter"": 1, ""source"": ""workstation2_log"", ""device"": ""workstation2"", ""task_type"": ""compilation, CPU load"", ""cpu_cores_active"": ""8"", ""library"": ""boost/statechart"", ""task_files"": 67, ""llm_estimated_task_effort"": ""high"", ""textual_description"": ""The testsuite for boost/statechart is being compiled and run."", ""command"": ""b2 --j 8 test"", ""directory"": "".../boost/libs/statechart""}"
14811,1768074645,1768074645,1768075033,"{""inverter"": 1, ""source"": ""workstation2_log"", ""device"": ""workstation2"", ""task_type"": ""CNN fitting, GPU load"", ""model"": ""resnet18"", ""optim"": ""adam"", ""dataset"": ""CIFAR10"", ""batch_size"": 128, ""epochs"": 2, ""model_params"": 11689512, ""llm_estimated_task_effort"": ""low"", ""textual_description"": ""The model resnet18 is fitted on CIFAR10 using adam for 2 epochs with bs=128.""}"
14812,1768075084,1768075084,1768075425,"{""inverter"": 1, ""source"": ""workstation2_log"", ""device"": ""workstation2"", ""task_type"": ""CNN fitting, GPU load"", ""model"": ""vgg11"", ""optim"": ""sgd"", ""dataset"": ""CIFAR10"", ""batch_size"": 128, ""epochs"": 2, ""model_params"": 132863336, ""llm_estimated_task_effort"": ""low"", ""textual_description"": ""The model vgg11 is fitted on CIFAR10 using sgd for 2 epochs with bs=128.""}"
14886,1768075223,1768075223,1768075224,"{""inverter"": 1, ""source"": ""workstation2_log"", ""device"": ""workstation2"", ""task_type"": ""compilation, CPU load"", ""cpu_cores_active"": ""8"", ""library"": ""boost/optional"", ""task_files"": 82, ""llm_estimated_task_effort"": ""low"", ""textual_description"": ""The testsuite for boost/optional is being compiled and run."", ""command"": ""b2 --j 8 test"", ""directory"": "".../boost/libs/optional""}"
14887,1768075223,1768075223,1768075300,"{""inverter"": 1, ""source"": ""workstation1_log"", ""device"": ""workstation1"", ""task_type"": ""compilation, CPU load"", ""cpu_cores_active"": ""10"", ""library"": ""boost/endian"", ""task_files"": 61, ""llm_estimated_task_effort"": ""low"", ""textual_description"": ""The testsuite for boost/endian is being compiled and run."", ""command"": ""b2 --j 10 test"", ""directory"": "".../boost/libs/endian""}"
14813,1768075582,1768075582,1768076361,"{""inverter"": 1, ""source"": ""workstation2_log"", ""device"": ""workstation2"", ""task_type"": ""CNN fitting, GPU load"", ""model"": ""densenet121"", ""optim"": ""sgd"", ""dataset"": ""CIFAR10"", ""batch_size"": 128, ""epochs"": 2, ""model_params"": 7978856, ""llm_estimated_task_effort"": ""medium"", ""textual_description"": ""The model densenet121 is fitted on CIFAR10 using sgd for 2 epochs with bs=128.""}"
14888,1768075636,1768075636,1768075638,"{""inverter"": 1, ""source"": ""workstation2_log"", ""device"": ""workstation2"", ""task_type"": ""compilation, CPU load"", ""cpu_cores_active"": ""5"", ""library"": ""boost/assign"", ""task_files"": 18, ""llm_estimated_task_effort"": ""low"", ""textual_description"": ""The testsuite for boost/assign is being compiled and run."", ""command"": ""b2 --j 5 test"", ""directory"": "".../boost/libs/assign""}"
14889,1768075954,1768075954,1768075955,"{""inverter"": 1, ""source"": ""workstation2_log"", ""device"": ""workstation2"", ""task_type"": ""compilation, CPU load"", ""cpu_cores_active"": ""10"", ""library"": ""boost/asio"", ""task_files"": 386, ""llm_estimated_task_effort"": ""high"", ""textual_description"": ""The testsuite for boost/asio is being compiled and run."", ""command"": ""b2 --j 10 test"", ""directory"": "".../boost/libs/asio""}"
14890,1768075970,1768075970,1768076049,"{""inverter"": 1, ""source"": ""workstation1_log"", ""device"": ""workstation1"", ""task_type"": ""compilation, CPU load"", ""cpu_cores_active"": ""2"", ""library"": ""boost/align"", ""task_files"": 17, ""llm_estimated_task_effort"": ""low"", ""textual_description"": ""The testsuite for boost/align is being compiled and run."", ""command"": ""b2 --j 2 test"", ""directory"": "".../boost/libs/align""}"
14814,1768076502,1768076502,1768076848,"{""inverter"": 1, ""source"": ""workstation2_log"", ""device"": ""workstation2"", ""task_type"": ""CNN fitting, GPU load"", ""model"": ""vgg13"", ""optim"": ""sgd"", ""dataset"": ""CIFAR10"", ""batch_size"": 128, ""epochs"": 2, ""model_params"": 133047848, ""llm_estimated_task_effort"": ""medium"", ""textual_description"": ""The model vgg13 is fitted on CIFAR10 using sgd for 2 epochs with bs=128.""}"
14891,1768076522,1768076522,1768076522,"{""inverter"": 1, ""source"": ""workstation2_log"", ""device"": ""workstation2"", ""task_type"": ""compilation, CPU load"", ""cpu_cores_active"": ""9"", ""library"": ""boost/proto"", ""task_files"": 24, ""llm_estimated_task_effort"": ""low"", ""textual_description"": ""The testsuite for boost/proto is being compiled and run."", ""command"": ""b2 --j 9 test"", ""directory"": "".../boost/libs/proto""}"
14892,1768076576,1768076576,1768076577,"{""inverter"": 1, ""source"": ""workstation2_log"", ""device"": ""workstation2"", ""task_type"": ""compilation, CPU load"", ""cpu_cores_active"": ""8"", ""library"": ""boost/winapi"", ""task_files"": 59, ""llm_estimated_task_effort"": ""low"", ""textual_description"": ""The testsuite for boost/winapi is being compiled and run."", ""command"": ""b2 --j 8 test"", ""directory"": "".../boost/libs/winapi""}"
14893,1768076912,1768076912,1768076913,"{""inverter"": 1, ""source"": ""workstation2_log"", ""device"": ""workstation2"", ""task_type"": ""compilation, CPU load"", ""cpu_cores_active"": ""4"", ""library"": ""boost/bind"", ""task_files"": 81, ""llm_estimated_task_effort"": ""low"", ""textual_description"": ""The testsuite for boost/bind is being compiled and run."", ""command"": ""b2 --j 4 test"", ""directory"": "".../boost/libs/bind""}"
14894,1768076947,1768076947,1768077039,"{""inverter"": 1, ""source"": ""workstation1_log"", ""device"": ""workstation1"", ""task_type"": ""compilation, CPU load"", ""cpu_cores_active"": ""7"", ""library"": ""boost/ptr_container"", ""task_files"": 32, ""llm_estimated_task_effort"": ""medium"", ""textual_description"": ""The testsuite for boost/ptr_container is being compiled and run."", ""command"": ""b2 --j 7 test"", ""directory"": "".../boost/libs/ptr_container""}"
14895,1768077118,1768077118,1768077250,"{""inverter"": 1, ""source"": ""workstation1_log"", ""device"": ""workstation1"", ""task_type"": ""compilation, CPU load"", ""cpu_cores_active"": ""1"", ""library"": ""boost/optional"", ""task_files"": 82, ""llm_estimated_task_effort"": ""low"", ""textual_description"": ""The testsuite for boost/optional is being compiled and run."", ""command"": ""b2 --j 1 test"", ""directory"": "".../boost/libs/optional""}"
14815,1768077833,1768077833,1768078231,"{""inverter"": 1, ""source"": ""workstation2_log"", ""device"": ""workstation2"", ""task_type"": ""CNN fitting, GPU load"", ""model"": ""resnet18"", ""optim"": ""adam"", ""dataset"": ""CIFAR10"", ""batch_size"": 128, ""epochs"": 2, ""model_params"": 11689512, ""llm_estimated_task_effort"": ""low"", ""textual_description"": ""The model resnet18 is fitted on CIFAR10 using adam for 2 epochs with bs=128.""}"
14896,1768077998,1768077998,1768078081,"{""inverter"": 1, ""source"": ""workstation1_log"", ""device"": ""workstation1"", ""task_type"": ""compilation, CPU load"", ""cpu_cores_active"": ""2"", ""library"": ""boost/functional"", ""task_files"": 2, ""llm_estimated_task_effort"": ""low"", ""textual_description"": ""The testsuite for boost/functional is being compiled and run."", ""command"": ""b2 --j 2 test"", ""directory"": "".../boost/libs/functional""}"
14897,1768078188,1768078188,1768078190,"{""inverter"": 1, ""source"": ""workstation2_log"", ""device"": ""workstation2"", ""task_type"": ""compilation, CPU load"", ""cpu_cores_active"": ""3"", ""library"": ""boost/ratio"", ""task_files"": 34, ""llm_estimated_task_effort"": ""low"", ""textual_description"": ""The testsuite for boost/ratio is being compiled and run."", ""command"": ""b2 --j 3 test"", ""directory"": "".../boost/libs/ratio""}"
14898,1768078341,1768078341,1768078341,"{""inverter"": 1, ""source"": ""workstation2_log"", ""device"": ""workstation2"", ""task_type"": ""compilation, CPU load"", ""cpu_cores_active"": ""5"", ""library"": ""boost/tokenizer"", ""task_files"": 9, ""llm_estimated_task_effort"": ""low"", ""textual_description"": ""The testsuite for boost/tokenizer is being compiled and run."", ""command"": ""b2 --j 5 test"", ""directory"": "".../boost/libs/tokenizer""}"
14899,1768078491,1768078491,1768079375,"{""inverter"": 1, ""source"": ""workstation1_log"", ""device"": ""workstation1"", ""task_type"": ""compilation, CPU load"", ""cpu_cores_active"": ""1"", ""library"": ""boost/interprocess"", ""task_files"": 122, ""llm_estimated_task_effort"": ""high"", ""textual_description"": ""The testsuite for boost/interprocess is being compiled and run."", ""command"": ""b2 --j 1 test"", ""directory"": "".../boost/libs/interprocess""}"
14900,1768078650,1768078650,1768078650,"{""inverter"": 1, ""source"": ""workstation2_log"", ""device"": ""workstation2"", ""task_type"": ""compilation, CPU load"", ""cpu_cores_active"": ""3"", ""library"": ""boost/charconv"", ""task_files"": 44, ""llm_estimated_task_effort"": ""low"", ""textual_description"": ""The testsuite for boost/charconv is being compiled and run."", ""command"": ""b2 --j 3 test"", ""directory"": "".../boost/libs/charconv""}"
14901,1768079086,1768079086,1768079086,"{""inverter"": 1, ""source"": ""workstation2_log"", ""device"": ""workstation2"", ""task_type"": ""compilation, CPU load"", ""cpu_cores_active"": ""6"", ""library"": ""boost/assign"", ""task_files"": 18, ""llm_estimated_task_effort"": ""low"", ""textual_description"": ""The testsuite for boost/assign is being compiled and run."", ""command"": ""b2 --j 6 test"", ""directory"": "".../boost/libs/assign""}"
14902,1768079382,1768079382,1768079523,"{""inverter"": 1, ""source"": ""workstation1_log"", ""device"": ""workstation1"", ""task_type"": ""compilation, CPU load"", ""cpu_cores_active"": ""4"", ""library"": ""boost/system"", ""task_files"": 126, ""llm_estimated_task_effort"": ""low"", ""textual_description"": ""The testsuite for boost/system is being compiled and run."", ""command"": ""b2 --j 4 test"", ""directory"": "".../boost/libs/system""}"
14816,1768079394,1768079394,1768079754,"{""inverter"": 1, ""source"": ""workstation2_log"", ""device"": ""workstation2"", ""task_type"": ""CNN fitting, GPU load"", ""model"": ""resnet18"", ""optim"": ""sgd"", ""dataset"": ""CIFAR10"", ""batch_size"": 128, ""epochs"": 2, ""model_params"": 11689512, ""llm_estimated_task_effort"": ""low"", ""textual_description"": ""The model resnet18 is fitted on CIFAR10 using sgd for 2 epochs with bs=128.""}"
14903,1768079546,1768079546,1768079640,"{""inverter"": 1, ""source"": ""workstation1_log"", ""device"": ""workstation1"", ""task_type"": ""compilation, CPU load"", ""cpu_cores_active"": ""5"", ""library"": ""boost/typeof"", ""task_files"": 33, ""llm_estimated_task_effort"": ""low"", ""textual_description"": ""The testsuite for boost/typeof is being compiled and run."", ""command"": ""b2 --j 5 test"", ""directory"": "".../boost/libs/typeof""}"
14904,1768079665,1768079665,1768079667,"{""inverter"": 1, ""source"": ""workstation2_log"", ""device"": ""workstation2"", ""task_type"": ""compilation, CPU load"", ""cpu_cores_active"": ""3"", ""library"": ""boost/safe_numerics"", ""task_files"": 152, ""llm_estimated_task_effort"": ""low"", ""textual_description"": ""The testsuite for boost/safe_numerics is being compiled and run."", ""command"": ""b2 --j 3 test"", ""directory"": "".../boost/libs/safe_numerics""}"
14905,1768079885,1768079885,1768079993,"{""inverter"": 1, ""source"": ""workstation1_log"", ""device"": ""workstation1"", ""task_type"": ""compilation, CPU load"", ""cpu_cores_active"": ""2"", ""library"": ""boost/move"", ""task_files"": 34, ""llm_estimated_task_effort"": ""low"", ""textual_description"": ""The testsuite for boost/move is being compiled and run."", ""command"": ""b2 --j 2 test"", ""directory"": "".../boost/libs/move""}"
14906,1768080009,1768080009,1768080100,"{""inverter"": 1, ""source"": ""workstation1_log"", ""device"": ""workstation1"", ""task_type"": ""compilation, CPU load"", ""cpu_cores_active"": ""8"", ""library"": ""boost/pfr"", ""task_files"": 91, ""llm_estimated_task_effort"": ""low"", ""textual_description"": ""The testsuite for boost/pfr is being compiled and run."", ""command"": ""b2 --j 8 test"", ""directory"": "".../boost/libs/pfr""}"
14907,1768080187,1768080187,1768080272,"{""inverter"": 1, ""source"": ""workstation1_log"", ""device"": ""workstation1"", ""task_type"": ""compilation, CPU load"", ""cpu_cores_active"": ""6"", ""library"": ""boost/stl_interfaces"", ""task_files"": 18, ""llm_estimated_task_effort"": ""low"", ""textual_description"": ""The testsuite for boost/stl_interfaces is being compiled and run."", ""command"": ""b2 --j 6 test"", ""directory"": "".../boost/libs/stl_interfaces""}"
14817,1768080306,1768080306,1768081527,"{""inverter"": 1, ""source"": ""workstation2_log"", ""device"": ""workstation2"", ""task_type"": ""CNN fitting, GPU load"", ""model"": ""swin_v2_s"", ""optim"": ""sgd"", ""dataset"": ""CIFAR10"", ""batch_size"": 128, ""epochs"": 2, ""model_params"": 49737442, ""llm_estimated_task_effort"": ""high"", ""textual_description"": ""The model swin_v2_s is fitted on CIFAR10 using sgd for 2 epochs with bs=128.""}"
14908,1768080429,1768080429,1768080510,"{""inverter"": 1, ""source"": ""workstation1_log"", ""device"": ""workstation1"", ""task_type"": ""compilation, CPU load"", ""cpu_cores_active"": ""7"", ""library"": ""boost/compute"", ""task_files"": 168, ""llm_estimated_task_effort"": ""high"", ""textual_description"": ""The testsuite for boost/compute is being compiled and run."", ""command"": ""b2 --j 7 test"", ""directory"": "".../boost/libs/compute""}"
14909,1768080532,1768080532,1768080533,"{""inverter"": 1, ""source"": ""workstation2_log"", ""device"": ""workstation2"", ""task_type"": ""compilation, CPU load"", ""cpu_cores_active"": ""9"", ""library"": ""boost/unordered"", ""task_files"": 192, ""llm_estimated_task_effort"": ""low"", ""textual_description"": ""The testsuite for boost/unordered is being compiled and run."", ""command"": ""b2 --j 9 test"", ""directory"": "".../boost/libs/unordered""}"
14910,1768081033,1768081033,1768081135,"{""inverter"": 1, ""source"": ""workstation1_log"", ""device"": ""workstation1"", ""task_type"": ""compilation, CPU load"", ""cpu_cores_active"": ""3"", ""library"": ""boost/lexical_cast"", ""task_files"": 31, ""llm_estimated_task_effort"": ""low"", ""textual_description"": ""The testsuite for boost/lexical_cast is being compiled and run."", ""command"": ""b2 --j 3 test"", ""directory"": "".../boost/libs/lexical_cast""}"
14911,1768081307,1768081307,1768081408,"{""inverter"": 1, ""source"": ""workstation1_log"", ""device"": ""workstation1"", ""task_type"": ""compilation, CPU load"", ""cpu_cores_active"": ""8"", ""library"": ""boost/smart_ptr"", ""task_files"": 292, ""llm_estimated_task_effort"": ""low"", ""textual_description"": ""The testsuite for boost/smart_ptr is being compiled and run."", ""command"": ""b2 --j 8 test"", ""directory"": "".../boost/libs/smart_ptr""}"
14912,1768081492,1768081492,1768081583,"{""inverter"": 1, ""source"": ""workstation1_log"", ""device"": ""workstation1"", ""task_type"": ""compilation, CPU load"", ""cpu_cores_active"": ""3"", ""library"": ""boost/assert"", ""task_files"": 25, ""llm_estimated_task_effort"": ""low"", ""textual_description"": ""The testsuite for boost/assert is being compiled and run."", ""command"": ""b2 --j 3 test"", ""directory"": "".../boost/libs/assert""}"
14818,1768081830,1768081830,1768082192,"{""inverter"": 1, ""source"": ""workstation2_log"", ""device"": ""workstation2"", ""task_type"": ""CNN fitting, GPU load"", ""model"": ""resnet18"", ""optim"": ""sgd"", ""dataset"": ""CIFAR10"", ""batch_size"": 128, ""epochs"": 2, ""model_params"": 11689512, ""llm_estimated_task_effort"": ""low"", ""textual_description"": ""The model resnet18 is fitted on CIFAR10 using sgd for 2 epochs with bs=128.""}"
14913,1768081924,1768081924,1768082014,"{""inverter"": 1, ""source"": ""workstation1_log"", ""device"": ""workstation1"", ""task_type"": ""compilation, CPU load"", ""cpu_cores_active"": ""8"", ""library"": ""boost/locale"", ""task_files"": 48, ""llm_estimated_task_effort"": ""high"", ""textual_description"": ""The testsuite for boost/locale is being compiled and run."", ""command"": ""b2 --j 8 test"", ""directory"": "".../boost/libs/locale""}"
14914,1768082487,1768082487,1768082716,"{""inverter"": 1, ""source"": ""workstation1_log"", ""device"": ""workstation1"", ""task_type"": ""compilation, CPU load"", ""cpu_cores_active"": ""1"", ""library"": ""boost/signals2"", ""task_files"": 23, ""llm_estimated_task_effort"": ""low"", ""textual_description"": ""The testsuite for boost/signals2 is being compiled and run."", ""command"": ""b2 --j 1 test"", ""directory"": "".../boost/libs/signals2""}"
14819,1768082614,1768082614,1768083923,"{""inverter"": 1, ""source"": ""workstation2_log"", ""device"": ""workstation2"", ""task_type"": ""CNN fitting, GPU load"", ""model"": ""swin_v2_s"", ""optim"": ""adam"", ""dataset"": ""CIFAR10"", ""batch_size"": 128, ""epochs"": 2, ""model_params"": 49737442, ""llm_estimated_task_effort"": ""high"", ""textual_description"": ""The model swin_v2_s is fitted on CIFAR10 using adam for 2 epochs with bs=128.""}"
14915,1768083145,1768083145,1768083146,"{""inverter"": 1, ""source"": ""workstation2_log"", ""device"": ""workstation2"", ""task_type"": ""compilation, CPU load"", ""cpu_cores_active"": ""1"", ""library"": ""boost/ptr_container"", ""task_files"": 32, ""llm_estimated_task_effort"": ""medium"", ""textual_description"": ""The testsuite for boost/ptr_container is being compiled and run."", ""command"": ""b2 --j 1 test"", ""directory"": "".../boost/libs/ptr_container""}"
14916,1768083204,1768083204,1768083289,"{""inverter"": 1, ""source"": ""workstation1_log"", ""device"": ""workstation1"", ""task_type"": ""compilation, CPU load"", ""cpu_cores_active"": ""9"", ""library"": ""boost/convert"", ""task_files"": 20, ""llm_estimated_task_effort"": ""low"", ""textual_description"": ""The testsuite for boost/convert is being compiled and run."", ""command"": ""b2 --j 9 test"", ""directory"": "".../boost/libs/convert""}"
14917,1768083505,1768083505,1768083506,"{""inverter"": 1, ""source"": ""workstation2_log"", ""device"": ""workstation2"", ""task_type"": ""compilation, CPU load"", ""cpu_cores_active"": ""7"", ""library"": ""boost/icl"", ""task_files"": 288, ""llm_estimated_task_effort"": ""low"", ""textual_description"": ""The testsuite for boost/icl is being compiled and run."", ""command"": ""b2 --j 7 test"", ""directory"": "".../boost/libs/icl""}"
14918,1768083625,1768083625,1768083738,"{""inverter"": 1, ""source"": ""workstation1_log"", ""device"": ""workstation1"", ""task_type"": ""compilation, CPU load"", ""cpu_cores_active"": ""4"", ""library"": ""boost/outcome"", ""task_files"": 55, ""llm_estimated_task_effort"": ""low"", ""textual_description"": ""The testsuite for boost/outcome is being compiled and run."", ""command"": ""b2 --j 4 test"", ""directory"": "".../boost/libs/outcome""}"
14919,1768084159,1768084159,1768084160,"{""inverter"": 1, ""source"": ""workstation2_log"", ""device"": ""workstation2"", ""task_type"": ""compilation, CPU load"", ""cpu_cores_active"": ""1"", ""library"": ""boost/core"", ""task_files"": 278, ""llm_estimated_task_effort"": ""low"", ""textual_description"": ""The testsuite for boost/core is being compiled and run."", ""command"": ""b2 --j 1 test"", ""directory"": "".../boost/libs/core""}"
14920,1768084571,1768084571,1768084652,"{""inverter"": 1, ""source"": ""workstation1_log"", ""device"": ""workstation1"", ""task_type"": ""compilation, CPU load"", ""cpu_cores_active"": ""6"", ""library"": ""boost/conversion"", ""task_files"": 8, ""llm_estimated_task_effort"": ""low"", ""textual_description"": ""The testsuite for boost/conversion is being compiled and run."", ""command"": ""b2 --j 6 test"", ""directory"": "".../boost/libs/conversion""}"
14820,1768084632,1768084632,1768084983,"{""inverter"": 1, ""source"": ""workstation2_log"", ""device"": ""workstation2"", ""task_type"": ""CNN fitting, GPU load"", ""model"": ""vgg13"", ""optim"": ""sgd"", ""dataset"": ""CIFAR10"", ""batch_size"": 128, ""epochs"": 2, ""model_params"": 133047848, ""llm_estimated_task_effort"": ""medium"", ""textual_description"": ""The model vgg13 is fitted on CIFAR10 using sgd for 2 epochs with bs=128.""}"
14921,1768084955,1768084955,1768084956,"{""inverter"": 1, ""source"": ""workstation2_log"", ""device"": ""workstation2"", ""task_type"": ""compilation, CPU load"", ""cpu_cores_active"": ""10"", ""library"": ""boost/scope_exit"", ""task_files"": 32, ""llm_estimated_task_effort"": ""low"", ""textual_description"": ""The testsuite for boost/scope_exit is being compiled and run."", ""command"": ""b2 --j 10 test"", ""directory"": "".../boost/libs/scope_exit""}"
14922,1768085015,1768085015,1768085016,"{""inverter"": 1, ""source"": ""workstation2_log"", ""device"": ""workstation2"", ""task_type"": ""compilation, CPU load"", ""cpu_cores_active"": ""9"", ""library"": ""boost/asio"", ""task_files"": 386, ""llm_estimated_task_effort"": ""high"", ""textual_description"": ""The testsuite for boost/asio is being compiled and run."", ""command"": ""b2 --j 9 test"", ""directory"": "".../boost/libs/asio""}"
14923,1768085080,1768085080,1768085081,"{""inverter"": 1, ""source"": ""workstation2_log"", ""device"": ""workstation2"", ""task_type"": ""compilation, CPU load"", ""cpu_cores_active"": ""1"", ""library"": ""boost/assert"", ""task_files"": 25, ""llm_estimated_task_effort"": ""low"", ""textual_description"": ""The testsuite for boost/assert is being compiled and run."", ""command"": ""b2 --j 1 test"", ""directory"": "".../boost/libs/assert""}"
14924,1768085171,1768085171,1768085172,"{""inverter"": 1, ""source"": ""workstation2_log"", ""device"": ""workstation2"", ""task_type"": ""compilation, CPU load"", ""cpu_cores_active"": ""10"", ""library"": ""boost/outcome"", ""task_files"": 55, ""llm_estimated_task_effort"": ""low"", ""textual_description"": ""The testsuite for boost/outcome is being compiled and run."", ""command"": ""b2 --j 10 test"", ""directory"": "".../boost/libs/outcome""}"
14925,1768085297,1768085297,1768085298,"{""inverter"": 1, ""source"": ""workstation2_log"", ""device"": ""workstation2"", ""task_type"": ""compilation, CPU load"", ""cpu_cores_active"": ""8"", ""library"": ""boost/hana"", ""task_files"": 831, ""llm_estimated_task_effort"": ""medium"", ""textual_description"": ""The testsuite for boost/hana is being compiled and run."", ""command"": ""b2 --j 8 test"", ""directory"": "".../boost/libs/hana""}"
14821,1768085384,1768085384,1768086673,"{""inverter"": 1, ""source"": ""workstation2_log"", ""device"": ""workstation2"", ""task_type"": ""CNN fitting, GPU load"", ""model"": ""swin_v2_s"", ""optim"": ""adam"", ""dataset"": ""CIFAR10"", ""batch_size"": 128, ""epochs"": 2, ""model_params"": 49737442, ""llm_estimated_task_effort"": ""high"", ""textual_description"": ""The model swin_v2_s is fitted on CIFAR10 using adam for 2 epochs with bs=128.""}"
14926,1768085459,1768085459,1768085460,"{""inverter"": 1, ""source"": ""workstation2_log"", ""device"": ""workstation2"", ""task_type"": ""compilation, CPU load"", ""cpu_cores_active"": ""5"", ""library"": ""boost/program_options"", ""task_files"": 26, ""llm_estimated_task_effort"": ""high"", ""textual_description"": ""The testsuite for boost/program_options is being compiled and run."", ""command"": ""b2 --j 5 test"", ""directory"": "".../boost/libs/program_options""}"
14927,1768085840,1768085840,1768085841,"{""inverter"": 1, ""source"": ""workstation2_log"", ""device"": ""workstation2"", ""task_type"": ""compilation, CPU load"", ""cpu_cores_active"": ""2"", ""library"": ""boost/beast"", ""task_files"": 471, ""llm_estimated_task_effort"": ""high"", ""textual_description"": ""The testsuite for boost/beast is being compiled and run."", ""command"": ""b2 --j 2 test"", ""directory"": "".../boost/libs/beast""}"
14928,1768086102,1768086102,1768086103,"{""inverter"": 1, ""source"": ""workstation2_log"", ""device"": ""workstation2"", ""task_type"": ""compilation, CPU load"", ""cpu_cores_active"": ""10"", ""library"": ""boost/mpl"", ""task_files"": 109, ""llm_estimated_task_effort"": ""low"", ""textual_description"": ""The testsuite for boost/mpl is being compiled and run."", ""command"": ""b2 --j 10 test"", ""directory"": "".../boost/libs/mpl""}"
14929,1768086109,1768086109,1768086110,"{""inverter"": 1, ""source"": ""workstation2_log"", ""device"": ""workstation2"", ""task_type"": ""compilation, CPU load"", ""cpu_cores_active"": ""3"", ""library"": ""boost/bimap"", ""task_files"": 36, ""llm_estimated_task_effort"": ""low"", ""textual_description"": ""The testsuite for boost/bimap is being compiled and run."", ""command"": ""b2 --j 3 test"", ""directory"": "".../boost/libs/bimap""}"
14930,1768086304,1768086304,1768089018,"{""inverter"": 1, ""source"": ""workstation1_log"", ""device"": ""workstation1"", ""task_type"": ""compilation, CPU load"", ""cpu_cores_active"": ""2"", ""library"": ""boost/math"", ""task_files"": 2611, ""llm_estimated_task_effort"": ""high"", ""textual_description"": ""The testsuite for boost/math is being compiled and run."", ""command"": ""b2 --j 2 test"", ""directory"": "".../boost/libs/math""}"
14931,1768086743,1768086743,1768086745,"{""inverter"": 1, ""source"": ""workstation2_log"", ""device"": ""workstation2"", ""task_type"": ""compilation, CPU load"", ""cpu_cores_active"": ""8"", ""library"": ""boost/poly_collection"", ""task_files"": 46, ""llm_estimated_task_effort"": ""low"", ""textual_description"": ""The testsuite for boost/poly_collection is being compiled and run."", ""command"": ""b2 --j 8 test"", ""directory"": "".../boost/libs/poly_collection""}"
14932,1768086767,1768086767,1768086768,"{""inverter"": 1, ""source"": ""workstation2_log"", ""device"": ""workstation2"", ""task_type"": ""compilation, CPU load"", ""cpu_cores_active"": ""3"", ""library"": ""boost/compute"", ""task_files"": 168, ""llm_estimated_task_effort"": ""high"", ""textual_description"": ""The testsuite for boost/compute is being compiled and run."", ""command"": ""b2 --j 3 test"", ""directory"": "".../boost/libs/compute""}"
14822,1768086833,1768086833,1768087187,"{""inverter"": 1, ""source"": ""workstation2_log"", ""device"": ""workstation2"", ""task_type"": ""CNN fitting, GPU load"", ""model"": ""vgg11"", ""optim"": ""adam"", ""dataset"": ""CIFAR10"", ""batch_size"": 128, ""epochs"": 2, ""model_params"": 132863336, ""llm_estimated_task_effort"": ""low"", ""textual_description"": ""The model vgg11 is fitted on CIFAR10 using adam for 2 epochs with bs=128.""}"
14933,1768087503,1768087503,1768087504,"{""inverter"": 1, ""source"": ""workstation2_log"", ""device"": ""workstation2"", ""task_type"": ""compilation, CPU load"", ""cpu_cores_active"": ""9"", ""library"": ""boost/dynamic_bitset"", ""task_files"": 13, ""llm_estimated_task_effort"": ""low"", ""textual_description"": ""The testsuite for boost/dynamic_bitset is being compiled and run."", ""command"": ""b2 --j 9 test"", ""directory"": "".../boost/libs/dynamic_bitset""}"
14823,1768087725,1768087725,1768088083,"{""inverter"": 1, ""source"": ""workstation2_log"", ""device"": ""workstation2"", ""task_type"": ""CNN fitting, GPU load"", ""model"": ""resnet18"", ""optim"": ""sgd"", ""dataset"": ""CIFAR10"", ""batch_size"": 128, ""epochs"": 2, ""model_params"": 11689512, ""llm_estimated_task_effort"": ""low"", ""textual_description"": ""The model resnet18 is fitted on CIFAR10 using sgd for 2 epochs with bs=128.""}"
14824,1768088284,1768088284,1768088797,"{""inverter"": 1, ""source"": ""workstation2_log"", ""device"": ""workstation2"", ""task_type"": ""CNN fitting, GPU load"", ""model"": ""wide_resnet50_2"", ""optim"": ""adam"", ""dataset"": ""CIFAR10"", ""batch_size"": 128, ""epochs"": 2, ""model_params"": 68883240, ""llm_estimated_task_effort"": ""high"", ""textual_description"": ""The model wide_resnet50_2 is fitted on CIFAR10 using adam for 2 epochs with bs=128.""}"
14934,1768089263,1768089263,1768089341,"{""inverter"": 1, ""source"": ""workstation1_log"", ""device"": ""workstation1"", ""task_type"": ""compilation, CPU load"", ""cpu_cores_active"": ""6"", ""library"": ""boost/align"", ""task_files"": 17, ""llm_estimated_task_effort"": ""low"", ""textual_description"": ""The testsuite for boost/align is being compiled and run."", ""command"": ""b2 --j 6 test"", ""directory"": "".../boost/libs/align""}"
14935,1768089363,1768089363,1768089484,"{""inverter"": 1, ""source"": ""workstation1_log"", ""device"": ""workstation1"", ""task_type"": ""compilation, CPU load"", ""cpu_cores_active"": ""1"", ""library"": ""boost/pool"", ""task_files"": 22, ""llm_estimated_task_effort"": ""low"", ""textual_description"": ""The testsuite for boost/pool is being compiled and run."", ""command"": ""b2 --j 1 test"", ""directory"": "".../boost/libs/pool""}"
14825,1768089448,1768089448,1768089804,"{""inverter"": 1, ""source"": ""workstation2_log"", ""device"": ""workstation2"", ""task_type"": ""CNN fitting, GPU load"", ""model"": ""vgg13"", ""optim"": ""adam"", ""dataset"": ""CIFAR10"", ""batch_size"": 128, ""epochs"": 2, ""model_params"": 133047848, ""llm_estimated_task_effort"": ""medium"", ""textual_description"": ""The model vgg13 is fitted on CIFAR10 using adam for 2 epochs with bs=128.""}"
14826,1768089811,1768089811,1768090157,"{""inverter"": 1, ""source"": ""workstation2_log"", ""device"": ""workstation2"", ""task_type"": ""CNN fitting, GPU load"", ""model"": ""vgg19"", ""optim"": ""adam"", ""dataset"": ""CIFAR10"", ""batch_size"": 128, ""epochs"": 2, ""model_params"": 143667240, ""llm_estimated_task_effort"": ""medium"", ""textual_description"": ""The model vgg19 is fitted on CIFAR10 using adam for 2 epochs with bs=128.""}"
14936,1768089907,1768089907,1768089992,"{""inverter"": 1, ""source"": ""workstation1_log"", ""device"": ""workstation1"", ""task_type"": ""compilation, CPU load"", ""cpu_cores_active"": ""10"", ""library"": ""boost/optional"", ""task_files"": 82, ""llm_estimated_task_effort"": ""low"", ""textual_description"": ""The testsuite for boost/optional is being compiled and run."", ""command"": ""b2 --j 10 test"", ""directory"": "".../boost/libs/optional""}"
14827,1768090226,1768090226,1768090999,"{""inverter"": 1, ""source"": ""workstation2_log"", ""device"": ""workstation2"", ""task_type"": ""CNN fitting, GPU load"", ""model"": ""densenet121"", ""optim"": ""sgd"", ""dataset"": ""CIFAR10"", ""batch_size"": 128, ""epochs"": 2, ""model_params"": 7978856, ""llm_estimated_task_effort"": ""medium"", ""textual_description"": ""The model densenet121 is fitted on CIFAR10 using sgd for 2 epochs with bs=128.""}"
14937,1768090886,1768090886,1768090886,"{""inverter"": 1, ""source"": ""workstation2_log"", ""device"": ""workstation2"", ""task_type"": ""compilation, CPU load"", ""cpu_cores_active"": ""10"", ""library"": ""boost/utility"", ""task_files"": 30, ""llm_estimated_task_effort"": ""low"", ""textual_description"": ""The testsuite for boost/utility is being compiled and run."", ""command"": ""b2 --j 10 test"", ""directory"": "".../boost/libs/utility""}"
14828,1768091095,1768091095,1768091551,"{""inverter"": 1, ""source"": ""workstation2_log"", ""device"": ""workstation2"", ""task_type"": ""CNN fitting, GPU load"", ""model"": ""wide_resnet50_2"", ""optim"": ""sgd"", ""dataset"": ""CIFAR10"", ""batch_size"": 128, ""epochs"": 2, ""model_params"": 68883240, ""llm_estimated_task_effort"": ""high"", ""textual_description"": ""The model wide_resnet50_2 is fitted on CIFAR10 using sgd for 2 epochs with bs=128.""}"
14938,1768091166,1768091166,1768091167,"{""inverter"": 1, ""source"": ""workstation2_log"", ""device"": ""workstation2"", ""task_type"": ""compilation, CPU load"", ""cpu_cores_active"": ""2"", ""library"": ""boost/range"", ""task_files"": 205, ""llm_estimated_task_effort"": ""low"", ""textual_description"": ""The testsuite for boost/range is being compiled and run."", ""command"": ""b2 --j 2 test"", ""directory"": "".../boost/libs/range""}"
14939,1768091777,1768091777,1768091876,"{""inverter"": 1, ""source"": ""workstation1_log"", ""device"": ""workstation1"", ""task_type"": ""compilation, CPU load"", ""cpu_cores_active"": ""8"", ""library"": ""boost/uuid"", ""task_files"": 68, ""llm_estimated_task_effort"": ""low"", ""textual_description"": ""The testsuite for boost/uuid is being compiled and run."", ""command"": ""b2 --j 8 test"", ""directory"": "".../boost/libs/uuid""}"
14940,1768091863,1768091863,1768091864,"{""inverter"": 1, ""source"": ""workstation2_log"", ""device"": ""workstation2"", ""task_type"": ""compilation, CPU load"", ""cpu_cores_active"": ""3"", ""library"": ""boost/thread"", ""task_files"": 439, ""llm_estimated_task_effort"": ""high"", ""textual_description"": ""The testsuite for boost/thread is being compiled and run."", ""command"": ""b2 --j 3 test"", ""directory"": "".../boost/libs/thread""}"
14941,1768091892,1768091892,1768091992,"{""inverter"": 1, ""source"": ""workstation1_log"", ""device"": ""workstation1"", ""task_type"": ""compilation, CPU load"", ""cpu_cores_active"": ""6"", ""library"": ""boost/dll"", ""task_files"": 29, ""llm_estimated_task_effort"": ""low"", ""textual_description"": ""The testsuite for boost/dll is being compiled and run."", ""command"": ""b2 --j 6 test"", ""directory"": "".../boost/libs/dll""}"
14942,1768092017,1768092017,1768092017,"{""inverter"": 1, ""source"": ""workstation2_log"", ""device"": ""workstation2"", ""task_type"": ""compilation, CPU load"", ""cpu_cores_active"": ""3"", ""library"": ""boost/scope"", ""task_files"": 27, ""llm_estimated_task_effort"": ""low"", ""textual_description"": ""The testsuite for boost/scope is being compiled and run."", ""command"": ""b2 --j 3 test"", ""directory"": "".../boost/libs/scope""}"
14943,1768092259,1768092259,1768092259,"{""inverter"": 1, ""source"": ""workstation2_log"", ""device"": ""workstation2"", ""task_type"": ""compilation, CPU load"", ""cpu_cores_active"": ""9"", ""library"": ""boost/dll"", ""task_files"": 29, ""llm_estimated_task_effort"": ""low"", ""textual_description"": ""The testsuite for boost/dll is being compiled and run."", ""command"": ""b2 --j 9 test"", ""directory"": "".../boost/libs/dll""}"
14829,1768092421,1768092421,1768093718,"{""inverter"": 1, ""source"": ""workstation2_log"", ""device"": ""workstation2"", ""task_type"": ""CNN fitting, GPU load"", ""model"": ""swin_v2_s"", ""optim"": ""adam"", ""dataset"": ""CIFAR10"", ""batch_size"": 128, ""epochs"": 2, ""model_params"": 49737442, ""llm_estimated_task_effort"": ""high"", ""textual_description"": ""The model swin_v2_s is fitted on CIFAR10 using adam for 2 epochs with bs=128.""}"
14944,1768092948,1768092948,1768092950,"{""inverter"": 1, ""source"": ""workstation2_log"", ""device"": ""workstation2"", ""task_type"": ""compilation, CPU load"", ""cpu_cores_active"": ""9"", ""library"": ""boost/sort"", ""task_files"": 17, ""llm_estimated_task_effort"": ""low"", ""textual_description"": ""The testsuite for boost/sort is being compiled and run."", ""command"": ""b2 --j 9 test"", ""directory"": "".../boost/libs/sort""}"
14945,1768093836,1768093836,1768093938,"{""inverter"": 1, ""source"": ""workstation1_log"", ""device"": ""workstation1"", ""task_type"": ""compilation, CPU load"", ""cpu_cores_active"": ""4"", ""library"": ""boost/mpl"", ""task_files"": 109, ""llm_estimated_task_effort"": ""low"", ""textual_description"": ""The testsuite for boost/mpl is being compiled and run."", ""command"": ""b2 --j 4 test"", ""directory"": "".../boost/libs/mpl""}"
14830,1768094057,1768094057,1768094415,"{""inverter"": 1, ""source"": ""workstation2_log"", ""device"": ""workstation2"", ""task_type"": ""CNN fitting, GPU load"", ""model"": ""vgg11"", ""optim"": ""adam"", ""dataset"": ""CIFAR10"", ""batch_size"": 128, ""epochs"": 2, ""model_params"": 132863336, ""llm_estimated_task_effort"": ""low"", ""textual_description"": ""The model vgg11 is fitted on CIFAR10 using adam for 2 epochs with bs=128.""}"
14946,1768094650,1768094650,1768094650,"{""inverter"": 1, ""source"": ""workstation2_log"", ""device"": ""workstation2"", ""task_type"": ""compilation, CPU load"", ""cpu_cores_active"": ""10"", ""library"": ""boost/multi_index"", ""task_files"": 92, ""llm_estimated_task_effort"": ""low"", ""textual_description"": ""The testsuite for boost/multi_index is being compiled and run."", ""command"": ""b2 --j 10 test"", ""directory"": "".../boost/libs/multi_index""}"
14947,1768094981,1768094981,1768094982,"{""inverter"": 1, ""source"": ""workstation2_log"", ""device"": ""workstation2"", ""task_type"": ""compilation, CPU load"", ""cpu_cores_active"": ""10"", ""library"": ""boost/property_map_parallel"", ""task_files"": 0, ""llm_estimated_task_effort"": ""low"", ""textual_description"": ""The testsuite for boost/property_map_parallel is being compiled and run."", ""command"": ""b2 --j 10 test"", ""directory"": "".../boost/libs/property_map_parallel""}"
14948,1768095010,1768095010,1768095324,"{""inverter"": 1, ""source"": ""workstation1_log"", ""device"": ""workstation1"", ""task_type"": ""compilation, CPU load"", ""cpu_cores_active"": ""3"", ""library"": ""boost/asio"", ""task_files"": 386, ""llm_estimated_task_effort"": ""high"", ""textual_description"": ""The testsuite for boost/asio is being compiled and run."", ""command"": ""b2 --j 3 test"", ""directory"": "".../boost/libs/asio""}"
14949,1768095612,1768095612,1768095693,"{""inverter"": 1, ""source"": ""workstation1_log"", ""device"": ""workstation1"", ""task_type"": ""compilation, CPU load"", ""cpu_cores_active"": ""4"", ""library"": ""boost/typeof"", ""task_files"": 33, ""llm_estimated_task_effort"": ""low"", ""textual_description"": ""The testsuite for boost/typeof is being compiled and run."", ""command"": ""b2 --j 4 test"", ""directory"": "".../boost/libs/typeof""}"
14831,1768095681,1768095681,1768096975,"{""inverter"": 1, ""source"": ""workstation2_log"", ""device"": ""workstation2"", ""task_type"": ""CNN fitting, GPU load"", ""model"": ""swin_v2_s"", ""optim"": ""adam"", ""dataset"": ""CIFAR10"", ""batch_size"": 128, ""epochs"": 2, ""model_params"": 49737442, ""llm_estimated_task_effort"": ""high"", ""textual_description"": ""The model swin_v2_s is fitted on CIFAR10 using adam for 2 epochs with bs=128.""}"
14950,1768095751,1768095751,1768095839,"{""inverter"": 1, ""source"": ""workstation1_log"", ""device"": ""workstation1"", ""task_type"": ""compilation, CPU load"", ""cpu_cores_active"": ""9"", ""library"": ""boost/lambda"", ""task_files"": 27, ""llm_estimated_task_effort"": ""low"", ""textual_description"": ""The testsuite for boost/lambda is being compiled and run."", ""command"": ""b2 --j 9 test"", ""directory"": "".../boost/libs/lambda""}"
14951,1768095899,1768095899,1768095982,"{""inverter"": 1, ""source"": ""workstation1_log"", ""device"": ""workstation1"", ""task_type"": ""compilation, CPU load"", ""cpu_cores_active"": ""10"", ""library"": ""boost/stl_interfaces"", ""task_files"": 18, ""llm_estimated_task_effort"": ""low"", ""textual_description"": ""The testsuite for boost/stl_interfaces is being compiled and run."", ""command"": ""b2 --j 10 test"", ""directory"": "".../boost/libs/stl_interfaces""}"
14952,1768096376,1768096376,1768096461,"{""inverter"": 1, ""source"": ""workstation1_log"", ""device"": ""workstation1"", ""task_type"": ""compilation, CPU load"", ""cpu_cores_active"": ""4"", ""library"": ""boost/config"", ""task_files"": 754, ""llm_estimated_task_effort"": ""low"", ""textual_description"": ""The testsuite for boost/config is being compiled and run."", ""command"": ""b2 --j 4 test"", ""directory"": "".../boost/libs/config""}"
14953,1768096552,1768096552,1768096645,"{""inverter"": 1, ""source"": ""workstation1_log"", ""device"": ""workstation1"", ""task_type"": ""compilation, CPU load"", ""cpu_cores_active"": ""7"", ""library"": ""boost/charconv"", ""task_files"": 44, ""llm_estimated_task_effort"": ""low"", ""textual_description"": ""The testsuite for boost/charconv is being compiled and run."", ""command"": ""b2 --j 7 test"", ""directory"": "".../boost/libs/charconv""}"
14954,1768097077,1768097077,1768097078,"{""inverter"": 1, ""source"": ""workstation2_log"", ""device"": ""workstation2"", ""task_type"": ""compilation, CPU load"", ""cpu_cores_active"": ""8"", ""library"": ""boost/circular_buffer"", ""task_files"": 8, ""llm_estimated_task_effort"": ""low"", ""textual_description"": ""The testsuite for boost/circular_buffer is being compiled and run."", ""command"": ""b2 --j 8 test"", ""directory"": "".../boost/libs/circular_buffer""}"
14955,1768097177,1768097177,1768097305,"{""inverter"": 1, ""source"": ""workstation1_log"", ""device"": ""workstation1"", ""task_type"": ""compilation, CPU load"", ""cpu_cores_active"": ""4"", ""library"": ""boost/signals2"", ""task_files"": 23, ""llm_estimated_task_effort"": ""low"", ""textual_description"": ""The testsuite for boost/signals2 is being compiled and run."", ""command"": ""b2 --j 4 test"", ""directory"": "".../boost/libs/signals2""}"
14956,1768097196,1768097196,1768097197,"{""inverter"": 1, ""source"": ""workstation2_log"", ""device"": ""workstation2"", ""task_type"": ""compilation, CPU load"", ""cpu_cores_active"": ""2"", ""library"": ""boost/bloom"", ""task_files"": 14, ""llm_estimated_task_effort"": ""low"", ""textual_description"": ""The testsuite for boost/bloom is being compiled and run."", ""command"": ""b2 --j 2 test"", ""directory"": "".../boost/libs/bloom""}"
14832,1768097421,1768097421,1768097760,"{""inverter"": 1, ""source"": ""workstation2_log"", ""device"": ""workstation2"", ""task_type"": ""CNN fitting, GPU load"", ""model"": ""vgg13"", ""optim"": ""sgd"", ""dataset"": ""CIFAR10"", ""batch_size"": 128, ""epochs"": 2, ""model_params"": 133047848, ""llm_estimated_task_effort"": ""medium"", ""textual_description"": ""The model vgg13 is fitted on CIFAR10 using sgd for 2 epochs with bs=128.""}"
14957,1768097678,1768097678,1768097679,"{""inverter"": 1, ""source"": ""workstation2_log"", ""device"": ""workstation2"", ""task_type"": ""compilation, CPU load"", ""cpu_cores_active"": ""2"", ""library"": ""boost/type_index"", ""task_files"": 19, ""llm_estimated_task_effort"": ""low"", ""textual_description"": ""The testsuite for boost/type_index is being compiled and run."", ""command"": ""b2 --j 2 test"", ""directory"": "".../boost/libs/type_index""}"
14958,1768097740,1768097740,1768097741,"{""inverter"": 1, ""source"": ""workstation2_log"", ""device"": ""workstation2"", ""task_type"": ""compilation, CPU load"", ""cpu_cores_active"": ""10"", ""library"": ""boost/typeof"", ""task_files"": 33, ""llm_estimated_task_effort"": ""low"", ""textual_description"": ""The testsuite for boost/typeof is being compiled and run."", ""command"": ""b2 --j 10 test"", ""directory"": "".../boost/libs/typeof""}"
14959,1768097775,1768097775,1768097775,"{""inverter"": 1, ""source"": ""workstation2_log"", ""device"": ""workstation2"", ""task_type"": ""compilation, CPU load"", ""cpu_cores_active"": ""3"", ""library"": ""boost/function_types"", ""task_files"": 47, ""llm_estimated_task_effort"": ""low"", ""textual_description"": ""The testsuite for boost/function_types is being compiled and run."", ""command"": ""b2 --j 3 test"", ""directory"": "".../boost/libs/function_types""}"
14960,1768098250,1768098250,1768098329,"{""inverter"": 1, ""source"": ""workstation1_log"", ""device"": ""workstation1"", ""task_type"": ""compilation, CPU load"", ""cpu_cores_active"": ""9"", ""library"": ""boost/crc"", ""task_files"": 10, ""llm_estimated_task_effort"": ""low"", ""textual_description"": ""The testsuite for boost/crc is being compiled and run."", ""command"": ""b2 --j 9 test"", ""directory"": "".../boost/libs/crc""}"
14833,1768098338,1768098338,1768098695,"{""inverter"": 1, ""source"": ""workstation2_log"", ""device"": ""workstation2"", ""task_type"": ""CNN fitting, GPU load"", ""model"": ""vgg11"", ""optim"": ""adam"", ""dataset"": ""CIFAR10"", ""batch_size"": 128, ""epochs"": 2, ""model_params"": 132863336, ""llm_estimated_task_effort"": ""low"", ""textual_description"": ""The model vgg11 is fitted on CIFAR10 using adam for 2 epochs with bs=128.""}"
14961,1768098614,1768098614,1768098815,"{""inverter"": 1, ""source"": ""workstation1_log"", ""device"": ""workstation1"", ""task_type"": ""compilation, CPU load"", ""cpu_cores_active"": ""2"", ""library"": ""boost/json"", ""task_files"": 417, ""llm_estimated_task_effort"": ""high"", ""textual_description"": ""The testsuite for boost/json is being compiled and run."", ""command"": ""b2 --j 2 test"", ""directory"": "".../boost/libs/json""}"
14834,1768098779,1768098779,1768099129,"{""inverter"": 1, ""source"": ""workstation2_log"", ""device"": ""workstation2"", ""task_type"": ""CNN fitting, GPU load"", ""model"": ""vgg13"", ""optim"": ""sgd"", ""dataset"": ""CIFAR10"", ""batch_size"": 128, ""epochs"": 2, ""model_params"": 133047848, ""llm_estimated_task_effort"": ""medium"", ""textual_description"": ""The model vgg13 is fitted on CIFAR10 using sgd for 2 epochs with bs=128.""}"
14962,1768099771,1768099771,1768099910,"{""inverter"": 1, ""source"": ""workstation1_log"", ""device"": ""workstation1"", ""task_type"": ""compilation, CPU load"", ""cpu_cores_active"": ""4"", ""library"": ""boost/histogram"", ""task_files"": 131, ""llm_estimated_task_effort"": ""medium"", ""textual_description"": ""The testsuite for boost/histogram is being compiled and run."", ""command"": ""b2 --j 4 test"", ""directory"": "".../boost/libs/histogram""}"
14963,1768100125,1768100125,1768100126,"{""inverter"": 1, ""source"": ""workstation2_log"", ""device"": ""workstation2"", ""task_type"": ""compilation, CPU load"", ""cpu_cores_active"": ""3"", ""library"": ""boost/iterator"", ""task_files"": 55, ""llm_estimated_task_effort"": ""low"", ""textual_description"": ""The testsuite for boost/iterator is being compiled and run."", ""command"": ""b2 --j 3 test"", ""directory"": "".../boost/libs/iterator""}"
14835,1768100292,1768100292,1768100682,"{""inverter"": 1, ""source"": ""workstation2_log"", ""device"": ""workstation2"", ""task_type"": ""CNN fitting, GPU load"", ""model"": ""resnet18"", ""optim"": ""adam"", ""dataset"": ""CIFAR10"", ""batch_size"": 128, ""epochs"": 2, ""model_params"": 11689512, ""llm_estimated_task_effort"": ""low"", ""textual_description"": ""The model resnet18 is fitted on CIFAR10 using adam for 2 epochs with bs=128.""}"
14836,1768100801,1768100801,1768101315,"{""inverter"": 1, ""source"": ""workstation2_log"", ""device"": ""workstation2"", ""task_type"": ""CNN fitting, GPU load"", ""model"": ""wide_resnet50_2"", ""optim"": ""adam"", ""dataset"": ""CIFAR10"", ""batch_size"": 128, ""epochs"": 2, ""model_params"": 68883240, ""llm_estimated_task_effort"": ""high"", ""textual_description"": ""The model wide_resnet50_2 is fitted on CIFAR10 using adam for 2 epochs with bs=128.""}"
14837,1768101656,1768101656,1768102020,"{""inverter"": 1, ""source"": ""workstation2_log"", ""device"": ""workstation2"", ""task_type"": ""CNN fitting, GPU load"", ""model"": ""resnet18"", ""optim"": ""sgd"", ""dataset"": ""CIFAR10"", ""batch_size"": 128, ""epochs"": 2, ""model_params"": 11689512, ""llm_estimated_task_effort"": ""low"", ""textual_description"": ""The model resnet18 is fitted on CIFAR10 using sgd for 2 epochs with bs=128.""}"
14964,1768101736,1768101736,1768101822,"{""inverter"": 1, ""source"": ""workstation1_log"", ""device"": ""workstation1"", ""task_type"": ""compilation, CPU load"", ""cpu_cores_active"": ""7"", ""library"": ""boost/nowide"", ""task_files"": 25, ""llm_estimated_task_effort"": ""low"", ""textual_description"": ""The testsuite for boost/nowide is being compiled and run."", ""command"": ""b2 --j 7 test"", ""directory"": "".../boost/libs/nowide""}"
14965,1768101799,1768101799,1768101800,"{""inverter"": 1, ""source"": ""workstation2_log"", ""device"": ""workstation2"", ""task_type"": ""compilation, CPU load"", ""cpu_cores_active"": ""7"", ""library"": ""boost/wave"", ""task_files"": 287, ""llm_estimated_task_effort"": ""high"", ""textual_description"": ""The testsuite for boost/wave is being compiled and run."", ""command"": ""b2 --j 7 test"", ""directory"": "".../boost/libs/wave""}"
14966,1768101978,1768101978,1768101980,"{""inverter"": 1, ""source"": ""workstation2_log"", ""device"": ""workstation2"", ""task_type"": ""compilation, CPU load"", ""cpu_cores_active"": ""9"", ""library"": ""boost/range"", ""task_files"": 205, ""llm_estimated_task_effort"": ""low"", ""textual_description"": ""The testsuite for boost/range is being compiled and run."", ""command"": ""b2 --j 9 test"", ""directory"": "".../boost/libs/range""}"
14967,1768102055,1768102055,1768102155,"{""inverter"": 1, ""source"": ""workstation1_log"", ""device"": ""workstation1"", ""task_type"": ""compilation, CPU load"", ""cpu_cores_active"": ""9"", ""library"": ""boost/process"", ""task_files"": 76, ""llm_estimated_task_effort"": ""medium"", ""textual_description"": ""The testsuite for boost/process is being compiled and run."", ""command"": ""b2 --j 9 test"", ""directory"": "".../boost/libs/process""}"
14968,1768102247,1768102247,1768102380,"{""inverter"": 1, ""source"": ""workstation1_log"", ""device"": ""workstation1"", ""task_type"": ""compilation, CPU load"", ""cpu_cores_active"": ""4"", ""library"": ""boost/msm"", ""task_files"": 57, ""llm_estimated_task_effort"": ""high"", ""textual_description"": ""The testsuite for boost/msm is being compiled and run."", ""command"": ""b2 --j 4 test"", ""directory"": "".../boost/libs/msm""}"
14969,1768102290,1768102290,1768102291,"{""inverter"": 1, ""source"": ""workstation2_log"", ""device"": ""workstation2"", ""task_type"": ""compilation, CPU load"", ""cpu_cores_active"": ""9"", ""library"": ""boost/winapi"", ""task_files"": 59, ""llm_estimated_task_effort"": ""low"", ""textual_description"": ""The testsuite for boost/winapi is being compiled and run."", ""command"": ""b2 --j 9 test"", ""directory"": "".../boost/libs/winapi""}"
14970,1768102481,1768102481,1768102657,"{""inverter"": 1, ""source"": ""workstation1_log"", ""device"": ""workstation1"", ""task_type"": ""compilation, CPU load"", ""cpu_cores_active"": ""3"", ""library"": ""boost/icl"", ""task_files"": 288, ""llm_estimated_task_effort"": ""low"", ""textual_description"": ""The testsuite for boost/icl is being compiled and run."", ""command"": ""b2 --j 3 test"", ""directory"": "".../boost/libs/icl""}"
14971,1768103145,1768103145,1768103248,"{""inverter"": 1, ""source"": ""workstation1_log"", ""device"": ""workstation1"", ""task_type"": ""compilation, CPU load"", ""cpu_cores_active"": ""4"", ""library"": ""boost/local_function"", ""task_files"": 86, ""llm_estimated_task_effort"": ""low"", ""textual_description"": ""The testsuite for boost/local_function is being compiled and run."", ""command"": ""b2 --j 4 test"", ""directory"": "".../boost/libs/local_function""}"
14972,1768103466,1768103466,1768103562,"{""inverter"": 1, ""source"": ""workstation1_log"", ""device"": ""workstation1"", ""task_type"": ""compilation, CPU load"", ""cpu_cores_active"": ""1"", ""library"": ""boost/property_map"", ""task_files"": 9, ""llm_estimated_task_effort"": ""low"", ""textual_description"": ""The testsuite for boost/property_map is being compiled and run."", ""command"": ""b2 --j 1 test"", ""directory"": "".../boost/libs/property_map""}"
14973,1768104099,1768104099,1768104215,"{""inverter"": 1, ""source"": ""workstation1_log"", ""device"": ""workstation1"", ""task_type"": ""compilation, CPU load"", ""cpu_cores_active"": ""7"", ""library"": ""boost/accumulators"", ""task_files"": 52, ""llm_estimated_task_effort"": ""medium"", ""textual_description"": ""The testsuite for boost/accumulators is being compiled and run."", ""command"": ""b2 --j 7 test"", ""directory"": "".../boost/libs/accumulators""}"
14974,1768104819,1768104819,1768104911,"{""inverter"": 1, ""source"": ""workstation1_log"", ""device"": ""workstation1"", ""task_type"": ""compilation, CPU load"", ""cpu_cores_active"": ""6"", ""library"": ""boost/bimap"", ""task_files"": 36, ""llm_estimated_task_effort"": ""low"", ""textual_description"": ""The testsuite for boost/bimap is being compiled and run."", ""command"": ""b2 --j 6 test"", ""directory"": "".../boost/libs/bimap""}"
14975,1768106595,1768106595,1768106978,"{""inverter"": 1, ""source"": ""workstation1_log"", ""device"": ""workstation1"", ""task_type"": ""compilation, CPU load"", ""cpu_cores_active"": ""1"", ""library"": ""boost/url"", ""task_files"": 105, ""llm_estimated_task_effort"": ""low"", ""textual_description"": ""The testsuite for boost/url is being compiled and run."", ""command"": ""b2 --j 1 test"", ""directory"": "".../boost/libs/url""}"
14976,1768107861,1768107861,1768107958,"{""inverter"": 1, ""source"": ""workstation1_log"", ""device"": ""workstation1"", ""task_type"": ""compilation, CPU load"", ""cpu_cores_active"": ""6"", ""library"": ""boost/lockfree"", ""task_files"": 24, ""llm_estimated_task_effort"": ""high"", ""textual_description"": ""The testsuite for boost/lockfree is being compiled and run."", ""command"": ""b2 --j 6 test"", ""directory"": "".../boost/libs/lockfree""}"
14977,1768108224,1768108224,1768108325,"{""inverter"": 1, ""source"": ""workstation1_log"", ""device"": ""workstation1"", ""task_type"": ""compilation, CPU load"", ""cpu_cores_active"": ""1"", ""library"": ""boost/preprocessor"", ""task_files"": 73, ""llm_estimated_task_effort"": ""medium"", ""textual_description"": ""The testsuite for boost/preprocessor is being compiled and run."", ""command"": ""b2 --j 1 test"", ""directory"": "".../boost/libs/preprocessor""}"
14978,1768109123,1768109123,1768109251,"{""inverter"": 1, ""source"": ""workstation1_log"", ""device"": ""workstation1"", ""task_type"": ""compilation, CPU load"", ""cpu_cores_active"": ""1"", ""library"": ""boost/array"", ""task_files"": 52, ""llm_estimated_task_effort"": ""low"", ""textual_description"": ""The testsuite for boost/array is being compiled and run."", ""command"": ""b2 --j 1 test"", ""directory"": "".../boost/libs/array""}"
14979,1768109479,1768109479,1768109551,"{""inverter"": 1, ""source"": ""workstation1_log"", ""device"": ""workstation1"", ""task_type"": ""compilation, CPU load"", ""cpu_cores_active"": ""3"", ""library"": ""boost/property_map_parallel"", ""task_files"": 0, ""llm_estimated_task_effort"": ""low"", ""textual_description"": ""The testsuite for boost/property_map_parallel is being compiled and run."", ""command"": ""b2 --j 3 test"", ""directory"": "".../boost/libs/property_map_parallel""}"
14980,1768110821,1768110821,1768110924,"{""inverter"": 1, ""source"": ""workstation1_log"", ""device"": ""workstation1"", ""task_type"": ""compilation, CPU load"", ""cpu_cores_active"": ""9"", ""library"": ""boost/safe_numerics"", ""task_files"": 152, ""llm_estimated_task_effort"": ""low"", ""textual_description"": ""The testsuite for boost/safe_numerics is being compiled and run."", ""command"": ""b2 --j 9 test"", ""directory"": "".../boost/libs/safe_numerics""}"
14981,1768111002,1768111002,1768111150,"{""inverter"": 1, ""source"": ""workstation1_log"", ""device"": ""workstation1"", ""task_type"": ""compilation, CPU load"", ""cpu_cores_active"": ""3"", ""library"": ""boost/mqtt5"", ""task_files"": 45, ""llm_estimated_task_effort"": ""medium"", ""textual_description"": ""The testsuite for boost/mqtt5 is being compiled and run."", ""command"": ""b2 --j 3 test"", ""directory"": "".../boost/libs/mqtt5""}"
14982,1768111946,1768111946,1768112064,"{""inverter"": 1, ""source"": ""workstation1_log"", ""device"": ""workstation1"", ""task_type"": ""compilation, CPU load"", ""cpu_cores_active"": ""6"", ""library"": ""boost/safe_numerics"", ""task_files"": 152, ""llm_estimated_task_effort"": ""low"", ""textual_description"": ""The testsuite for boost/safe_numerics is being compiled and run."", ""command"": ""b2 --j 6 test"", ""directory"": "".../boost/libs/safe_numerics""}"
14983,1768112884,1768112884,1768112980,"{""inverter"": 1, ""source"": ""workstation1_log"", ""device"": ""workstation1"", ""task_type"": ""compilation, CPU load"", ""cpu_cores_active"": ""10"", ""library"": ""boost/chrono"", ""task_files"": 67, ""llm_estimated_task_effort"": ""low"", ""textual_description"": ""The testsuite for boost/chrono is being compiled and run."", ""command"": ""b2 --j 10 test"", ""directory"": "".../boost/libs/chrono""}"
